340,000	780,000	1120,000	3,933	17,949	56,134	6,000	53,663	22,168	14,068	3,097	56,364	140,000	0,000	75726,678	75727,680	75729,965	75730,315	75730,455	75731,106	0,000	28646,678	28647,680	28649,965	28650,315	28650,455	28651,106	16,706	14,626	2,426	2,143	-13,440	13,440	23,346	21,956	1,000	441,000	164,000	571,022	215,467
420,000	670,000	1090,000	1,188	19,403	54,389	6,000	53,765	19,056	14,283	2,882	56,962	130,000	0,000	75732,895	75733,895	75737,161	75737,585	75737,715	75738,266	0,000	28652,895	28653,895	28657,161	28657,585	28657,715	28658,266	14,206	12,741	2,364	1,791	-13,440	13,440	23,261	23,485	1,000	531,000	229,000	571,022	215,467
450,000	960,000	1410,000	1,224	12,500	53,077	8,000	54,455	18,336	14,921	2,244	57,217	120,000	0,000	75740,708	75741,709	75744,556	75745,016	75745,136	75745,985	0,000	28660,709	28661,709	28664,556	28665,016	28665,136	28665,985	13,895	11,954	1,805	1,498	-13,440	13,440	16,966	17,892	1,000	549,000	253,000	571,022	215,467
400,000	600,000	1000,000	1,965	30,000	63,528	4,000	54,170	19,257	11,604	5,562	56,190	180,000	0,000	75748,457	75749,457	75751,208	75751,616	75751,796	75752,225	0,000	28668,457	28669,457	28671,208	28671,616	28671,796	28672,225	14,601	12,407	4,352	3,760	-13,440	13,440	30,892	34,420	1,000	506,000	241,000	571,022	215,467
30,000	780,000	810,000	1,292	19,231	64,823	3,000	54,364	19,437	17,032	0,133	57,004	150,000	0,000	75754,581	75755,581	75758,094	75758,294	75758,444	75759,075	0,000	28674,581	28675,581	28678,094	28678,294	28678,444	28679,075	14,882	12,662	0,122	0,155	-13,440	13,440	2,735	0,288	1,000	535,000	244,000	571,022	215,467
390,000	620,000	1010,000	1,733	98,387	76,583	0,000	54,274	20,042	2,877	20,042	54,274	610,000	0,000	75801,405	75802,406	75803,593	75803,986	75804,596	75804,616	0,000	28681,406	28682,406	28683,593	28683,986	28684,596	28684,616	15,191	13,027	15,193	13,029	-13,440	13,440	NaN	5,215	1,000	510,000	224,000	571,022	215,467
380,000	560,000	940,000	1,189	98,214	68,802	0,000	53,762	19,347	2,179	19,344	53,762	550,000	0,000	75807,244	75808,244	75810,468	75810,855	75811,405	75811,425	0,000	28687,244	28688,244	28690,468	28690,855	28691,405	28691,425	14,403	13,054	14,403	13,052	-13,440	13,440	NaN	7,866	1,000	529,000	211,000	571,022	215,467
310,000	610,000	920,000	1,497	29,508	78,937	4,000	53,649	20,296	13,918	3,247	56,008	180,000	0,000	75813,619	75814,619	75815,824	75816,145	75816,325	75816,765	0,000	28693,619	28694,619	28695,824	28696,145	28696,325	28696,765	15,244	13,614	2,471	2,522	-13,440	13,440	21,774	23,427	1,000	518,000	211,000	571,022	215,467
390,000	540,000	930,000	0,785	57,407	60,950	2,000	53,881	18,066	3,559	13,606	54,417	310,000	0,000	75818,932	75819,931	75822,351	75822,745	75823,055	75823,295	0,000	28698,932	28699,931	28702,351	28702,745	28703,055	28703,295	13,389	12,150	10,074	9,678	-13,440	13,440	53,512	56,866	1,000	556,000	239,000	571,022	215,467
470,000	550,000	1020,000	1,078	98,182	73,152	0,000	53,687	18,939	1,771	18,936	53,687	540,000	0,000	75825,580	75826,579	75829,671	75830,145	75830,685	75830,705	0,000	28705,580	28706,579	28709,671	28710,145	28710,685	28710,705	14,065	12,690	14,065	12,688	-13,440	13,440	NaN	4,081	1,000	536,000	231,000	571,022	215,467
390,000	570,000	960,000	1,046	56,140	60,196	2,000	54,069	18,397	3,963	13,202	54,882	320,000	0,000	75832,900	75833,902	75837,201	75837,595	75837,915	75838,175	0,000	28712,900	28713,902	28717,202	28717,595	28717,915	28718,176	13,810	12,209	10,048	9,150	-13,440	13,440	54,663	56,568	1,000	553,000	248,000	571,022	215,467
510,000	700,000	1210,000	2,068	45,714	61,571	4,000	54,063	19,971	4,754	12,411	54,901	320,000	0,000	75841,110	75842,111	75845,033	75845,545	75845,865	75846,255	0,000	28721,111	28722,111	28725,033	28725,545	28725,865	28726,255	15,192	12,968	9,531	8,528	-13,440	13,440	46,487	50,975	1,000	498,000	224,000	571,022	215,467
400,000	620,000	1020,000	0,756	88,710	69,753	2,000	53,737	18,554	1,174	18,339	53,929	550,000	0,000	75848,998	75849,999	75853,024	75853,427	75853,977	75854,055	0,000	28728,998	28729,999	28733,025	28733,427	28733,977	28734,055	13,700	12,547	13,573	12,425	-13,440	13,440	1,368	6,634	1,000	560,000	240,000	571,022	215,467
380,000	540,000	920,000	1,256	50,000	67,858	2,000	53,906	19,142	7,961	9,205	55,079	270,000	0,000	75856,653	75857,654	75859,873	75900,255	75900,525	75900,806	0,000	28736,653	28737,654	28739,873	28740,255	28740,525	28740,806	14,434	12,637	6,984	6,705	-13,440	13,440	31,391	46,372	1,000	544,000	251,000	571,022	215,467
60,000	50,000	110,000	19,162	0,000	0,552	0,000	56,611	0,024	17,165	0,000	56,587	0,000	0,000	75903,122	75904,122	75906,419	75906,621	75906,621	75906,676	0,000	28743,122	28744,122	28746,419	28746,621	28746,621	28746,676	0,030	0,000	0,003	0,000	-13,440	13,440	0,048	NaN	1,000	1054,000	696,000	571,022	215,467
570,000	580,000	1150,000	1,118	31,034	75,515	2,000	53,536	19,191	12,503	4,662	55,872	180,000	0,000	75909,822	75910,822	75912,975	75913,555	75913,735	75914,146	0,000	28749,822	28750,822	28752,975	28753,555	28753,735	28754,146	14,315	12,882	3,581	3,443	-13,440	13,440	28,662	27,581	1,000	537,000	236,000	571,022	215,467
440,000	500,000	940,000	2,472	28,000	78,611	4,000	53,804	20,296	13,094	4,071	56,149	140,000	0,000	75916,196	75917,196	75919,825	75920,276	75920,416	75920,786	0,000	28756,196	28757,196	28759,825	28760,276	28760,416	28760,786	15,219	13,364	3,061	3,021	-13,440	13,440	14,585	27,285	1,000	484,000	203,000	571,022	215,467
390,000	690,000	1080,000	0,975	23,188	66,139	4,000	52,860	17,240	12,068	5,098	55,739	160,000	0,000	75923,483	75924,484	75926,782	75927,176	75927,336	75927,876	0,000	28763,483	28764,484	28766,782	28767,176	28767,336	28767,876	12,150	12,433	3,701	3,985	-13,440	13,440	33,751	30,774	1,000	602,000	231,000	571,022	215,467
400,000	510,000	910,000	1,532	25,490	79,805	4,000	53,341	19,607	12,891	4,274	56,143	130,000	0,000	75930,783	75931,783	75935,377	75935,785	75935,915	75936,305	0,000	28770,783	28771,783	28775,377	28775,785	28775,915	28776,305	14,287	13,361	3,102	3,212	-13,440	13,440	31,218	32,524	1,000	518,000	203,000	571,022	215,467
540,000	490,000	1030,000	1,686	89,796	89,379	1,000	53,296	19,611	2,348	19,513	53,334	440,000	0,000	75938,669	75939,669	75940,850	75941,397	75941,837	75941,895	0,000	28778,669	28779,669	28780,850	28781,397	28781,837	28781,895	14,207	13,531	14,153	13,485	-13,440	13,440	1,173	1,099	1,000	520,000	184,000	571,022	215,467
510,000	550,000	1060,000	0,434	56,364	73,040	3,000	53,402	19,248	2,027	15,138	53,807	310,000	0,000	75944,559	75945,559	75948,111	75948,626	75948,936	75949,186	0,000	28784,559	28785,559	28788,111	28788,626	28788,936	28789,186	14,123	13,220	11,083	11,081	-13,440	13,440	65,143	67,129	1,000	556,000	219,000	571,022	215,467
440,000	450,000	890,000	2,079	97,778	73,142	0,000	53,256	16,156	1,011	16,154	53,256	440,000	0,000	75952,310	75953,309	75956,218	75956,666	75957,106	75957,125	0,000	28792,310	28793,309	28796,218	28796,666	28797,106	28797,125	11,504	11,447	11,503	11,448	-13,440	13,440	NaN	2,264	1,000	624,000	267,000	571,022	215,467
530,000	470,000	1000,000	1,118	46,809	75,202	2,000	53,756	18,691	7,079	10,086	54,998	220,000	0,000	80000,030	80001,030	80004,067	80004,605	80004,825	80005,085	0,000	28800,030	28801,030	28804,067	28804,605	28804,825	28805,085	13,867	12,461	7,578	7,257	-13,440	13,440	56,182	59,432	1,000	539,000	239,000	571,022	215,467
400,000	470,000	870,000	1,001	48,936	73,552	2,000	53,763	17,384	5,462	11,703	54,509	230,000	0,000	80008,125	80009,125	80010,497	80010,906	80011,136	80011,386	0,000	28808,125	28809,125	28810,497	28810,906	28811,136	28811,387	12,770	11,757	8,612	8,543	-13,440	13,440	66,895	64,135	1,000	569,000	251,000	571,022	215,467
490,000	570,000	1060,000	1,189	45,614	69,867	4,000	53,504	17,531	4,153	13,013	54,396	260,000	0,000	80013,827	80014,829	80017,482	80017,975	80018,235	80018,557	0,000	28813,827	28814,829	28817,482	28817,975	28818,235	28818,557	12,687	12,040	9,559	9,346	-13,440	13,440	65,222	67,776	1,000	583,000	256,000	571,022	215,467
340,000	530,000	870,000	3,032	28,302	78,583	2,000	54,023	21,246	12,682	4,483	56,121	150,000	0,000	80020,958	80021,958	80025,285	80025,636	80025,786	80026,176	0,000	28820,958	28821,958	28825,285	28825,636	28825,786	28826,176	16,147	13,785	3,413	3,351	-13,440	13,440	16,654	27,957	1,000	465,000	196,000	571,022	215,467
380,000	470,000	850,000	0,442	25,532	77,211	2,000	53,197	17,684	13,691	3,474	56,198	120,000	0,000	80028,750	80029,751	80033,426	80033,815	80033,935	80034,295	0,000	28828,750	28829,752	28833,426	28833,815	28833,935	28834,295	12,713	12,375	2,520	2,684	-13,440	13,440	26,115	30,431	1,000	577,000	230,000	571,022	215,467
390,000	570,000	960,000	1,873	50,877	76,465	4,000	54,710	19,311	2,164	15,001	55,175	290,000	0,000	80037,161	80038,161	80040,197	80040,596	80040,886	80041,175	0,000	28837,161	28838,161	28840,197	28840,596	28840,886	28841,175	15,047	12,207	11,797	10,112	-13,440	13,440	68,349	68,296	1,000	508,000	237,000	571,022	215,467
230,000	610,000	840,000	1,385	39,344	73,879	4,000	52,694	18,016	13,370	3,795	55,273	240,000	0,000	80044,113	80045,114	80048,116	80048,356	80048,596	80048,975	0,000	28844,113	28845,114	28848,116	28848,356	28848,596	28848,975	13,025	12,745	2,776	3,087	-13,440	13,440	19,937	28,612	1,000	599,000	256,000	571,022	215,467
340,000	520,000	860,000	1,860	55,769	62,937	2,000	53,498	19,436	4,038	13,128	53,989	290,000	0,000	80052,021	80053,021	80056,976	80057,325	80057,615	80057,855	0,000	28852,021	28853,021	28856,976	28857,325	28857,615	28857,855	14,236	13,226	9,447	9,687	-13,440	13,440	39,665	52,972	1,000	510,000	190,000	571,022	215,467
380,000	490,000	870,000	1,532	30,612	81,778	3,000	53,285	17,214	11,667	5,498	55,380	150,000	0,000	80100,905	80101,905	80104,395	80104,786	80104,936	80105,286	0,000	28860,905	28861,905	28864,395	28864,786	28864,936	28865,286	12,574	11,701	4,087	4,179	-13,440	13,440	37,478	36,170	1,000	581,000	269,000	571,022	215,467
490,000	460,000	950,000	0,751	30,435	78,755	2,000	53,659	17,684	11,362	5,804	55,797	140,000	0,000	80108,676	80109,676	80111,444	80111,937	80112,077	80112,405	0,000	28868,676	28869,676	28871,444	28871,937	28872,077	28872,405	12,937	12,038	4,273	4,444	-13,440	13,440	39,088	39,520	1,000	548,000	229,000	571,022	215,467
350,000	420,000	770,000	0,782	97,619	74,753	0,000	53,362	17,734	0,563	17,728	53,362	410,000	0,000	80115,670	80116,671	80119,678	80120,035	80120,445	80120,466	0,000	28875,670	28876,671	28879,678	28880,035	28880,445	28880,466	12,864	12,125	12,866	12,124	-13,440	13,440	NaN	18,084	1,000	560,000	241,000	571,022	215,467
470,000	500,000	970,000	1,006	98,000	69,907	0,000	52,963	17,032	0,135	17,030	52,963	490,000	0,000	80123,525	80124,526	80128,347	80128,826	80129,316	80129,337	0,000	28883,525	28884,526	28888,347	28888,826	28889,316	28889,337	12,207	11,897	12,207	11,894	-13,440	13,440	NaN	2,442	1,000	575,000	251,000	571,022	215,467
500,000	660,000	1160,000	1,048	18,182	78,950	6,000	53,560	19,598	13,261	3,904	55,257	120,000	0,000	80131,747	80132,747	80134,079	80134,587	80134,707	80135,256	0,000	28891,747	28892,747	28894,079	28894,587	28894,707	28895,256	14,542	13,110	2,611	3,248	-13,440	13,440	35,923	35,470	1,000	535,000	225,000	571,022	215,467
400,000	560,000	960,000	1,536	55,357	76,170	4,000	53,312	18,037	2,175	14,990	53,555	310,000	0,000	80138,059	80139,058	80140,476	80140,885	80141,195	80141,455	0,000	28898,059	28899,058	28900,476	28900,885	28901,195	28901,455	13,417	12,009	11,130	10,559	-13,440	13,440	55,573	54,858	1,000	548,000	265,000	571,022	215,467
460,000	550,000	1010,000	1,595	85,455	80,729	1,000	54,079	19,025	1,593	18,758	54,173	470,000	0,000	80148,098	80149,098	80150,153	80150,617	80151,087	80151,175	0,000	28908,098	28909,098	28910,153	28910,617	28911,087	28911,175	14,346	12,322	14,173	12,190	-13,440	13,440	3,911	0,598	1,000	522,000	244,000	571,022	215,467
490,000	610,000	1100,000	2,329	22,951	75,363	4,000	53,355	16,341	12,799	4,367	55,459	140,000	0,000	80154,125	80155,126	80156,391	80156,886	80157,026	80157,505	0,000	28914,126	28915,126	28916,391	28916,886	28917,026	28917,505	11,812	11,279	3,003	3,468	-13,440	13,440	32,378	31,596	1,000	616,000	285,000	571,022	215,467
570,000	480,000	1050,000	1,184	97,917	78,065	0,000	53,502	18,669	1,502	18,667	53,502	470,000	0,000	80201,088	80202,090	80205,753	80206,326	80206,796	80206,816	0,000	28921,088	28922,090	28925,753	28926,327	28926,797	28926,816	13,754	12,572	13,753	12,573	-13,440	13,440	NaN	3,182	1,000	530,000	225,000	571,022	215,467
500,000	540,000	1040,000	0,392	83,333	90,748	2,000	53,000	19,141	1,708	18,874	53,152	450,000	0,000	80209,437	80210,437	80213,019	80213,526	80213,976	80214,075	0,000	28929,437	28930,437	28933,019	28933,526	28933,976	28934,075	13,781	13,334	13,648	13,141	-13,440	13,440	3,960	0,022	1,000	560,000	224,000	571,022	215,467
