700,000	700,000	1400,000	19,251	21,429	42,669	8,000	57,460	18,719	13,461	3,704	65,210	150,000	152221,199	152222,237	152223,237	152225,291	152226,002	152226,152	152226,712	55341,199	55342,237	55343,237	55345,291	55346,002	55346,152	55346,712	14,403	12,320	3,073	2,263	-13,440	13,440	23,648	27,151	1,000	1070,000	684,000	571,022	215,467
380,000	870,000	1250,000	18,768	16,092	36,082	8,000	57,262	17,666	14,470	2,695	67,682	140,000	152221,199	152230,270	152231,270	152232,337	152232,722	152232,862	152233,601	55341,199	55350,270	55351,270	55352,337	55352,722	55352,862	55353,601	13,134	12,659	2,263	1,777	-13,440	13,440	18,487	18,470	1,000	1053,000	677,000	571,022	215,467
240,000	20,000	260,000	18,094	0,000	0,000	0,000	57,629	0,000	17,165	0,000	57,629	0,000	152221,199	152234,188	152235,187	152238,824	152239,072	152239,072	152239,102	55341,199	55354,188	55355,187	55358,824	55359,072	55359,072	55359,102	0,000	0,000	0,000	0,000	-13,440	13,440	NaN	NaN	1,000	1038,000	658,000	571,022	215,467
520,000	680,000	1200,000	17,945	17,647	37,256	6,000	58,203	17,908	14,640	2,525	71,029	120,000	152221,199	152239,684	152240,683	152241,845	152242,372	152242,492	152243,062	55341,199	55359,684	55360,683	55361,845	55362,372	55362,492	55363,062	13,504	12,727	2,280	1,447	-13,440	13,440	0,597	21,299	1,000	1041,000	647,000	571,022	215,467
2640,000	1070,000	3710,000	0,838	13,084	33,966	13,000	52,248	19,302	15,122	2,043	54,808	140,000	152221,199	152250,703	152251,704	152254,287	152256,933	152257,073	152258,011	55341,199	55370,703	55371,704	55374,287	55376,933	55377,073	55378,011	13,950	13,502	1,319	1,747	-13,440	13,440	14,862	14,758	1,000	545,000	230,000	571,022	215,467
550,000	880,000	1430,000	0,851	17,045	26,929	8,000	53,103	17,001	13,949	3,217	55,129	150,000	152221,199	152300,139	152301,141	152303,609	152304,162	152304,312	152305,052	55341,199	55380,139	55381,141	55383,609	55384,162	55384,312	55385,052	12,300	12,129	2,115	2,860	-13,440	13,440	14,287	20,685	1,000	597,000	231,000	571,022	215,467
390,000	1020,000	1410,000	0,548	19,608	28,245	10,000	52,325	18,674	13,381	3,785	55,824	200,000	152221,199	152307,443	152308,443	152310,999	152311,392	152311,592	152312,421	55341,199	55387,443	55388,443	55390,999	55391,392	55391,592	55392,421	13,052	13,643	2,679	2,883	-13,440	13,440	14,948	17,835	1,000	572,000	196,000	571,022	215,467
510,000	920,000	1430,000	0,588	19,565	34,080	9,000	53,182	18,411	13,698	3,467	55,434	180,000	152221,199	152314,667	152315,668	152319,310	152319,821	152320,001	152320,753	55341,199	55394,667	55395,668	55399,310	55399,821	55400,001	55400,753	13,626	12,690	2,695	2,409	-13,440	13,440	12,901	20,690	1,000	556,000	230,000	571,022	215,467
430,000	1000,000	1430,000	0,768	19,000	29,590	10,000	51,698	18,580	13,635	3,531	54,828	190,000	152221,199	152322,716	152323,716	152325,163	152325,601	152325,791	152326,611	55341,199	55402,716	55403,716	55405,163	55405,602	55405,792	55406,611	12,902	13,878	2,419	2,959	-13,440	13,440	12,567	18,891	1,000	597,000	207,000	571,022	215,467
770,000	660,000	1430,000	1,814	24,242	32,501	5,000	53,056	14,933	14,921	2,244	55,663	160,000	152221,199	152329,384	152330,385	152331,729	152332,501	152332,661	152333,173	55341,199	55409,384	55410,385	55411,729	55412,501	55412,661	55413,173	10,776	10,803	1,533	1,867	-13,440	13,440	7,889	12,672	1,000	622,000	255,000	571,022	215,467
460,000	810,000	1270,000	0,467	19,753	38,995	8,000	53,475	18,976	13,260	3,906	56,125	160,000	152221,199	152336,405	152337,405	152339,638	152340,101	152340,261	152340,921	55341,199	55416,405	55417,406	55419,638	55420,101	55420,261	55420,922	14,064	12,994	3,009	2,822	-13,440	13,440	19,824	21,673	1,000	563,000	230,000	571,022	215,467
770,000	660,000	1430,000	5,307	16,667	26,077	8,000	52,586	12,006	16,687	0,479	55,012	110,000	152221,199	152342,400	152343,400	152345,937	152346,712	152346,822	152347,381	55341,199	55422,400	55423,400	55425,937	55426,712	55426,822	55427,382	8,361	9,113	0,181	0,600	-13,440	13,440	21,106	3,925	1,000	711,000	342,000	571,022	215,467
520,000	910,000	1430,000	0,450	17,582	29,131	9,000	51,937	18,047	13,878	3,287	54,571	160,000	152221,199	152349,681	152350,681	152351,777	152352,302	152352,462	152353,223	55341,199	55429,681	55430,681	55431,777	55432,302	55432,462	55433,223	12,653	13,361	2,279	2,665	-13,440	13,440	11,191	21,809	1,000	587,000	216,000	571,022	215,467
520,000	910,000	1430,000	0,103	17,582	32,107	8,000	52,315	18,154	13,173	3,993	55,317	160,000	152221,199	152355,319	152356,318	152359,741	152400,262	152400,422	152401,181	55341,199	55435,319	55436,318	55439,741	55440,262	55440,422	55441,181	12,911	13,130	2,921	3,113	-13,440	13,440	24,781	26,801	1,000	572,000	219,000	571,022	215,467
400,000	860,000	1260,000	0,360	29,070	34,414	6,000	53,422	18,034	12,813	4,353	55,658	250,000	152221,199	152402,911	152403,911	152406,514	152406,921	152407,171	152407,792	55341,199	55442,911	55443,911	55446,515	55446,921	55447,171	55447,792	13,249	12,519	3,161	3,383	-13,440	13,440	14,648	19,332	1,000	560,000	222,000	571,022	215,467
650,000	780,000	1430,000	1,654	24,359	26,967	10,000	51,912	16,035	13,801	3,364	55,141	190,000	152221,199	152409,315	152410,315	152412,588	152413,242	152413,432	152414,032	55341,199	55449,316	55450,315	55452,588	55453,242	55453,432	55454,032	11,087	12,097	2,440	2,619	-13,440	13,440	0,342	16,382	1,000	623,000	243,000	571,022	215,467
580,000	850,000	1430,000	0,330	17,647	26,632	10,000	52,621	16,998	14,337	2,828	56,018	150,000	152221,199	152416,404	152417,405	152420,666	152421,251	152421,401	152422,112	55341,199	55456,404	55457,405	55460,666	55461,251	55461,401	55462,112	12,134	12,324	2,156	2,092	-13,440	13,440	8,032	18,975	1,000	580,000	223,000	571,022	215,467
860,000	570,000	1430,000	3,212	26,316	31,367	6,000	53,308	13,278	14,754	2,411	55,907	150,000	152221,199	152425,116	152426,117	152428,355	152429,221	152429,371	152429,802	55341,199	55465,116	55466,117	55468,355	55469,221	55469,371	55469,802	9,570	9,686	1,782	1,893	-13,440	13,440	9,635	16,765	1,000	652,000	296,000	571,022	215,467
680,000	750,000	1430,000	2,491	37,333	26,618	9,000	53,553	14,210	13,529	3,636	55,969	280,000	152221,199	152433,643	152434,645	152436,464	152437,151	152437,431	152437,911	55341,199	55473,643	55474,645	55476,464	55477,151	55477,431	55477,911	10,200	10,318	2,642	2,762	-13,440	13,440	4,319	12,803	1,000	640,000	271,000	571,022	215,467
610,000	820,000	1430,000	1,293	24,390	35,517	8,000	51,677	17,033	14,032	3,134	55,018	200,000	152221,199	152440,994	152441,995	152444,931	152445,552	152445,752	152446,382	55341,199	55480,994	55481,995	55484,931	55485,552	55485,752	55486,382	11,665	13,035	2,292	2,418	-13,440	13,440	4,732	19,971	1,000	616,000	225,000	571,022	215,467
490,000	690,000	1180,000	0,449	18,841	38,272	8,000	52,615	16,862	14,262	2,903	56,256	130,000	152221,199	152449,909	152450,908	152454,005	152454,503	152454,633	152455,201	55341,199	55489,909	55490,908	55494,005	55494,503	55494,633	55495,201	11,730	12,406	2,057	2,294	-13,440	13,440	17,519	20,103	1,000	581,000	203,000	571,022	215,467
510,000	750,000	1260,000	0,728	21,333	42,868	8,000	53,190	18,652	14,028	3,138	55,818	160,000	152221,199	152456,672	152457,673	152459,185	152459,703	152459,863	152500,462	55341,199	55496,672	55497,673	55499,185	55499,703	55499,863	55500,462	13,728	12,802	2,354	2,376	-13,440	13,440	16,338	20,362	1,000	552,000	233,000	571,022	215,467
410,000	840,000	1250,000	0,351	20,238	41,845	6,000	52,792	18,855	14,185	2,980	55,808	170,000	152221,199	152501,923	152502,922	152506,070	152506,481	152506,651	152507,332	55341,199	55501,923	55502,922	55506,070	55506,481	55506,651	55507,332	13,502	13,473	2,062	2,471	-13,440	13,440	18,529	21,098	1,000	571,000	203,000	571,022	215,467
30,000	140,000	170,000	19,520	0,000	0,758	0,000	56,011	0,064	17,165	0,000	56,160	0,000	152221,199	152509,337	152510,337	152512,153	152512,354	152512,354	152512,503	55341,199	55509,337	55510,337	55512,153	55512,354	55512,354	55512,503	0,000	0,115	0,000	0,000	-13,440	13,440	0,592	NaN	1,000	1059,000	709,000	571,022	215,467
480,000	350,000	830,000	18,370	54,286	9,124	2,000	56,652	1,268	16,800	0,366	57,197	190,000	152221,199	152517,664	152518,664	152520,762	152521,251	152521,441	152521,611	55341,199	55517,664	55518,664	55520,762	55521,251	55521,441	55521,612	0,733	1,155	0,126	0,503	-13,440	13,440	5,881	0,214	1,000	1042,000	668,000	571,022	215,467
400,000	680,000	1080,000	0,212	26,471	53,875	4,000	54,308	18,194	13,307	3,859	56,895	180,000	152221,199	152524,539	152525,538	152529,084	152529,493	152529,673	152530,183	55341,199	55524,539	55525,538	55529,084	55529,493	55529,673	55530,183	13,503	12,379	2,895	2,838	-13,440	13,440	17,657	23,506	1,000	571,000	223,000	571,022	215,467
420,000	1010,000	1430,000	0,316	13,861	44,999	9,000	52,979	19,775	13,986	3,180	56,192	140,000	152221,199	152531,577	152532,577	152536,134	152536,561	152536,701	152537,582	55341,199	55531,577	55532,577	55536,134	55536,561	55536,701	55537,582	14,304	13,901	2,330	2,419	-13,440	13,440	19,626	24,426	1,000	565,000	206,000	571,022	215,467
440,000	890,000	1330,000	0,271	15,730	36,160	6,000	52,160	18,043	15,231	1,935	56,197	140,000	152221,199	152539,104	152540,104	152543,474	152543,922	152544,062	152544,822	55341,199	55539,104	55540,104	55543,474	55543,922	55544,062	55544,822	12,656	13,166	1,401	1,413	-13,440	13,440	13,512	14,283	1,000	580,000	219,000	571,022	215,467
690,000	740,000	1430,000	0,414	18,919	34,708	7,000	52,822	16,964	14,666	2,499	56,171	140,000	152221,199	152546,572	152547,572	152549,224	152549,922	152550,062	152550,673	55341,199	55546,572	55547,572	55549,224	55549,922	55550,062	55550,673	12,142	12,257	1,884	1,978	-13,440	13,440	14,188	21,231	1,000	583,000	224,000	571,022	215,467
1040,000	150,000	1190,000	19,241	93,333	5,137	0,000	56,448	0,313	16,854	0,311	56,448	140,000	152221,199	152555,833	152556,834	152559,853	152600,902	152601,043	152601,062	55341,199	55555,833	55556,834	55559,853	55560,903	55561,043	55561,063	0,169	0,226	0,169	0,222	-13,440	13,440	NaN	0,650	1,000	1055,000	699,000	571,022	215,467
330,000	1100,000	1430,000	0,058	23,636	44,946	10,000	51,784	18,936	10,873	6,292	52,780	260,000	152221,199	152603,866	152604,866	152606,547	152606,883	152607,143	152607,992	55341,199	55563,866	55564,866	55566,547	55566,883	55567,143	55567,992	13,077	14,234	3,623	6,066	-13,440	13,440	33,074	33,103	1,000	569,000	215,000	571,022	215,467
470,000	900,000	1370,000	1,104	28,889	38,440	6,000	52,528	20,012	13,551	3,614	55,153	260,000	152221,199	152609,158	152610,159	152613,744	152614,221	152614,481	152615,131	55341,199	55569,158	55570,159	55573,744	55574,221	55574,481	55575,131	14,317	14,259	2,419	2,995	-13,440	13,440	10,547	15,086	1,000	544,000	187,000	571,022	215,467
360,000	1070,000	1430,000	0,355	16,822	26,438	10,000	52,571	17,841	14,438	2,727	55,456	180,000	152221,199	152616,815	152617,815	152620,706	152621,071	152621,251	152622,152	55341,199	55576,815	55577,815	55580,706	55581,071	55581,251	55582,152	12,719	12,830	1,906	2,191	-13,440	13,440	11,030	17,333	1,000	578,000	226,000	571,022	215,467
400,000	1030,000	1430,000	0,350	13,592	47,615	10,000	52,014	18,222	14,363	2,802	54,967	140,000	152221,199	152624,134	152625,134	152627,997	152628,401	152628,541	152629,443	55341,199	55584,134	55585,134	55587,997	55588,401	55588,541	55589,443	12,791	13,277	1,909	2,324	-13,440	13,440	20,971	20,688	1,000	579,000	225,000	571,022	215,467
350,000	940,000	1290,000	0,481	21,277	38,276	6,000	53,178	18,832	14,090	3,075	56,076	200,000	152221,199	152631,517	152632,516	152635,108	152635,462	152635,662	152636,412	55341,199	55591,517	55592,516	55595,108	55595,462	55595,662	55596,412	13,727	13,134	2,258	2,371	-13,440	13,440	18,337	17,825	1,000	554,000	214,000	571,022	215,467
30,000	20,000	50,000	18,806	0,000	0,000	0,000	57,059	0,000	17,165	0,000	57,059	0,000	152221,199	152640,443	152641,442	152642,905	152643,105	152643,105	152643,132	55341,199	55600,443	55601,442	55602,905	55603,105	55603,105	55603,132	0,000	0,000	0,000	0,000	-13,440	13,440	NaN	NaN	1,000	1051,000	681,000	571,022	215,467
450,000	960,000	1410,000	0,427	20,833	32,699	9,000	53,021	18,544	13,757	3,409	55,466	200,000	152221,199	152649,474	152650,474	152652,583	152653,041	152653,241	152654,011	55341,199	55609,474	55610,474	55612,583	55613,041	55613,241	55614,012	13,388	13,108	2,280	2,841	-13,440	13,440	18,516	18,323	1,000	560,000	205,000	571,022	215,467
450,000	830,000	1280,000	0,752	18,072	43,413	8,000	52,245	17,919	14,183	2,982	55,656	150,000	152221,199	152657,487	152658,487	152700,919	152701,372	152701,522	152702,212	55341,199	55617,488	55618,488	55620,919	55621,372	55621,522	55622,212	12,577	13,110	2,129	2,392	-13,440	13,440	19,762	23,681	1,000	596,000	225,000	571,022	215,467
560,000	870,000	1430,000	0,246	17,241	46,073	7,000	52,413	17,290	13,606	3,559	55,099	150,000	152221,199	152706,455	152707,454	152711,375	152711,943	152712,093	152712,821	55341,199	55626,455	55627,454	55631,376	55631,943	55632,093	55632,821	12,140	12,634	2,428	2,926	-13,440	13,440	25,253	24,996	1,000	573,000	224,000	571,022	215,467
360,000	1070,000	1430,000	0,198	17,757	34,439	13,000	52,066	18,514	14,116	3,050	54,907	190,000	152221,199	152716,525	152717,525	152720,834	152721,203	152721,393	152722,282	55341,199	55636,525	55637,525	55640,834	55641,203	55641,393	55642,282	13,196	13,316	2,134	2,456	-13,440	13,440	17,878	20,851	1,000	564,000	215,000	571,022	215,467
