800,000	630,000	1430,000	7,137	60,317	25,468	4,000	54,616	10,054	12,870	4,295	55,850	380,000	134828,478	134854,873	134855,875	134858,557	134859,359	134859,739	134899,999	49708,478	49734,873	49735,875	49738,557	49739,359	49739,739	49739,999	7,565	6,953	3,342	2,924	-13,440	13,440	4,989	19,442	1,000	742,000	403,000	571,022	215,467
600,000	830,000	1430,000	4,925	18,072	25,524	11,000	53,174	11,601	16,176	0,990	56,367	150,000	134828,478	134903,704	134904,704	134908,576	134909,180	134909,330	134910,020	49708,478	49743,704	49744,704	49748,576	49749,180	49749,330	49750,020	8,042	8,803	0,634	0,779	-13,440	13,440	13,833	6,548	1,000	710,000	322,000	571,022	215,467
680,000	750,000	1430,000	2,979	25,333	25,539	7,000	52,487	13,977	14,214	2,951	54,717	190,000	134828,478	134912,789	134913,791	134916,399	134917,091	134917,281	134917,850	49708,478	49752,789	49753,791	49756,399	49757,091	49757,281	49757,850	9,755	10,425	1,969	2,490	-13,440	13,440	1,236	15,731	1,000	641,000	295,000	571,022	215,467
590,000	840,000	1430,000	2,794	28,571	24,505	8,000	51,628	14,630	13,828	3,337	54,471	240,000	134828,478	134920,812	134921,811	134924,600	134925,201	134925,441	134926,050	49708,478	49760,812	49761,811	49764,600	49765,201	49765,441	49766,050	9,946	11,247	2,269	2,773	-13,440	13,440	2,386	16,463	1,000	649,000	277,000	571,022	215,467
680,000	750,000	1430,000	5,720	20,000	21,262	6,000	53,055	11,147	15,983	1,182	56,122	150,000	134828,478	134934,348	134935,348	134938,649	134939,329	134939,479	134940,089	49708,478	49774,348	49775,349	49778,649	49779,329	49779,479	49780,089	7,696	8,534	0,841	0,971	-13,440	13,440	6,945	7,186	1,000	727,000	346,000	571,022	215,467
790,000	640,000	1430,000	8,548	20,312	17,564	9,000	53,774	8,606	16,166	1,000	56,040	130,000	134828,478	134943,641	134944,641	134947,626	134948,420	134948,550	134949,070	49708,478	49783,641	49784,642	49787,626	49788,420	49788,550	49789,070	5,937	6,629	0,663	0,896	-13,440	13,440	6,851	8,126	1,000	794,000	422,000	571,022	215,467
880,000	550,000	1430,000	12,801	45,455	14,606	5,000	54,281	5,500	15,693	1,473	55,508	250,000	134828,478	134954,174	134955,175	134958,019	134958,909	134959,159	134959,469	49708,478	49794,174	49795,175	49798,019	49798,909	49799,159	49799,469	3,810	4,288	1,002	1,277	-13,440	13,440	5,435	7,682	1,000	900,000	530,000	571,022	215,467
710,000	720,000	1430,000	9,746	40,278	16,411	8,000	54,886	8,078	14,917	2,249	56,155	290,000	134828,478	135004,444	135005,444	135008,505	135009,220	135009,510	135009,950	49708,478	49804,444	49805,444	49808,505	49809,220	49809,510	49809,950	6,071	5,553	1,780	1,456	-13,440	13,440	5,279	10,486	1,000	804,000	472,000	571,022	215,467
3010,000	20,000	3030,000	18,744	0,000	0,000	0,000	56,476	0,000	17,165	0,000	56,476	0,000	134828,478	135015,660	135016,661	135017,980	135020,999	135020,999	135021,029	49708,478	49815,660	49816,661	49817,980	49820,999	49820,999	49821,029	0,000	0,000	0,000	0,000	-13,440	13,440	NaN	NaN	1,000	1040,000	689,000	571,022	215,467
930,000	500,000	1430,000	15,532	30,000	37,889	4,000	60,560	13,469	14,762	2,403	67,912	150,000	134828,478	135021,620	135022,620	135026,585	135027,519	135027,669	135028,029	49708,478	49821,620	49822,620	49826,585	49827,519	49827,669	49828,029	10,768	8,650	2,210	1,263	-13,440	13,440	17,125	17,635	1,000	975,000	592,000	571,022	215,467
570,000	860,000	1430,000	8,633	17,442	20,961	6,000	53,620	8,910	17,058	0,107	56,210	150,000	134828,478	135028,625	135029,625	135031,818	135032,389	135032,539	135033,259	49708,478	49828,625	49829,625	49831,818	49832,389	49832,539	49833,259	6,202	6,841	0,080	0,093	-13,440	13,440	19,842	0,934	1,000	799,000	421,000	571,022	215,467
100,000	20,000	120,000	18,406	0,000	0,000	0,000	56,811	0,000	17,165	0,000	56,811	0,000	134828,478	135039,046	135040,046	135041,145	135041,346	135041,346	135041,369	49708,478	49839,046	49840,046	49841,145	49841,346	49841,346	49841,369	0,000	0,000	0,000	0,000	-13,440	13,440	NaN	NaN	1,000	1035,000	677,000	571,022	215,467
30,000	90,000	120,000	0,668	0,000	0,219	0,000	70,587	0,010	17,165	0,000	70,678	0,000	134828,478	135041,960	135042,961	135046,042	135046,242	135046,242	135046,339	49708,478	49841,960	49842,961	49846,042	49846,242	49846,242	49846,339	0,000	0,029	0,000	0,000	-13,440	13,440	0,021	NaN	1,000	559,000	195,000	571,022	215,467
2120,000	550,000	2670,000	9,093	58,182	23,330	5,000	54,320	7,714	13,987	3,178	55,484	320,000	134828,478	135047,615	135048,615	135050,954	135053,079	135053,399	135053,640	49708,478	49847,615	49848,615	49850,954	49853,079	49853,399	49853,640	5,419	5,919	2,168	2,617	-13,440	13,440	6,026	12,942	1,000	812,000	431,000	571,022	215,467
460,000	970,000	1430,000	0,378	19,588	33,258	14,000	52,428	18,380	14,269	2,896	54,934	190,000	134828,478	135056,583	135057,583	135100,847	135101,311	135101,501	135102,289	49708,478	49856,583	49857,583	49860,847	49861,311	49861,501	49862,289	13,111	13,251	1,853	2,623	-13,440	13,440	11,071	16,947	1,000	564,000	204,000	571,022	215,467
1110,000	320,000	1430,000	12,348	87,500	24,467	1,000	54,801	4,604	13,487	3,678	55,164	280,000	134828,478	135103,304	135104,304	135106,566	135107,679	135107,959	135108,009	49708,478	49863,304	49864,304	49866,566	49867,679	49867,959	49868,009	3,138	3,655	2,544	2,968	-13,440	13,440	1,001	17,953	1,000	892,000	515,000	571,022	215,467
1630,000	20,000	1650,000	19,926	0,000	0,000	0,000	55,358	0,000	17,165	0,000	55,358	0,000	134828,478	135111,107	135112,107	135113,246	135114,880	135114,880	135114,910	49708,478	49871,107	49872,107	49873,246	49874,880	49874,880	49874,910	0,000	0,000	0,000	0,000	-13,440	13,440	NaN	NaN	1,000	1057,000	731,000	571,022	215,467
700,000	730,000	1430,000	0,766	21,918	33,188	8,000	53,251	15,652	15,851	1,314	56,859	160,000	134828,478	135119,917	135120,917	135124,579	135125,289	135125,449	135126,030	49708,478	49879,917	49880,917	49884,579	49885,289	49885,449	49886,030	11,352	11,189	1,000	0,956	-13,440	13,440	16,170	9,047	1,000	591,000	234,000	571,022	215,467
1020,000	410,000	1430,000	5,503	73,171	33,783	2,000	54,351	10,666	10,105	7,060	55,130	300,000	134828,478	135127,699	135128,699	135131,456	135132,479	135132,779	135132,899	49708,478	49887,699	49888,699	49891,456	49892,479	49892,779	49892,900	7,969	7,407	5,327	4,941	-13,440	13,440	9,402	23,223	1,000	696,000	366,000	571,022	215,467
830,000	600,000	1430,000	2,437	31,667	33,775	4,000	52,877	14,374	14,336	2,829	55,777	190,000	134828,478	135134,661	135135,661	135138,477	135139,310	135139,500	135139,919	49708,478	49894,661	49895,661	49898,477	49899,310	49899,500	49899,919	10,242	10,546	2,133	2,038	-13,440	13,440	6,209	15,443	1,000	633,000	276,000	571,022	215,467
660,000	770,000	1430,000	0,428	24,675	33,744	8,000	52,376	17,210	13,903	3,263	55,340	190,000	134828,478	135142,201	135143,202	135146,750	135147,419	135147,609	135148,201	49708,478	49902,201	49903,202	49906,750	49907,419	49907,609	49908,201	12,198	12,445	2,421	2,305	-13,440	13,440	6,186	18,925	1,000	578,000	229,000	571,022	215,467
380,000	920,000	1300,000	0,253	41,304	34,225	6,000	52,117	18,769	8,825	8,341	53,645	380,000	134828,478	135151,674	135152,674	135154,287	135154,669	135155,049	135155,600	49708,478	49911,674	49912,674	49914,287	49914,669	49915,049	49915,600	13,221	13,615	5,707	6,546	-13,440	13,440	21,735	27,694	1,000	568,000	207,000	571,022	215,467
600,000	830,000	1430,000	0,654	18,072	34,101	8,000	53,537	16,636	15,585	1,580	56,855	150,000	134828,478	135157,690	135158,690	135202,383	135202,990	135203,140	135203,829	49708,478	49917,690	49918,690	49922,383	49922,990	49923,140	49923,829	11,951	12,033	1,073	1,351	-13,440	13,440	1,140	11,203	1,000	594,000	219,000	571,022	215,467
750,000	680,000	1430,000	1,709	23,529	31,954	4,000	51,145	15,873	14,427	2,739	54,496	160,000	134828,478	135205,892	135206,892	135209,510	135210,269	135210,429	135210,959	49708,478	49925,892	49926,892	49929,510	49930,269	49930,429	49930,959	10,824	12,090	2,094	1,926	-13,440	13,440	0,019	18,672	1,000	618,000	254,000	571,022	215,467
30,000	20,000	50,000	19,082	0,000	0,000	0,000	56,335	0,000	17,165	0,000	56,335	0,000	134828,478	135213,884	135214,884	135216,402	135216,603	135216,603	135216,630	49708,478	49933,884	49934,885	49936,402	49936,603	49936,603	49936,630	0,000	0,000	0,000	0,000	-13,440	13,440	NaN	NaN	1,000	1048,000	698,000	571,022	215,467
1790,000	220,000	2010,000	7,046	72,727	30,854	1,000	66,937	4,638	14,220	2,945	68,789	160,000	134828,478	135217,215	135218,215	135219,731	135221,530	135221,690	135221,759	49708,478	49937,215	49938,215	49939,731	49941,530	49941,690	49941,759	3,993	2,645	2,665	1,578	-13,440	13,440	4,609	21,171	1,000	765,000	374,000	571,022	215,467
990,000	80,000	1070,000	0,268	0,000	0,838	0,000	70,009	0,038	17,165	0,000	70,065	0,000	134828,478	135226,107	135227,107	135230,899	135231,900	135231,900	135231,989	49708,478	49946,107	49947,107	49950,900	49951,900	49951,900	49951,989	0,029	0,029	0,000	0,000	-13,440	13,440	0,172	NaN	1,000	578,000	209,000	571,022	215,467
1240,000	190,000	1430,000	18,536	78,947	4,375	1,000	56,715	0,305	17,056	0,109	56,423	150,000	134828,478	135232,860	135233,861	135235,340	135236,589	135236,739	135236,789	49708,478	49952,860	49953,861	49955,340	49956,589	49956,739	49956,789	0,351	0,113	0,118	0,087	-13,440	13,440	0,413	0,032	1,000	1021,000	697,000	571,022	215,467
570,000	860,000	1430,000	0,264	19,767	33,749	9,000	52,908	18,570	13,869	3,296	56,610	170,000	134828,478	135238,530	135239,530	135242,012	135242,589	135242,759	135243,460	49708,478	49958,531	49959,530	49962,012	49962,589	49962,759	49963,460	13,306	13,222	2,577	2,286	-13,440	13,440	15,588	19,327	1,000	567,000	207,000	571,022	215,467
440,000	690,000	1130,000	2,309	20,290	50,759	4,000	53,754	20,074	13,613	3,552	56,748	140,000	134828,478	135245,062	135246,062	135247,591	135248,039	135248,179	135248,739	49708,478	49965,062	49966,062	49967,591	49968,039	49968,179	49968,739	14,740	13,697	2,584	2,541	-13,440	13,440	25,397	24,815	1,000	502,000	171,000	571,022	215,467
420,000	950,000	1370,000	0,290	13,684	32,573	12,000	53,038	17,849	14,655	2,510	55,902	130,000	134828,478	135251,625	135252,625	135256,592	135257,019	135257,149	135257,979	49708,478	49971,625	49972,625	49976,592	49977,019	49977,149	49977,979	12,744	12,657	1,716	1,883	-13,440	13,440	14,572	20,057	1,000	563,000	209,000	571,022	215,467
460,000	870,000	1330,000	0,436	34,483	35,809	6,000	52,624	17,815	9,340	7,825	54,523	300,000	134828,478	135300,278	135301,278	135305,240	135305,709	135306,009	135306,589	49708,478	49980,278	49981,278	49985,240	49985,709	49986,009	49986,589	12,488	12,938	5,416	6,006	-13,440	13,440	16,527	22,842	1,000	570,000	200,000	571,022	215,467
560,000	870,000	1430,000	0,254	22,989	32,654	8,000	53,436	17,500	14,163	3,002	55,417	200,000	134828,478	135311,851	135312,851	135314,826	135315,389	135315,589	135316,269	49708,478	49991,851	49992,851	49994,826	49995,389	49995,589	49996,269	12,749	12,278	2,023	2,466	-13,440	13,440	3,635	17,306	1,000	574,000	224,000	571,022	215,467
660,000	20,000	680,000	19,221	0,000	0,000	0,000	56,385	0,000	17,165	0,000	56,385	0,000	134828,478	135319,937	135320,937	135322,533	135323,199	135323,199	135323,229	49708,478	49999,937	50000,937	50002,533	50003,199	50003,199	50003,229	0,000	0,000	0,000	0,000	-13,440	13,440	NaN	NaN	1,000	1053,000	700,000	571,022	215,467
950,000	480,000	1430,000	11,412	58,333	27,979	2,000	62,259	8,486	13,552	3,614	66,805	280,000	134828,478	135323,820	135324,819	135328,023	135328,980	135329,260	135329,469	49708,478	50003,820	50004,819	50008,023	50008,980	50009,260	50009,469	6,733	6,128	3,048	2,471	-13,440	13,440	12,846	13,390	1,000	867,000	493,000	571,022	215,467
390,000	20,000	410,000	18,864	0,000	0,000	0,000	56,754	0,000	17,165	0,000	56,754	0,000	134828,478	135337,779	135338,780	135342,476	135342,869	135342,869	135342,899	49708,478	50017,779	50018,780	50022,476	50022,869	50022,869	50022,899	0,000	0,000	0,000	0,000	-13,440	13,440	NaN	NaN	1,000	1048,000	687,000	571,022	215,467
1000,000	430,000	1430,000	14,279	34,884	38,348	3,000	61,556	10,969	14,836	2,330	68,512	150,000	134828,478	135343,486	135344,486	135347,576	135348,580	135348,730	135349,020	49708,478	50023,486	50024,486	50027,576	50028,580	50028,730	50029,020	8,639	7,821	1,970	1,658	-13,440	13,440	16,775	15,513	1,000	943,000	561,000	571,022	215,467
3010,000	20,000	3030,000	18,744	0,000	0,000	0,000	56,730	0,000	17,165	0,000	56,730	0,000	134828,478	135349,611	135350,611	135352,322	135355,339	135355,339	135355,370	49708,478	50029,611	50030,611	50032,322	50035,339	50035,339	50035,370	0,000	0,000	0,000	0,000	-13,440	13,440	NaN	NaN	1,000	1044,000	685,000	571,022	215,467
30,000	670,000	700,000	0,214	25,373	18,793	4,000	59,423	6,603	15,108	2,058	61,337	170,000	134828,478	135355,960	135356,960	135400,347	135400,548	135400,718	135401,219	49708,478	50035,960	50036,960	50040,347	50040,548	50040,718	50041,219	4,894	4,701	1,423	1,823	-13,440	13,440	11,642	12,358	1,000	567,000	209,000	571,022	215,467
910,000	520,000	1430,000	2,596	38,462	33,941	3,000	54,468	12,974	13,774	3,392	56,461	200,000	134828,478	135404,926	135405,926	135409,400	135410,320	135410,520	135410,849	49708,478	50044,926	50045,926	50049,400	50050,320	50050,520	50050,849	9,568	9,209	2,530	2,483	-13,440	13,440	13,349	16,436	1,000	636,000	281,000	571,022	215,467
