420,000	2040,000	2460,000	7,963	8,824	28,885	17,000	44,871	21,198	22,845	2,335	34,934	180,000	0,000	84208,377	84209,376	84211,083	84211,513	84211,693	84213,563	0,000	31328,377	31329,376	31331,083	31331,513	31331,693	31333,563	19,746	11,306	2,985	0,956	13,440	13,440	11,491	10,667	1,000	975,000	478,000	868,978	215,467
220,000	610,000	830,000	23,005	32,787	8,613	6,000	21,478	1,673	24,865	0,315	20,989	200,000	0,000	84215,150	84216,149	84219,252	84219,483	84219,683	84220,103	0,000	31335,150	31336,149	31339,252	31339,483	31339,683	31340,103	0,900	1,435	0,227	0,250	13,440	13,440	0,501	0,404	1,000	249,000	749,000	868,978	215,467
30,000	930,000	960,000	21,829	51,613	32,509	4,000	58,726	16,749	16,059	9,121	61,232	480,000	0,000	84222,128	84223,129	84225,589	84225,791	84226,271	84226,723	0,000	31342,128	31343,129	31345,589	31345,791	31346,271	31346,723	13,252	10,575	7,524	5,692	13,440	13,440	22,089	26,566	1,000	328,000	772,000	868,978	215,467
30,000	450,000	480,000	20,202	33,333	14,018	4,000	40,019	3,731	24,047	1,133	38,678	150,000	0,000	84227,310	84228,310	84231,971	84232,173	84232,323	84232,631	0,000	31347,310	31348,310	31351,971	31352,173	31352,323	31352,631	3,182	2,142	1,033	0,629	13,440	13,440	0,632	5,100	1,000	374,000	736,000	868,978	215,467
380,000	1610,000	1990,000	19,361	8,075	27,742	14,000	59,335	15,587	24,792	0,388	65,896	130,000	0,000	84233,216	84234,216	84235,979	84236,364	84236,494	84237,981	0,000	31353,216	31354,216	31355,979	31356,364	31356,494	31357,982	12,011	10,605	0,305	0,248	13,440	13,440	0,194	2,599	1,000	385,000	705,000	868,978	215,467
210,000	70,000	280,000	19,702	0,000	2,191	0,000	28,258	0,116	25,176	0,005	28,329	0,000	0,000	84238,587	84239,587	84242,387	84242,601	84242,601	84242,681	0,000	31358,588	31359,587	31362,387	31362,601	31362,601	31362,681	0,029	0,116	0,000	0,005	13,440	13,440	1,097	NaN	1,000	383,000	720,000	868,978	215,467
380,000	1060,000	1440,000	3,512	16,981	41,870	8,000	38,206	14,483	19,555	5,625	33,682	180,000	0,000	84246,218	84247,218	84250,803	84251,191	84251,371	84252,263	0,000	31366,218	31367,218	31370,803	31371,191	31371,371	31372,263	11,054	9,844	3,712	4,437	13,440	13,440	31,195	31,258	1,000	817,000	329,000	868,978	215,467
30,000	20,000	50,000	18,824	0,000	0,000	0,000	29,781	0,000	25,180	0,000	29,781	0,000	0,000	84254,431	84255,431	84257,398	84257,600	84257,600	84257,621	0,000	31374,431	31375,431	31377,398	31377,600	31377,600	31377,621	0,000	0,000	0,000	0,000	13,440	13,440	NaN	NaN	1,000	392,000	685,000	868,978	215,467
200,000	100,000	300,000	18,928	90,000	4,303	0,000	29,297	0,279	24,902	0,278	29,297	90,000	0,000	84302,432	84303,432	84306,613	84306,822	84306,912	84306,932	0,000	31382,432	31383,432	31386,613	31386,822	31386,912	31386,932	0,058	0,256	0,058	0,255	13,440	13,440	NaN	3,890	1,000	404,000	702,000	868,978	215,467
30,000	1170,000	1200,000	19,323	16,239	22,207	16,000	52,142	10,089	22,523	2,657	55,133	190,000	0,000	84310,792	84311,792	84314,132	84314,333	84314,523	84315,511	0,000	31390,792	31391,792	31394,132	31394,333	31394,523	31395,511	7,172	7,116	2,082	1,687	13,440	13,440	13,914	13,556	1,000	390,000	708,000	868,978	215,467
30,000	810,000	840,000	19,345	34,568	15,821	6,000	45,360	6,581	21,878	3,302	46,220	280,000	0,000	84316,109	84317,111	84318,547	84318,747	84319,027	84319,563	0,000	31396,109	31397,111	31398,547	31398,748	31399,028	31399,563	4,305	4,839	2,235	2,348	13,440	13,440	6,714	8,477	1,000	393,000	712,000	868,978	215,467
30,000	20,000	50,000	4,123	0,000	0,000	0,000	66,819	0,000	25,180	0,000	66,819	0,000	0,000	84320,153	84321,152	84322,560	84322,761	84322,761	84322,781	0,000	31400,153	31401,153	31402,560	31402,761	31402,761	31402,781	0,000	0,000	0,000	0,000	13,440	13,440	NaN	NaN	1,000	787,000	337,000	868,978	215,467
30,000	20,000	50,000	18,900	0,000	0,000	0,000	30,246	0,000	25,180	0,000	30,246	0,000	0,000	84324,066	84325,066	84328,771	84328,971	84328,971	84329,001	0,000	31404,066	31405,066	31408,771	31408,971	31408,971	31409,001	0,000	0,000	0,000	0,000	13,440	13,440	NaN	NaN	1,000	414,000	710,000	868,978	215,467
370,000	1110,000	1480,000	3,288	36,036	37,528	11,000	36,659	15,394	15,130	10,050	34,680	400,000	0,000	84331,436	84332,436	84333,441	84333,811	84334,211	84334,932	0,000	31411,436	31412,436	31413,441	31413,811	31414,211	31414,932	11,561	10,772	7,401	7,292	13,440	13,440	13,724	12,931	1,000	811,000	317,000	868,978	215,467
290,000	1000,000	1290,000	1,958	23,000	37,533	8,000	36,943	17,209	19,592	5,589	31,198	230,000	0,000	84336,698	84337,697	84338,850	84339,143	84339,373	84340,151	0,000	31416,698	31417,697	31418,850	31419,143	31419,373	31420,151	13,110	11,956	3,726	4,449	13,440	13,440	22,252	26,673	1,000	852,000	283,000	868,978	215,467
390,000	1030,000	1420,000	2,407	13,592	35,055	8,000	37,368	16,065	22,055	3,125	31,720	140,000	0,000	84341,896	84342,896	84346,579	84346,973	84347,113	84348,014	0,000	31421,896	31422,896	31426,579	31426,973	31427,113	31428,014	12,067	11,166	2,047	2,507	13,440	13,440	24,209	23,323	1,000	835,000	294,000	868,978	215,467
420,000	1260,000	1680,000	3,674	15,079	38,011	14,000	36,910	17,173	19,860	5,320	32,331	190,000	0,000	84349,783	84350,784	84352,372	84352,801	84352,991	84354,073	0,000	31429,783	31430,784	31432,372	31432,801	31432,991	31434,073	12,490	12,235	3,457	4,248	13,440	13,440	28,143	27,078	1,000	792,000	321,000	868,978	215,467
320,000	1340,000	1660,000	3,216	21,642	34,806	10,000	36,794	19,475	17,003	8,177	32,290	290,000	0,000	84356,472	84357,472	84400,317	84400,644	84400,934	84401,993	0,000	31436,472	31437,472	31440,317	31440,644	31440,934	31441,993	14,291	13,898	5,452	6,416	13,440	13,440	23,550	27,184	1,000	792,000	300,000	868,978	215,467
350,000	1190,000	1540,000	2,959	27,731	32,771	10,000	37,109	16,530	16,821	8,359	34,246	330,000	0,000	84403,875	84404,875	84406,969	84407,322	84407,652	84408,523	0,000	31443,875	31444,876	31446,969	31447,322	31447,652	31448,523	12,236	11,644	6,015	6,198	13,440	13,440	19,480	20,678	1,000	805,000	299,000	868,978	215,467
340,000	2590,000	2930,000	17,950	5,019	33,887	28,000	39,719	33,298	21,968	3,212	30,723	130,000	0,000	84410,155	84411,156	84413,761	84414,113	84414,243	84416,714	0,000	31450,156	31451,156	31453,761	31454,113	31454,243	31456,714	24,562	23,366	1,981	2,659	13,440	13,440	23,862	28,665	1,000	424,000	673,000	868,978	215,467
70,000	950,000	1020,000	18,455	35,789	28,282	6,000	56,587	12,284	21,822	3,358	62,233	340,000	0,000	84417,323	84418,325	84421,687	84421,887	84422,227	84422,841	0,000	31457,323	31458,325	31461,687	31461,887	31462,227	31462,841	8,891	9,117	2,810	2,223	13,440	13,440	14,601	19,106	1,000	420,000	694,000	868,978	215,467
30,000	1410,000	1440,000	19,048	12,057	27,680	16,000	57,307	13,540	24,877	0,303	65,528	170,000	0,000	84423,433	84424,435	84425,964	84426,165	84426,335	84427,583	0,000	31463,433	31464,435	31465,964	31466,165	31466,335	31467,583	9,789	10,267	0,259	0,209	13,440	13,440	0,402	1,835	1,000	402,000	706,000	868,978	215,467
30,000	660,000	690,000	19,331	21,212	17,792	4,000	43,511	5,996	23,092	2,088	44,578	140,000	0,000	84428,847	84429,847	84431,813	84432,013	84432,153	84432,683	0,000	31468,847	31469,847	31471,813	31472,013	31472,153	31472,683	3,684	4,641	1,317	1,607	13,440	13,440	13,897	13,591	1,000	411,000	728,000	868,978	215,467
140,000	20,000	160,000	19,304	0,000	0,000	0,000	28,965	0,000	25,180	0,000	28,965	0,000	0,000	84433,804	84434,806	84436,774	84436,974	84436,974	84437,002	0,000	31473,804	31474,806	31476,774	31476,975	31476,975	31477,002	0,000	0,000	0,000	0,000	13,440	13,440	NaN	NaN	1,000	393,000	710,000	868,978	215,467
340,000	1780,000	2120,000	5,005	7,303	34,176	18,000	36,048	16,855	21,814	3,366	31,190	130,000	0,000	84440,030	84441,031	84443,184	84443,532	84443,662	84445,321	0,000	31480,031	31481,031	31483,184	31483,532	31483,662	31485,321	11,842	12,290	2,035	2,738	13,440	13,440	27,438	27,523	1,000	739,000	337,000	868,978	215,467
30,000	690,000	720,000	19,307	23,188	21,264	10,000	46,219	7,573	22,321	2,859	48,528	160,000	0,000	84446,784	84447,785	84451,147	84451,348	84451,508	84452,042	0,000	31486,784	31487,785	31491,147	31491,348	31491,508	31492,042	4,783	5,990	2,056	2,154	13,440	13,440	18,044	20,128	1,000	396,000	713,000	868,978	215,467
30,000	740,000	770,000	19,241	20,270	18,621	6,000	43,742	6,215	22,909	2,271	45,294	150,000	0,000	84452,633	84453,632	84455,663	84455,863	84456,013	84456,611	0,000	31492,633	31493,632	31495,663	31495,863	31496,013	31496,611	3,798	4,868	1,541	1,656	13,440	13,440	9,440	13,321	1,000	384,000	698,000	868,978	215,467
30,000	1130,000	1160,000	19,104	14,159	6,867	14,000	36,671	3,201	24,831	0,349	36,949	160,000	0,000	84457,203	84458,203	84500,578	84500,779	84500,939	84501,912	0,000	31497,203	31498,203	31500,578	31500,779	31500,939	31501,912	1,828	2,588	0,199	0,265	13,440	13,440	0,016	0,011	1,000	382,000	689,000	868,978	215,467
250,000	20,000	270,000	18,450	0,000	0,000	0,000	30,559	0,000	25,180	0,000	30,559	0,000	0,000	84502,508	84503,508	84506,803	84507,063	84507,063	84507,091	0,000	31502,508	31503,508	31506,803	31507,063	31507,063	31507,091	0,000	0,000	0,000	0,000	13,440	13,440	NaN	NaN	1,000	395,000	669,000	868,978	215,467
450,000	1020,000	1470,000	2,974	17,647	63,768	10,000	35,818	17,358	19,820	5,360	33,060	180,000	0,000	84507,684	84508,684	84512,345	84512,801	84512,981	84513,832	0,000	31507,684	31508,684	31512,345	31512,801	31512,981	31513,832	12,095	12,741	3,909	4,033	13,440	13,440	34,424	33,726	1,000	793,000	289,000	868,978	215,467
400,000	830,000	1230,000	3,632	31,325	41,630	6,000	35,359	15,828	18,631	6,549	32,620	260,000	0,000	84516,871	84517,871	84519,648	84520,052	84520,312	84520,891	0,000	31516,871	31517,871	31519,648	31520,052	31520,312	31520,891	11,194	11,620	4,625	5,029	13,440	13,440	29,832	30,420	1,000	799,000	324,000	868,978	215,467
30,000	110,000	140,000	19,162	0,000	0,578	0,000	28,915	0,025	25,180	0,000	28,950	0,000	0,000	84522,719	84523,719	84525,321	84525,522	84525,522	84525,642	0,000	31522,719	31523,719	31525,321	31525,522	31525,522	31525,642	0,000	0,029	0,000	0,000	13,440	13,440	0,056	NaN	1,000	385,000	695,000	868,978	215,467
500,000	1550,000	2050,000	2,993	12,903	37,385	20,000	35,977	17,006	21,244	3,936	32,475	200,000	0,000	84529,293	84530,294	84533,027	84533,534	84533,734	84535,091	0,000	31529,293	31530,294	31533,027	31533,534	31533,734	31535,091	11,815	12,518	2,790	2,989	13,440	13,440	20,876	21,252	1,000	793,000	290,000	868,978	215,467
470,000	830,000	1300,000	3,272	46,988	40,476	6,000	35,351	16,200	15,131	10,049	34,219	390,000	0,000	84536,444	84537,444	84538,844	84539,322	84539,712	84540,161	0,000	31536,445	31537,445	31538,844	31539,322	31539,712	31540,161	10,804	12,126	6,650	7,622	13,440	13,440	2,957	4,288	1,000	785,000	296,000	868,978	215,467
70,000	1430,000	1500,000	18,865	15,385	12,256	12,000	38,045	6,617	24,768	0,412	30,429	220,000	0,000	84543,984	84544,983	84546,233	84546,434	84546,654	84547,871	0,000	31543,984	31544,983	31546,233	31546,434	31546,654	31547,871	6,668	3,460	0,323	0,300	13,440	13,440	1,561	2,459	1,000	401,000	696,000	868,978	215,467
30,000	570,000	600,000	19,125	54,386	21,191	2,000	40,098	4,605	22,107	3,073	41,102	310,000	0,000	84548,464	84549,466	84553,132	84553,333	84553,643	84553,913	0,000	31548,464	31549,466	31553,132	31553,333	31553,643	31553,913	2,842	3,628	2,203	2,263	13,440	13,440	15,595	15,495	1,000	397,000	705,000	868,978	215,467
440,000	1030,000	1470,000	2,290	13,592	48,113	8,000	37,468	17,045	22,060	3,120	33,374	140,000	0,000	84554,505	84555,504	84558,889	84559,331	84559,471	84600,372	0,000	31554,505	31555,504	31558,889	31559,331	31559,471	31560,372	12,377	12,067	2,362	2,239	13,440	13,440	25,663	27,291	1,000	825,000	284,000	868,978	215,467
420,000	1050,000	1470,000	2,611	15,238	40,811	10,000	36,732	17,007	21,685	3,495	32,984	160,000	0,000	84602,604	84603,604	84607,299	84607,721	84607,882	84608,783	0,000	31562,604	31563,604	31567,299	31567,722	31567,882	31568,783	12,067	12,291	2,571	2,578	13,440	13,440	24,253	23,894	1,000	815,000	291,000	868,978	215,467
400,000	940,000	1340,000	2,697	20,213	44,375	9,000	35,934	17,765	21,164	4,016	31,265	190,000	0,000	84611,488	84612,487	84614,606	84615,013	84615,203	84615,961	0,000	31571,488	31572,487	31574,606	31575,013	31575,203	31575,961	12,601	12,940	2,704	3,151	13,440	13,440	22,598	24,528	1,000	804,000	286,000	868,978	215,467
420,000	1000,000	1420,000	3,027	20,000	53,460	10,000	36,193	17,033	19,152	6,028	33,105	200,000	0,000	84618,303	84619,302	84622,723	84623,154	84623,354	84624,162	0,000	31578,303	31579,302	31582,723	31583,154	31583,354	31584,162	11,926	12,431	4,101	4,682	13,440	13,440	34,202	33,740	1,000	805,000	302,000	868,978	215,467
