900,000	150,000	1050,000	18,614	93,333	1,194	0,000	55,720	0,126	17,042	0,124	55,720	140,000	150813,287	150919,902	150920,903	150923,460	150924,366	150924,506	150924,528	54493,287	54559,903	54560,903	54563,460	54564,366	54564,506	54564,528	0,086	0,057	0,085	0,057	-13,440	13,440	NaN	0,767	1,000	1024,000	698,000	571,022	215,467
1110,000	90,000	1200,000	18,785	0,000	0,550	0,000	56,335	0,024	17,165	0,000	56,310	0,000	150813,287	150926,301	150927,302	150930,229	150931,348	150931,348	150931,447	54493,287	54566,301	54567,302	54570,229	54571,348	54571,348	54571,447	0,030	0,000	0,000	0,000	-13,440	13,440	0,053	NaN	1,000	1039,000	692,000	571,022	215,467
30,000	160,000	190,000	2,761	93,750	4,144	0,000	75,248	0,377	16,787	0,378	75,248	150,000	150813,287	150932,030	150933,030	150934,061	150934,262	150934,412	150934,427	54493,287	54572,030	54573,030	54574,061	54574,262	54574,412	54574,427	0,281	0,423	0,282	0,422	-13,440	13,440	NaN	3,089	1,000	635,000	141,000	571,022	215,467
320,000	120,000	440,000	10,632	91,667	4,273	0,000	60,055	0,336	16,833	0,333	60,055	110,000	150813,287	150943,708	150944,710	150946,190	150946,518	150946,628	150946,647	54493,287	54583,708	54584,710	54586,190	54586,518	54586,628	54586,647	0,228	0,228	0,229	0,225	-13,440	13,440	NaN	3,916	1,000	843,000	478,000	571,022	215,467
570,000	860,000	1430,000	7,647	20,930	20,617	9,000	53,893	9,191	16,278	0,887	56,042	180,000	150813,287	150955,347	150956,347	150959,914	151000,489	151000,669	151001,356	54493,287	54595,347	54596,347	54599,914	54600,489	54600,669	54601,357	6,642	6,726	0,683	0,592	-13,440	13,440	11,639	5,457	1,000	761,000	410,000	571,022	215,467
1000,000	430,000	1430,000	9,579	58,140	23,830	2,000	53,285	7,410	13,594	3,571	54,504	250,000	150813,287	151008,261	151009,263	151011,379	151012,388	151012,638	151012,827	54493,287	54608,261	54609,263	54611,379	54612,388	54612,638	54612,827	4,906	6,037	2,331	3,074	-13,440	13,440	0,945	19,006	1,000	828,000	439,000	571,022	215,467
490,000	940,000	1430,000	2,148	20,213	22,130	12,000	52,397	15,136	13,968	3,197	55,109	190,000	150813,287	151017,474	151018,474	151021,047	151021,547	151021,737	151022,496	54493,287	54617,474	54618,474	54621,047	54621,547	54621,737	54622,496	10,560	11,276	2,188	2,580	-13,440	13,440	7,104	20,009	1,000	630,000	264,000	571,022	215,467
860,000	570,000	1430,000	6,117	49,123	29,307	3,000	52,807	10,820	13,422	3,743	54,823	280,000	150813,287	151025,770	151026,772	151027,800	151028,666	151028,946	151029,246	54493,287	54625,770	54626,772	54627,800	54628,666	54628,946	54629,246	7,626	8,078	2,729	2,754	-13,440	13,440	10,773	16,394	1,000	721,000	373,000	571,022	215,467
550,000	880,000	1430,000	4,485	14,773	23,779	10,000	52,578	13,755	16,109	1,057	55,750	130,000	150813,287	151032,784	151033,785	151037,496	151038,057	151038,187	151038,947	54493,287	54632,784	54633,785	54637,496	54638,057	54638,187	54638,947	9,700	10,063	0,777	0,784	-13,440	13,440	4,991	8,110	1,000	684,000	328,000	571,022	215,467
460,000	970,000	1430,000	2,856	14,433	22,482	10,000	52,945	14,653	16,035	1,130	56,161	140,000	150813,287	151043,107	151044,107	151045,957	151046,426	151046,566	151047,407	54493,287	54643,107	54644,107	54645,957	54646,426	54646,566	54647,407	10,515	10,592	0,898	0,801	-13,440	13,440	5,462	8,432	1,000	640,000	290,000	571,022	215,467
510,000	920,000	1430,000	5,940	26,087	16,025	12,000	53,056	11,427	14,960	2,205	55,881	240,000	150813,287	151050,984	151051,984	151053,867	151054,386	151054,626	151055,318	54493,287	54650,984	54651,984	54653,867	54654,386	54654,626	54655,318	7,936	8,652	1,562	1,709	-13,440	13,440	0,937	11,717	1,000	733,000	351,000	571,022	215,467
790,000	640,000	1430,000	10,553	32,812	16,242	6,000	54,304	6,686	15,655	1,510	56,645	210,000	150813,287	151059,395	151100,396	151103,909	151104,708	151104,918	151105,358	54493,287	54659,395	54660,396	54663,909	54664,708	54664,918	54665,358	4,497	5,385	1,140	1,103	-13,440	13,440	7,583	7,785	1,000	859,000	456,000	571,022	215,467
410,000	1020,000	1430,000	2,526	31,373	18,490	14,000	53,738	14,242	13,594	3,571	55,959	320,000	150813,287	151110,747	151111,746	151115,722	151116,138	151116,458	151117,167	54493,287	54670,747	54671,746	54675,722	54676,138	54676,458	54677,167	10,316	10,227	2,495	2,818	-13,440	13,440	1,034	14,297	1,000	640,000	273,000	571,022	215,467
570,000	860,000	1430,000	2,574	29,070	23,394	10,000	53,038	15,112	14,141	3,025	55,615	250,000	150813,287	151119,900	151120,901	151122,113	151122,687	151122,937	151123,556	54493,287	54679,900	54680,901	54682,113	54682,687	54682,937	54683,556	10,740	11,095	2,156	2,285	-13,440	13,440	4,187	15,362	1,000	643,000	272,000	571,022	215,467
2210,000	640,000	2850,000	8,092	46,875	21,460	5,000	53,730	9,316	13,971	3,194	55,599	300,000	150813,287	151126,142	151127,144	151128,513	151130,727	151131,027	151131,377	54493,287	54686,142	54687,144	54688,513	54690,727	54691,027	54691,377	6,536	7,043	2,299	2,413	-13,440	13,440	7,270	12,493	1,000	783,000	410,000	571,022	215,467
390,000	40,000	430,000	18,211	0,000	0,348	0,000	57,393	0,016	17,164	0,001	57,432	0,000	150813,287	151134,459	151135,458	151137,259	151137,657	151137,657	151137,707	54493,287	54694,459	54695,458	54697,259	54697,657	54697,657	54697,707	0,000	0,029	0,000	0,003	-13,440	13,440	0,016	NaN	1,000	1038,000	664,000	571,022	215,467
440,000	990,000	1430,000	14,689	12,121	20,857	8,000	58,188	13,530	16,755	0,410	70,194	120,000	150813,287	151138,290	151139,290	151142,761	151143,207	151143,327	151144,206	54493,287	54698,290	54699,290	54702,761	54703,207	54703,327	54704,206	9,905	10,542	0,316	0,354	-13,440	13,440	7,792	3,729	1,000	935,000	590,000	571,022	215,467
1160,000	270,000	1430,000	13,076	77,778	24,424	1,000	54,618	4,503	14,083	3,082	55,115	210,000	150813,287	151144,825	151145,824	151146,957	151148,128	151148,338	151148,406	54493,287	54704,825	54705,824	54706,957	54708,128	54708,338	54708,406	3,219	3,450	2,196	2,431	-13,440	13,440	3,045	17,482	1,000	898,000	546,000	571,022	215,467
720,000	710,000	1430,000	5,201	39,437	24,421	7,000	53,297	12,592	13,271	3,894	55,503	280,000	150813,287	151152,007	151153,008	151156,171	151156,896	151157,176	151157,617	54493,287	54712,007	54713,008	54716,171	54716,896	54717,176	54717,617	9,022	9,081	2,936	2,778	-13,440	13,440	2,474	17,049	1,000	703,000	345,000	571,022	215,467
180,000	40,000	220,000	19,531	0,000	0,368	0,000	55,333	0,016	17,164	0,001	55,371	0,000	150813,287	151201,233	151202,233	151203,246	151203,446	151203,446	151203,486	54493,287	54721,233	54722,233	54723,246	54723,446	54723,446	54723,486	0,000	0,029	0,000	0,003	-13,440	13,440	0,017	NaN	1,000	1045,000	723,000	571,022	215,467
