840,000	380,000	1220,000	19,162	47,368	9,404	3,000	56,172	1,457	15,980	1,185	56,246	180,000	151401,406	151435,831	151436,830	151440,105	151440,947	151441,127	151441,337	54841,406	54875,831	54876,830	54880,105	54880,947	54881,127	54881,337	1,378	0,480	1,165	0,392	-13,440	13,440	5,533	5,304	1,000	1049,000	701,000	571,022	215,467
780,000	650,000	1430,000	5,707	29,231	21,963	7,000	54,739	11,281	14,340	2,825	56,173	190,000	151401,406	151447,573	151448,573	151451,765	151452,548	151452,738	151453,207	54841,406	54887,573	54888,574	54891,765	54892,548	54892,738	54893,207	8,376	7,812	2,063	2,087	-13,440	13,440	4,574	13,441	1,000	706,000	367,000	571,022	215,467
620,000	810,000	1430,000	2,835	23,457	24,860	12,000	54,863	15,254	14,232	2,933	56,277	190,000	151401,406	151456,972	151457,971	151501,014	151501,636	151501,826	151502,456	54841,406	54896,972	54897,971	54901,014	54901,636	54901,826	54902,456	11,750	9,913	2,208	2,116	-13,440	13,440	2,588	15,001	1,000	606,000	310,000	571,022	215,467
30,000	90,000	120,000	19,523	0,000	0,554	0,000	56,944	0,024	17,165	0,000	56,920	0,000	151401,406	151506,146	151507,146	151508,623	151508,824	151508,824	151508,918	54841,406	54906,146	54907,146	54908,623	54908,824	54908,824	54908,918	0,030	0,000	0,000	0,000	-13,440	13,440	0,053	NaN	1,000	1071,000	697,000	571,022	215,467
660,000	770,000	1430,000	5,958	38,961	18,992	8,000	55,082	11,438	13,817	3,348	56,912	300,000	151401,406	151513,371	151514,372	151517,078	151517,748	151518,048	151518,527	54841,406	54913,371	54914,372	54917,078	54917,748	54918,048	54918,527	8,646	7,798	2,634	2,248	-13,440	13,440	2,011	14,357	1,000	718,000	368,000	571,022	215,467
720,000	710,000	1430,000	6,633	50,704	20,430	6,000	55,247	11,204	12,388	4,777	56,735	360,000	151401,406	151521,908	151522,907	151526,467	151527,197	151527,557	151527,917	54841,406	54921,908	54922,907	54926,467	54927,197	54927,557	54927,917	8,438	7,700	3,759	3,172	-13,440	13,440	3,894	13,804	1,000	739,000	381,000	571,022	215,467
590,000	840,000	1430,000	5,081	33,333	20,110	12,000	54,101	12,872	13,467	3,698	55,818	280,000	151401,406	151532,025	151533,025	151537,003	151537,598	151537,878	151538,447	54841,406	54932,025	54933,025	54937,003	54937,598	54937,878	54938,447	9,514	8,883	2,775	2,639	-13,440	13,440	3,607	15,596	1,000	687,000	354,000	571,022	215,467
560,000	870,000	1430,000	6,403	31,034	17,753	10,000	55,061	11,781	14,035	3,130	55,747	270,000	151401,406	151542,065	151543,064	151545,948	151546,518	151546,788	151547,396	54841,406	54942,065	54943,064	54945,948	54946,518	54946,788	54947,396	9,013	7,805	2,193	2,426	-13,440	13,440	5,625	10,779	1,000	716,000	391,000	571,022	215,467
510,000	920,000	1430,000	5,789	27,174	16,765	13,000	53,811	12,004	14,342	2,824	55,473	250,000	151401,406	151551,673	151552,675	151554,802	151555,316	151555,566	151556,247	54841,406	54951,673	54952,675	54954,802	54955,316	54955,566	54956,247	8,826	8,395	2,042	2,135	-13,440	13,440	1,540	13,280	1,000	707,000	370,000	571,022	215,467
30,000	130,000	160,000	19,451	0,000	0,838	0,000	57,405	0,064	17,165	0,000	57,394	0,000	151401,406	151603,252	151604,252	151606,237	151606,437	151606,437	151606,577	54841,406	54963,252	54964,252	54966,237	54966,438	54966,438	54966,577	0,058	0,029	0,000	0,000	-13,440	13,440	0,766	NaN	1,000	1076,000	688,000	571,022	215,467
30,000	1100,000	1130,000	0,441	34,545	4,823	8,000	66,403	3,062	16,162	1,004	67,030	380,000	151401,406	151608,139	151609,138	151610,301	151610,502	151610,882	151611,607	54841,406	54968,139	54969,138	54970,301	54970,502	54970,882	54971,607	2,646	1,604	0,849	0,632	-13,440	13,440	0,243	2,293	1,000	556,000	211,000	571,022	215,467
630,000	800,000	1430,000	9,603	45,000	15,310	6,000	54,173	8,579	14,233	2,932	55,855	360,000	151401,406	151613,911	151614,911	151618,429	151619,067	151619,427	151619,879	54841,406	54973,911	54974,912	54978,429	54979,067	54979,427	54979,879	6,306	6,048	2,325	1,921	-13,440	13,440	0,737	11,312	1,000	803,000	466,000	571,022	215,467
110,000	20,000	130,000	18,903	0,000	0,000	0,000	56,551	0,000	17,165	0,000	56,551	0,000	151401,406	151623,975	151624,975	151627,629	151627,830	151627,830	151627,856	54841,406	54983,975	54984,975	54987,629	54987,830	54987,830	54987,856	0,000	0,000	0,000	0,000	-13,440	13,440	NaN	NaN	1,000	1046,000	691,000	571,022	215,467
550,000	880,000	1430,000	4,311	30,682	22,941	10,000	53,037	13,245	14,494	2,672	55,158	270,000	151401,406	151632,740	151633,740	151634,962	151635,517	151635,787	151636,406	54841,406	54992,740	54993,740	54994,962	54995,517	54995,787	54996,406	9,525	9,507	1,892	2,066	-13,440	13,440	1,512	13,264	1,000	667,000	335,000	571,022	215,467
900,000	530,000	1430,000	11,525	28,302	16,566	7,000	54,826	5,646	16,053	1,112	55,970	150,000	151401,406	151640,221	151641,221	151644,306	151645,207	151645,357	151645,747	54841,406	55000,221	55001,221	55004,306	55005,207	55005,357	55005,747	4,055	4,215	0,760	0,905	-13,440	13,440	4,552	8,242	1,000	862,000	504,000	571,022	215,467
140,000	390,000	530,000	19,301	35,897	1,013	4,000	56,247	0,234	17,075	0,090	56,278	140,000	151401,406	151650,309	151651,308	151654,962	151655,163	151655,303	151655,557	54841,406	55010,309	55011,308	55014,962	55015,163	55015,303	55015,557	0,198	0,084	0,068	0,031	-13,440	13,440	0,422	0,250	1,000	1057,000	700,000	571,022	215,467
240,000	20,000	260,000	19,383	0,000	0,000	0,000	55,959	0,000	17,165	0,000	55,959	0,000	151401,406	151700,753	151701,752	151705,592	151705,837	151705,837	151705,867	54841,406	55020,753	55021,752	55025,592	55025,838	55025,838	55025,867	0,000	0,000	0,000	0,000	-13,440	13,440	NaN	NaN	1,000	1051,000	710,000	571,022	215,467
650,000	780,000	1430,000	4,470	42,308	22,182	8,000	53,268	12,978	12,880	4,286	54,819	330,000	151401,406	151710,643	151711,643	151713,818	151714,477	151714,807	151715,267	54841,406	55030,643	55031,643	55033,818	55034,477	55034,807	55035,267	9,364	9,300	3,048	3,240	-13,440	13,440	1,379	16,104	1,000	671,000	339,000	571,022	215,467
530,000	50,000	580,000	19,130	0,000	0,545	0,000	55,628	0,024	17,165	0,000	55,602	0,000	151401,406	151719,401	151720,400	151722,041	151722,576	151722,576	151722,637	54841,406	55039,401	55040,400	55042,042	55042,577	55042,577	55042,637	0,030	0,000	0,003	0,000	-13,440	13,440	0,047	NaN	1,000	1038,000	710,000	571,022	215,467
30,000	1400,000	1430,000	0,156	17,857	5,332	17,000	65,400	3,392	16,778	0,387	67,286	250,000	151401,406	151734,784	151735,784	151739,071	151739,272	151739,522	151740,678	54841,406	55054,784	55055,784	55059,071	55059,272	55059,522	55060,678	2,788	2,053	0,360	0,110	-13,440	13,440	1,190	0,567	1,000	570,000	210,000	571,022	215,467
30,000	20,000	50,000	18,784	0,000	0,000	0,000	56,780	0,000	17,165	0,000	56,780	0,000	151401,406	151743,744	151744,744	151746,743	151746,944	151746,944	151746,967	54841,406	55063,744	55064,744	55066,743	55066,944	55066,944	55066,967	0,000	0,000	0,000	0,000	-13,440	13,440	NaN	NaN	1,000	1046,000	685,000	571,022	215,467
610,000	820,000	1430,000	4,040	46,341	24,642	7,000	54,305	13,181	12,706	4,460	55,586	380,000	151401,406	151752,603	151753,603	151755,444	151756,057	151756,437	151756,887	54841,406	55072,603	55073,603	55075,444	55076,057	55076,437	55076,887	9,903	8,941	3,300	3,188	-13,440	13,440	0,406	14,688	1,000	655,000	332,000	571,022	215,467
680,000	750,000	1430,000	7,651	22,667	18,720	11,000	53,696	9,868	15,904	1,261	56,303	170,000	151401,406	151803,282	151804,282	151806,324	151807,007	151807,177	151807,767	54841,406	55083,282	55084,282	55086,324	55087,007	55087,177	55087,767	6,891	7,489	0,859	1,075	-13,440	13,440	7,319	8,483	1,000	778,000	392,000	571,022	215,467
590,000	840,000	1430,000	11,486	21,429	10,627	9,000	54,895	6,184	16,537	0,628	56,253	180,000	151401,406	151818,976	151819,975	151822,006	151822,607	151822,787	151823,457	54841,406	55098,976	55099,975	55102,006	55102,607	55102,787	55103,457	4,460	4,516	0,374	0,577	-13,440	13,440	6,583	3,337	1,000	862,000	502,000	571,022	215,467
290,000	20,000	310,000	19,004	0,000	0,000	0,000	56,234	0,000	17,165	0,000	56,234	0,000	151401,406	151829,740	151830,741	151833,131	151833,427	151833,427	151833,457	54841,406	55109,740	55110,741	55113,131	55113,427	55113,427	55113,457	0,000	0,000	0,000	0,000	-13,440	13,440	NaN	NaN	1,000	1044,000	698,000	571,022	215,467
700,000	730,000	1430,000	6,693	42,466	20,914	8,000	54,253	10,599	13,849	3,316	56,098	310,000	151401,406	151838,970	151839,970	151841,905	151842,607	151842,917	151843,346	54841,406	55118,970	55119,970	55121,905	55122,607	55122,917	55123,346	7,728	7,543	2,526	2,281	-13,440	13,440	4,179	13,303	1,000	738,000	385,000	571,022	215,467
620,000	810,000	1430,000	8,268	34,568	15,796	5,000	53,063	9,576	14,460	2,706	54,850	280,000	151401,406	151847,298	151848,299	151851,697	151852,327	151852,607	151853,147	54841,406	55127,298	55128,299	55131,697	55132,327	55132,607	55133,147	6,589	7,355	1,771	2,335	-13,440	13,440	2,959	11,011	1,000	786,000	416,000	571,022	215,467
590,000	840,000	1430,000	6,006	34,524	18,104	9,000	54,037	11,307	14,531	2,635	55,320	290,000	151401,406	151857,788	151858,788	151902,372	151902,967	151903,258	151903,817	54841,406	55137,788	55138,788	55142,372	55142,968	55143,258	55143,817	8,418	7,787	1,849	2,097	-13,440	13,440	3,272	11,894	1,000	713,000	375,000	571,022	215,467
680,000	750,000	1430,000	10,568	46,667	14,900	10,000	54,751	7,346	14,823	2,342	55,449	350,000	151401,406	151907,491	151908,491	151910,510	151911,196	151911,546	151911,957	54841,406	55147,491	55148,491	55150,510	55151,196	55151,546	55151,958	5,537	5,056	1,703	1,779	-13,440	13,440	3,587	9,834	1,000	821,000	496,000	571,022	215,467
520,000	910,000	1430,000	4,902	15,385	18,975	10,000	53,943	12,465	16,148	1,017	56,403	140,000	151401,406	151917,012	151918,014	151920,278	151920,808	151920,948	151921,726	54841,406	55157,012	55158,014	55160,279	55160,808	55160,948	55161,726	9,023	8,901	0,660	0,915	-13,440	13,440	2,921	7,787	1,000	694,000	339,000	571,022	215,467
550,000	880,000	1430,000	7,850	26,136	17,633	8,000	53,576	10,043	16,529	0,636	55,937	230,000	151401,406	151925,340	151926,340	151927,367	151927,928	151928,158	151928,817	54841,406	55165,341	55166,340	55167,367	55167,928	55168,158	55168,817	7,308	7,185	0,495	0,467	-13,440	13,440	13,210	3,272	1,000	762,000	419,000	571,022	215,467
650,000	780,000	1430,000	4,674	48,718	22,821	5,000	53,035	11,779	12,659	4,507	54,869	380,000	151401,406	151933,027	151934,027	151937,904	151938,557	151938,937	151939,347	54841,406	55173,027	55174,027	55177,904	55178,557	55178,937	55179,347	8,335	8,733	3,172	3,509	-13,440	13,440	2,699	16,522	1,000	696,000	325,000	571,022	215,467
100,000	20,000	120,000	18,486	0,000	0,000	0,000	56,912	0,000	17,165	0,000	56,912	0,000	151401,406	151943,700	151944,700	151948,345	151948,546	151948,546	151948,577	54841,406	55183,700	55184,700	55188,345	55188,547	55188,547	55188,577	0,000	0,000	0,000	0,000	-13,440	13,440	NaN	NaN	1,000	1039,000	677,000	571,022	215,467
660,000	770,000	1430,000	14,429	45,455	24,378	8,000	58,936	12,331	12,962	4,203	62,906	350,000	151401,406	151949,171	151950,172	151952,389	151953,057	151953,407	151953,837	54841,406	55189,171	55190,172	55192,389	55193,057	55193,407	55193,837	9,313	9,055	3,089	3,656	-13,440	13,440	1,203	13,572	1,000	932,000	580,000	571,022	215,467
730,000	700,000	1430,000	13,635	28,571	14,294	4,000	54,580	5,583	16,414	0,751	55,715	200,000	151401,406	151954,424	151955,425	151956,525	151957,259	151957,459	151957,967	54841,406	55194,424	55195,425	55196,525	55197,259	55197,459	55197,967	3,878	4,188	0,342	0,833	-13,440	13,440	3,039	2,873	1,000	920,000	552,000	571,022	215,467
620,000	810,000	1430,000	9,139	48,148	15,618	6,000	53,949	8,527	13,518	3,647	54,502	390,000	151401,406	152003,071	152004,071	152007,197	152007,827	152008,217	152008,647	54841,406	55203,071	55204,071	55207,197	55207,827	55208,217	55208,647	6,005	6,416	2,308	3,169	-13,440	13,440	0,434	11,895	1,000	802,000	444,000	571,022	215,467
530,000	900,000	1430,000	4,606	17,778	18,576	8,000	54,140	12,654	15,974	1,191	56,340	160,000	151401,406	152012,947	152013,948	152015,737	152016,277	152016,437	152017,188	54841,406	55212,947	55213,948	55215,737	55216,277	55216,437	55217,188	9,384	8,787	0,885	0,913	-13,440	13,440	6,029	8,082	1,000	675,000	342,000	571,022	215,467
780,000	650,000	1430,000	13,534	27,692	12,066	7,000	56,338	4,109	16,535	0,630	56,861	180,000	151401,406	152023,139	152024,138	152026,486	152027,277	152027,457	152027,937	54841,406	55223,139	55224,138	55226,486	55227,277	55227,457	55227,937	3,166	2,788	0,408	0,550	-13,440	13,440	6,359	4,446	1,000	912,000	555,000	571,022	215,467
3010,000	20,000	3030,000	19,042	0,000	0,000	0,000	56,474	0,000	17,165	0,000	56,474	0,000	151401,406	152034,859	152035,858	152037,369	152040,388	152040,388	152040,419	54841,406	55234,859	55235,858	55237,369	55240,388	55240,388	55240,419	0,000	0,000	0,000	0,000	-13,440	13,440	NaN	NaN	1,000	1049,000	695,000	571,022	215,467
950,000	480,000	1430,000	4,459	60,417	12,507	2,000	64,127	2,793	16,297	0,869	67,734	290,000	151401,406	152041,010	152042,011	152044,628	152045,588	152045,878	152046,077	54841,406	55241,010	55242,011	55244,628	55245,588	55245,878	55246,077	1,788	3,143	0,513	1,175	-13,440	13,440	9,227	2,890	1,000	658,000	348,000	571,022	215,467
