30,000	100,000	130,000	19,127	90,000	0,576	0,000	29,369	0,039	25,143	0,037	29,369	90,000	134745,429	134929,122	134930,122	134933,924	134934,124	134934,214	134934,233	49665,429	49769,122	49770,122	49773,924	49774,124	49774,214	49774,233	0,030	0,028	0,029	0,028	13,440	13,440	NaN	0,508	1,000	399,000	707,000	868,978	215,467
1450,000	-20,000	1430,000	14,317	-0,000	0,000	0,000	0,000	0,000	25,180	0,000	0,000	0,000	134745,429	134934,861	134935,861	134938,231	134939,692	134939,692	134939,683	49665,429	49774,861	49775,861	49778,231	49779,692	49779,692	49779,683	0,000	0,000	0,000	0,000	13,440	13,440	NaN	NaN	1,000	670,000	684,000	868,978	215,467
590,000	840,000	1430,000	13,264	27,381	9,679	8,000	33,410	4,548	24,750	0,430	30,515	230,000	134745,429	134941,211	134942,211	134945,097	134945,693	134945,924	134946,542	49665,429	49781,211	49782,211	49785,097	49785,694	49785,924	49786,542	3,647	3,145	0,430	0,265	13,440	13,440	5,888	1,552	1,000	548,000	561,000	868,978	215,467
430,000	1000,000	1430,000	7,927	14,000	15,340	11,000	36,281	9,446	24,492	0,688	31,830	140,000	134745,429	134954,746	134955,746	134958,267	134958,703	134958,842	134959,713	49665,429	49794,746	49795,746	49798,267	49798,703	49798,843	49799,713	7,105	6,627	0,422	0,551	13,440	13,440	2,729	4,112	1,000	685,000	429,000	868,978	215,467
450,000	140,000	590,000	18,804	92,857	1,372	0,000	30,487	0,106	25,075	0,105	30,487	130,000	134745,429	135003,810	135004,811	135008,195	135008,652	135008,782	135008,803	49665,429	49803,810	49804,811	49808,195	49808,652	49808,782	49808,803	0,087	0,056	0,086	0,056	13,440	13,440	NaN	1,036	1,000	399,000	691,000	868,978	215,467
3010,000	20,000	3030,000	18,724	0,000	0,000	0,000	30,095	0,000	25,180	0,000	30,095	0,000	134745,429	135013,922	135014,922	135017,743	135020,763	135020,763	135020,792	49665,429	49813,922	49814,922	49817,743	49820,763	49820,763	49820,792	0,000	0,000	0,000	0,000	13,440	13,440	NaN	NaN	1,000	397,000	685,000	868,978	215,467
1780,000	210,000	1990,000	16,717	66,667	6,939	2,000	31,471	1,179	24,338	0,842	31,120	140,000	134745,429	135026,041	135027,041	135029,161	135030,942	135031,082	135031,163	49665,429	49826,041	49827,041	49829,161	49830,942	49831,082	49831,164	0,834	0,880	0,580	0,642	13,440	13,440	0,404	5,985	1,000	444,000	631,000	868,978	215,467
370,000	1060,000	1430,000	5,383	13,208	18,818	14,000	35,531	12,485	24,422	0,758	30,621	140,000	134745,429	135035,712	135036,713	135038,627	135039,002	135039,142	135040,073	49665,429	49835,713	49836,713	49838,627	49839,002	49839,142	49840,073	9,064	9,034	0,631	0,528	13,440	13,440	4,456	5,333	1,000	729,000	346,000	868,978	215,467
30,000	820,000	850,000	0,150	15,854	10,160	8,000	64,802	4,160	24,376	0,804	66,896	130,000	134745,429	135043,600	135044,600	135045,800	135046,001	135046,131	135046,822	49665,429	49843,600	49844,600	49845,800	49846,001	49846,131	49846,822	3,320	2,644	0,650	0,548	13,440	13,440	6,225	6,368	1,000	865,000	219,000	868,978	215,467
30,000	20,000	50,000	18,705	0,000	0,000	0,000	30,105	0,000	25,180	0,000	30,105	0,000	134745,429	135049,427	135050,426	135052,608	135052,809	135052,809	135052,832	49665,429	49849,427	49850,426	49852,608	49852,809	49852,809	49852,832	0,000	0,000	0,000	0,000	13,440	13,440	NaN	NaN	1,000	396,000	683,000	868,978	215,467
370,000	1060,000	1430,000	7,133	16,981	14,505	15,000	35,636	10,417	24,149	1,031	31,652	180,000	134745,429	135057,241	135058,241	135102,211	135102,582	135102,761	135103,653	49665,429	49857,241	49858,241	49862,211	49862,582	49862,762	49863,653	7,550	7,520	0,769	0,754	13,440	13,440	0,462	6,104	1,000	684,000	389,000	868,978	215,467
30,000	680,000	710,000	0,539	48,529	4,665	4,000	71,622	1,510	24,100	1,080	72,170	330,000	134745,429	135107,951	135108,952	135110,620	135110,821	135111,152	135111,512	49665,429	49867,951	49868,952	49870,621	49870,822	49871,152	49871,512	1,183	1,181	0,851	0,877	13,440	13,440	1,032	2,455	1,000	887,000	222,000	868,978	215,467
350,000	1080,000	1430,000	6,635	16,667	14,418	14,000	34,913	11,152	23,969	1,211	31,147	180,000	134745,429	135114,126	135115,127	135118,241	135118,593	135118,773	135119,684	49665,429	49874,126	49875,127	49878,241	49878,593	49878,773	49879,684	7,750	8,274	0,769	0,972	13,440	13,440	1,310	8,230	1,000	689,000	368,000	868,978	215,467
30,000	430,000	460,000	0,195	30,233	7,061	5,000	73,661	0,936	24,994	0,186	74,474	130,000	134745,429	135124,176	135125,176	135127,401	135127,602	135127,732	135128,043	49665,429	49884,176	49885,176	49887,401	49887,602	49887,732	49888,043	0,845	0,450	0,210	0,098	13,440	13,440	0,959	1,167	1,000	863,000	219,000	868,978	215,467
360,000	1070,000	1430,000	8,703	22,430	12,136	11,000	34,137	9,350	24,040	1,140	29,762	240,000	134745,429	135130,865	135131,864	135133,967	135134,333	135134,573	135135,412	49665,429	49890,865	49891,865	49893,967	49894,333	49894,573	49895,412	6,847	6,773	0,781	0,877	13,440	13,440	3,237	5,920	1,000	646,000	430,000	868,978	215,467
350,000	1080,000	1430,000	5,782	14,815	14,707	13,000	35,998	11,677	24,157	1,023	31,497	160,000	134745,429	135140,484	135141,484	135144,575	135144,932	135145,092	135146,024	49665,429	49900,484	49901,484	49904,575	49904,932	49905,092	49906,024	8,442	8,432	0,684	0,800	13,440	13,440	1,894	5,792	1,000	718,000	355,000	868,978	215,467
410,000	1020,000	1430,000	7,791	16,667	16,907	13,000	35,359	9,663	24,368	0,812	31,740	170,000	134745,429	135149,904	135150,904	135153,951	135154,362	135154,532	135155,392	49665,429	49909,904	49910,904	49913,951	49914,362	49914,532	49915,392	6,903	7,035	0,543	0,636	13,440	13,440	1,401	4,254	1,000	666,000	404,000	868,978	215,467
400,000	1030,000	1430,000	7,337	15,534	12,835	14,000	35,778	10,187	24,171	1,009	31,722	160,000	134745,429	135159,702	135200,702	135203,921	135204,323	135204,483	135205,362	49665,429	49919,702	49920,702	49923,921	49924,323	49924,483	49925,362	7,428	7,305	0,761	0,733	13,440	13,440	1,784	6,751	1,000	676,000	391,000	868,978	215,467
430,000	1000,000	1430,000	7,921	18,000	14,172	8,000	34,247	9,877	23,896	1,284	31,306	180,000	134745,429	135209,573	135210,575	135214,375	135214,812	135214,992	135215,823	49665,429	49929,573	49930,575	49934,375	49934,812	49934,992	49935,823	6,729	7,436	0,886	0,982	13,440	13,440	0,316	7,776	1,000	652,000	395,000	868,978	215,467
30,000	20,000	50,000	19,003	0,000	0,000	0,000	29,432	0,000	25,180	0,000	29,432	0,000	134745,429	135220,107	135221,107	135222,956	135223,156	135223,156	135223,182	49665,429	49940,107	49941,107	49942,956	49943,156	49943,156	49943,182	0,000	0,000	0,000	0,000	13,440	13,440	NaN	NaN	1,000	391,000	693,000	868,978	215,467
390,000	1040,000	1430,000	6,894	14,423	14,199	11,000	36,342	10,354	24,271	0,909	32,000	150,000	134745,429	135228,853	135229,853	135231,465	135231,863	135232,013	135232,913	49665,429	49948,853	49949,853	49951,465	49951,863	49952,013	49952,913	7,758	7,288	0,720	0,640	13,440	13,440	1,126	6,342	1,000	701,000	394,000	868,978	215,467
340,000	1090,000	1430,000	6,096	19,266	15,497	15,000	36,218	11,431	23,789	1,391	32,194	210,000	134745,429	135237,559	135238,559	135241,408	135241,753	135241,963	135242,851	49665,429	49957,559	49958,559	49961,408	49961,753	49961,963	49962,851	8,416	8,135	1,185	0,941	13,440	13,440	0,210	8,203	1,000	718,000	371,000	868,978	215,467
360,000	1070,000	1430,000	7,071	14,019	14,332	14,000	35,533	10,346	24,475	0,705	31,728	150,000	134745,429	135247,357	135248,358	135251,426	135251,792	135251,942	135252,872	49665,429	49967,357	49968,358	49971,426	49971,792	49971,942	49972,872	7,362	7,553	0,508	0,524	13,440	13,440	5,547	4,604	1,000	678,000	379,000	868,978	215,467
420,000	1010,000	1430,000	8,005	19,802	13,578	11,000	34,963	9,896	23,894	1,286	30,912	200,000	134745,429	135256,997	135257,997	135301,490	135301,913	135302,113	135302,932	49665,429	49976,997	49977,997	49981,490	49981,913	49982,113	49982,932	7,351	7,077	0,981	0,951	13,440	13,440	2,462	7,732	1,000	669,000	418,000	868,978	215,467
470,000	960,000	1430,000	7,628	12,500	14,762	14,000	35,332	9,824	24,500	0,680	31,200	120,000	134745,429	135307,425	135308,425	135309,611	135310,082	135310,202	135311,052	49665,429	49987,425	49988,425	49989,611	49990,082	49990,202	49991,052	7,114	7,102	0,458	0,516	13,440	13,440	6,171	5,471	1,000	675,000	405,000	868,978	215,467
450,000	980,000	1430,000	5,934	17,347	18,560	10,000	35,174	11,675	23,975	1,205	32,242	170,000	134745,429	135314,777	135315,776	135319,155	135319,611	135319,781	135320,604	49665,429	49994,777	49995,776	49999,155	49999,611	49999,781	50000,604	8,048	8,705	1,010	0,841	13,440	13,440	0,883	7,547	1,000	704,000	347,000	868,978	215,467
570,000	860,000	1430,000	8,306	26,744	15,490	6,000	35,471	9,261	23,616	1,564	31,664	230,000	134745,429	135323,922	135324,922	135327,130	135327,702	135327,932	135328,572	49665,429	50003,922	50004,922	50007,131	50007,702	50007,932	50008,572	6,993	6,519	1,223	1,108	13,440	13,440	2,834	6,242	1,000	666,000	430,000	868,978	215,467
370,000	1060,000	1430,000	7,111	26,415	13,626	13,000	35,587	10,402	23,379	1,801	31,541	280,000	134745,429	135332,040	135333,040	135334,628	135335,002	135335,282	135336,072	49665,429	50012,040	50013,040	50014,629	50015,002	50015,282	50016,072	7,728	7,379	1,314	1,324	13,440	13,440	3,001	6,507	1,000	693,000	397,000	868,978	215,467
350,000	1080,000	1430,000	5,912	22,222	15,735	10,000	35,154	11,791	23,670	1,510	31,504	240,000	134745,429	135339,611	135340,611	135342,242	135342,603	135342,842	135343,692	49665,429	50019,611	50020,611	50022,242	50022,603	50022,843	50023,692	8,374	8,623	1,177	1,063	13,440	13,440	2,927	6,189	1,000	710,000	353,000	868,978	215,467
440,000	990,000	1430,000	8,025	25,253	14,615	9,000	35,380	9,507	23,667	1,513	32,005	250,000	134745,429	135347,498	135348,498	135350,861	135351,303	135351,553	135352,302	49665,429	50027,498	50028,498	50030,861	50031,303	50031,553	50032,302	6,942	6,848	1,201	1,048	13,440	13,440	1,030	7,627	1,000	668,000	418,000	868,978	215,467
330,000	1100,000	1430,000	3,519	32,727	21,304	11,000	37,515	13,462	21,090	4,091	35,119	360,000	134745,429	135356,476	135357,476	135359,636	135359,972	135360,332	135401,082	49665,429	50036,476	50037,476	50039,636	50039,972	50040,332	50041,082	9,919	9,519	3,275	2,829	13,440	13,440	9,295	15,702	1,000	787,000	310,000	868,978	215,467
360,000	1070,000	1430,000	6,316	21,495	14,113	14,000	35,449	11,187	23,610	1,570	31,210	230,000	134745,429	135404,709	135405,709	135406,712	135407,082	135407,312	135408,161	49665,429	50044,709	50045,709	50046,713	50047,082	50047,312	50048,162	8,045	8,114	0,976	1,252	13,440	13,440	3,777	5,946	1,000	707,000	371,000	868,978	215,467
430,000	1000,000	1430,000	6,157	12,000	16,067	13,000	36,072	10,993	24,266	0,914	32,339	120,000	134745,429	135412,186	135413,186	135414,949	135415,382	135415,502	135416,394	49665,429	50052,186	50053,186	50054,949	50055,382	50055,502	50056,394	7,829	7,983	0,633	0,697	13,440	13,440	1,222	7,908	1,000	711,000	367,000	868,978	215,467
430,000	1000,000	1430,000	5,620	34,000	20,132	9,000	35,269	12,299	22,387	2,793	31,581	340,000	134745,429	135419,873	135420,874	135422,074	135422,513	135422,853	135423,522	49665,429	50059,873	50060,874	50062,074	50062,513	50062,853	50063,522	8,928	8,920	2,084	2,075	13,440	13,440	2,906	11,049	1,000	724,000	353,000	868,978	215,467
130,000	350,000	480,000	0,610	42,857	2,462	5,000	75,020	0,304	25,055	0,125	75,565	150,000	134745,429	135427,056	135428,056	135431,512	135431,713	135431,863	135432,072	49665,429	50067,056	50068,056	50071,512	50071,713	50071,863	50072,072	0,227	0,338	0,114	0,058	13,440	13,440	0,549	0,614	1,000	876,000	236,000	868,978	215,467
470,000	20,000	490,000	18,705	0,000	0,000	0,000	30,105	0,000	25,180	0,000	30,105	0,000	134745,429	135434,302	135435,302	135437,767	135438,242	135438,242	135438,272	49665,429	50074,302	50075,302	50077,767	50078,242	50078,242	50078,272	0,000	0,000	0,000	0,000	13,440	13,440	NaN	NaN	1,000	396,000	683,000	868,978	215,467
410,000	1020,000	1430,000	5,382	14,706	16,593	12,000	35,422	12,063	24,268	0,912	31,054	150,000	134745,429	135442,903	135443,903	135445,089	135445,502	135445,652	135446,533	49665,429	50082,903	50083,903	50085,089	50085,502	50085,652	50086,533	8,595	8,840	0,668	0,674	13,440	13,440	4,335	6,492	1,000	730,000	347,000	868,978	215,467
30,000	200,000	230,000	0,361	95,000	0,645	0,000	76,561	0,083	25,100	0,080	76,561	190,000	134745,429	135450,727	135451,727	135454,479	135454,679	135454,869	135454,881	49665,429	50090,727	50091,727	50094,479	50094,679	50094,869	50094,881	0,086	0,000	0,085	0,000	13,440	13,440	NaN	0,064	1,000	881,000	211,000	868,978	215,467
330,000	1100,000	1430,000	6,892	17,273	16,359	9,000	33,303	11,255	24,450	0,730	31,022	190,000	134745,429	135457,552	135458,552	135502,081	135502,412	135502,602	135503,524	49665,429	50097,552	50098,552	50102,081	50102,412	50102,602	50103,524	7,162	8,808	0,594	0,489	13,440	13,440	4,374	4,090	1,000	678,000	369,000	868,978	215,467
30,000	200,000	230,000	0,732	95,000	2,030	0,000	74,536	0,186	24,997	0,183	74,536	190,000	134745,429	135508,274	135509,274	135511,905	135512,105	135512,295	135512,312	49665,429	50108,274	50109,274	50111,905	50112,105	50112,295	50112,312	0,142	0,084	0,141	0,084	13,440	13,440	NaN	0,370	1,000	882,000	238,000	868,978	215,467
