480,000	90,000	570,000	18,645	0,000	0,589	0,000	56,718	0,040	17,165	0,000	56,731	0,000	121008,243	121026,997	121027,996	121031,426	121031,914	121031,914	121032,014	43808,243	43826,997	43827,996	43831,426	43831,914	43831,914	43832,014	0,028	0,029	0,003	0,000	-13,440	13,440	0,491	NaN	1,000	1042,000	682,000	571,022	215,467
90,000	20,000	110,000	20,684	0,000	0,000	0,000	57,093	0,000	17,165	0,000	57,093	0,000	121008,243	121037,505	121038,504	121041,841	121042,042	121042,042	121042,063	43808,243	43837,505	43838,504	43841,841	43842,042	43842,042	43842,063	0,000	0,000	0,000	0,000	-13,440	13,440	NaN	NaN	1,000	1108,000	718,000	571,022	215,467
30,000	670,000	700,000	22,105	26,866	34,035	6,000	55,740	13,821	12,277	4,888	60,547	180,000	121008,243	121043,334	121044,334	121047,412	121047,612	121047,792	121048,285	43808,243	43843,334	43844,334	43847,412	43847,612	43847,792	43848,285	9,737	10,158	3,699	3,364	-13,440	13,440	16,849	22,994	1,000	1129,000	769,000	571,022	215,467
650,000	1280,000	1930,000	2,382	11,719	24,653	18,000	53,394	20,401	15,921	1,244	56,439	150,000	121008,243	121049,633	121050,632	121053,079	121053,735	121053,885	121055,023	43808,243	43849,633	43850,632	43853,079	43853,735	43853,885	43855,023	15,205	13,802	0,918	0,914	-13,440	13,440	2,578	7,883	1,000	492,000	185,000	571,022	215,467
1110,000	360,000	1470,000	18,545	52,778	5,857	2,000	55,512	1,049	16,437	0,728	55,747	190,000	121008,243	121056,513	121057,513	121059,042	121100,153	121100,343	121100,524	43808,243	43856,513	43857,513	43859,042	43860,153	43860,343	43860,524	0,676	0,872	0,491	0,635	-13,440	13,440	3,373	3,539	1,000	1037,000	682,000	571,022	215,467
30,000	120,000	150,000	0,248	0,000	1,697	0,000	69,584	0,121	17,165	0,000	69,835	0,000	121008,243	121101,117	121102,117	121103,338	121103,540	121103,540	121103,664	43808,243	43861,118	43862,117	43863,338	43863,540	43863,540	43863,664	0,086	0,114	0,000	0,000	-13,440	13,440	1,535	NaN	1,000	577,000	209,000	571,022	215,467
100,000	110,000	210,000	18,914	0,000	1,000	0,000	57,483	0,064	17,165	0,000	57,473	0,000	121008,243	121105,526	121106,526	121109,349	121109,549	121109,549	121109,664	43808,243	43865,526	43866,526	43869,349	43869,549	43869,549	43869,664	0,058	0,029	0,000	0,000	-13,440	13,440	0,684	NaN	1,000	1062,000	675,000	571,022	215,467
30,000	40,000	70,000	19,308	0,000	0,350	0,000	57,235	0,016	17,164	0,001	57,273	0,000	121008,243	121110,246	121111,246	121113,766	121113,967	121113,967	121114,013	43808,243	43870,246	43871,246	43873,766	43873,967	43873,967	43874,013	0,000	0,029	0,000	0,003	-13,440	13,440	0,016	NaN	1,000	1069,000	688,000	571,022	215,467
30,000	1500,000	1530,000	19,144	11,333	30,620	14,000	55,464	16,593	13,042	4,123	59,932	170,000	121008,243	121115,205	121116,204	121118,435	121118,636	121118,806	121120,143	43808,243	43875,205	43876,204	43878,435	43878,636	43878,806	43880,143	12,037	11,757	3,025	3,040	-13,440	13,440	22,220	20,886	1,000	1060,000	689,000	571,022	215,467
120,000	110,000	230,000	18,108	90,909	1,673	0,000	56,751	0,101	17,065	0,100	56,751	100,000	121008,243	121120,736	121121,736	121123,480	121123,680	121123,780	121123,794	43808,243	43880,736	43881,736	43883,480	43883,680	43883,780	43883,794	0,028	0,142	0,028	0,140	-13,440	13,440	NaN	1,359	1,000	1025,000	672,000	571,022	215,467
960,000	970,000	1930,000	2,128	18,557	35,830	8,000	52,274	21,223	13,944	3,221	55,889	180,000	121008,243	121124,446	121125,446	121127,835	121128,803	121128,984	121129,784	43808,243	43884,446	43885,446	43887,835	43888,804	43888,984	43889,784	15,091	15,335	2,287	2,587	-13,440	13,440	19,881	21,369	1,000	523,000	157,000	571,022	215,467
2010,000	-60,000	1950,000	19,504	-0,000	0,000	0,000	0,000	0,000	17,165	0,000	0,000	0,000	121008,243	121131,054	121132,053	121134,318	121136,334	121136,334	121136,285	43808,243	43891,054	43892,053	43894,318	43896,334	43896,334	43896,285	0,000	0,000	0,000	0,000	-13,440	13,440	NaN	NaN	1,000	1071,000	696,000	571,022	215,467
590,000	1020,000	1610,000	3,322	23,529	34,821	10,000	54,433	22,293	13,684	3,481	56,491	240,000	121008,243	121142,728	121143,728	121145,105	121145,704	121145,944	121146,735	43808,243	43902,728	43903,728	43905,105	43905,704	43905,944	43906,735	17,019	14,488	2,688	2,340	-13,440	13,440	12,051	19,417	1,000	462,000	170,000	571,022	215,467
680,000	20,000	700,000	19,838	0,000	0,000	0,000	56,470	0,000	17,165	0,000	56,470	0,000	121008,243	121148,035	121149,035	121152,312	121152,995	121152,995	121153,025	43808,243	43908,035	43909,035	43912,312	43912,995	43912,995	43913,025	0,000	0,000	0,000	0,000	-13,440	13,440	NaN	NaN	1,000	1073,000	711,000	571,022	215,467
710,000	440,000	1150,000	18,556	45,455	4,953	2,000	52,845	1,273	16,427	0,738	53,747	200,000	121008,243	121154,546	121155,546	121157,253	121157,973	121158,173	121158,423	43808,243	43914,546	43915,546	43917,253	43917,973	43918,173	43918,423	0,253	1,772	0,173	1,013	-13,440	13,440	2,377	2,735	1,000	1053,000	666,000	571,022	215,467
1050,000	880,000	1930,000	1,722	19,318	38,749	10,000	53,524	19,616	13,635	3,530	55,526	170,000	121008,243	121202,798	121203,799	121206,984	121208,044	121208,214	121208,935	43808,243	43922,798	43923,799	43926,984	43928,044	43928,214	43928,935	14,799	12,924	2,710	2,523	-13,440	13,440	16,723	21,779	1,000	513,000	235,000	571,022	215,467
810,000	420,000	1230,000	18,466	30,952	7,058	4,000	54,883	1,516	16,709	0,457	55,592	130,000	121008,243	121211,155	121212,155	121216,132	121216,943	121217,073	121217,374	43808,243	43931,155	43932,155	43936,132	43936,943	43937,073	43937,374	0,928	1,323	0,325	0,400	-13,440	13,440	1,849	3,024	1,000	1036,000	679,000	571,022	215,467
1330,000	600,000	1930,000	0,924	23,333	37,189	5,000	53,106	16,159	14,293	2,872	56,460	140,000	121008,243	121217,968	121218,968	121220,591	121221,924	121222,064	121222,535	43808,243	43937,968	43938,968	43940,591	43941,924	43942,064	43942,536	11,433	11,894	2,072	2,274	-13,440	13,440	2,724	19,214	1,000	603,000	208,000	571,022	215,467
600,000	1330,000	1930,000	1,437	21,805	45,805	10,000	52,924	25,009	8,788	8,377	53,600	290,000	121008,243	121223,769	121224,770	121227,241	121227,844	121228,134	121229,184	43808,243	43943,769	43944,770	43947,241	43947,844	43948,134	43949,184	18,441	17,145	5,585	6,868	-13,440	13,440	27,835	33,850	1,000	619,000	233,000	571,022	215,467
460,000	1470,000	1930,000	0,528	10,204	34,898	17,000	52,943	22,898	14,279	2,886	55,979	150,000	121008,243	121230,017	121231,017	121233,681	121234,145	121234,295	121235,623	43808,243	43950,017	43951,017	43953,681	43954,145	43954,295	43955,623	16,854	15,700	2,192	2,011	-13,440	13,440	15,186	19,966	1,000	574,000	234,000	571,022	215,467
630,000	1300,000	1930,000	0,862	10,769	29,005	14,000	51,921	21,170	14,560	2,605	55,088	140,000	121008,243	121236,498	121237,499	121239,164	121239,805	121239,945	121241,114	43808,243	43956,498	43957,499	43959,164	43959,805	43959,945	43961,114	14,964	15,244	1,707	2,184	-13,440	13,440	16,749	18,246	1,000	554,000	190,000	571,022	215,467
60,000	90,000	150,000	21,790	0,000	1,457	0,000	56,216	0,087	17,162	0,004	56,257	0,000	121008,243	121242,170	121243,170	121244,858	121245,059	121245,059	121245,154	43808,243	43962,170	43963,170	43964,858	43965,059	43965,059	43965,154	0,058	0,028	0,003	0,003	-13,440	13,440	1,224	NaN	1,000	1128,000	754,000	571,022	215,467
30,000	20,000	50,000	19,381	0,000	0,000	0,000	56,710	0,000	17,165	0,000	56,710	0,000	121008,243	121249,422	121250,423	121251,946	121252,146	121252,146	121252,174	43808,243	43969,422	43970,423	43971,946	43972,146	43972,146	43972,174	0,000	0,000	0,000	0,000	-13,440	13,440	NaN	NaN	1,000	1063,000	698,000	571,022	215,467
30,000	20,000	50,000	21,621	0,000	0,000	0,000	56,850	0,000	17,165	0,000	56,850	0,000	121008,243	121252,756	121253,756	121256,611	121256,811	121256,811	121256,833	43808,243	43972,756	43973,756	43976,611	43976,812	43976,812	43976,834	0,000	0,000	0,000	0,000	-13,440	13,440	NaN	NaN	1,000	1133,000	740,000	571,022	215,467
2860,000	780,000	3640,000	3,067	53,846	48,049	4,000	54,282	21,144	3,368	13,797	55,343	420,000	121008,243	121257,529	121258,529	121259,630	121302,494	121302,914	121303,284	43808,243	43977,529	43978,529	43979,630	43982,494	43982,914	43983,284	16,035	13,840	10,629	9,138	-13,440	13,440	30,545	34,014	1,000	469,000	177,000	571,022	215,467
60,000	180,000	240,000	19,964	0,000	0,967	0,000	56,972	0,088	17,165	0,000	56,937	0,000	121008,243	121304,376	121305,376	121307,285	121307,487	121307,487	121307,674	43808,243	43984,376	43985,376	43987,285	43987,487	43987,487	43987,674	0,086	0,029	0,000	0,000	-13,440	13,440	0,697	NaN	1,000	1086,000	704,000	571,022	215,467
90,000	20,000	110,000	22,527	0,000	0,000	0,000	57,009	0,000	17,165	0,000	57,009	0,000	121008,243	121309,210	121310,210	121313,952	121314,152	121314,152	121314,174	43808,243	43989,210	43990,210	43993,952	43994,152	43994,152	43994,174	0,000	0,000	0,000	0,000	-13,440	13,440	NaN	NaN	1,000	1163,000	755,000	571,022	215,467
2460,000	390,000	2850,000	6,439	41,026	35,138	4,000	55,018	9,641	14,482	2,684	56,586	160,000	121008,243	121315,510	121316,509	121319,659	121322,124	121322,284	121322,524	43808,243	43995,510	43996,509	43999,660	44002,124	44002,284	44002,524	7,054	6,989	1,917	2,106	-13,440	13,440	14,580	18,813	1,000	739,000	371,000	571,022	215,467
790,000	1140,000	1930,000	0,218	11,404	32,269	10,000	53,078	20,301	14,677	2,489	55,384	130,000	121008,243	121325,109	121326,109	121328,515	121329,315	121329,445	121330,463	43808,243	44005,109	44006,109	44008,515	44009,315	44009,445	44010,463	14,716	14,246	1,601	2,099	-13,440	13,440	13,589	19,248	1,000	569,000	208,000	571,022	215,467
630,000	1300,000	1930,000	0,957	14,615	33,077	14,000	53,015	25,950	14,305	2,861	54,275	190,000	121008,243	121331,588	121332,588	121336,542	121337,174	121337,364	121338,484	43808,243	44011,588	44012,588	44016,542	44017,174	44017,364	44018,484	19,473	17,357	1,665	2,691	-13,440	13,440	7,600	15,158	1,000	537,000	215,000	571,022	215,467
500,000	1430,000	1930,000	1,013	9,790	31,181	17,000	54,814	21,339	14,637	2,528	57,412	140,000	121008,243	121340,566	121341,565	121345,011	121345,514	121345,654	121346,954	43808,243	44020,566	44021,565	44025,011	44025,514	44025,654	44026,954	16,201	13,989	1,844	1,919	-13,440	13,440	17,231	18,450	1,000	536,000	207,000	571,022	215,467
550,000	1380,000	1930,000	7,529	10,870	35,233	14,000	54,274	27,672	13,773	3,392	56,876	150,000	121008,243	121348,410	121349,410	121353,090	121353,645	121353,795	121355,034	43808,243	44028,410	44029,410	44033,090	44033,645	44033,795	44035,034	21,219	18,000	2,529	2,433	-13,440	13,440	3,212	21,698	1,000	757,000	408,000	571,022	215,467
30,000	50,000	80,000	20,367	0,000	0,560	0,000	57,860	0,024	17,165	0,000	57,837	0,000	121008,243	121356,486	121357,486	121359,853	121400,054	121400,054	121400,114	43808,243	44036,486	44037,486	44039,853	44040,054	44040,054	44040,114	0,030	0,000	0,003	0,000	-13,440	13,440	0,048	NaN	1,000	1111,000	698,000	571,022	215,467
30,000	1210,000	1240,000	19,062	18,182	18,409	15,000	54,229	6,150	14,698	2,468	55,245	220,000	121008,243	121401,881	121402,882	121404,375	121404,576	121404,795	121405,793	43808,243	44041,881	44042,882	44044,375	44044,576	44044,796	44045,793	4,530	3,966	1,905	1,418	-13,440	13,440	6,699	6,709	1,000	1050,000	695,000	571,022	215,467
510,000	880,000	1390,000	1,233	15,909	36,765	10,000	53,698	19,871	14,102	3,063	56,712	140,000	121008,243	121406,398	121407,397	121411,164	121411,685	121411,825	121412,574	43808,243	44046,398	44047,397	44051,164	44051,685	44051,825	44052,574	14,683	13,444	2,344	2,094	-13,440	13,440	15,197	20,709	1,000	528,000	207,000	571,022	215,467
1420,000	510,000	1930,000	2,305	60,784	38,362	2,000	54,946	13,742	9,844	7,322	56,325	310,000	121008,243	121414,664	121415,664	121417,267	121418,695	121419,005	121419,213	43808,243	44054,664	44055,664	44057,267	44058,695	44059,005	44059,213	10,371	9,344	5,655	5,033	-13,440	13,440	6,787	32,627	1,000	624,000	278,000	571,022	215,467
30,000	20,000	50,000	19,352	0,000	0,000	0,000	57,470	0,000	17,165	0,000	57,470	0,000	121008,243	121420,976	121421,976	121425,956	121426,157	121426,157	121426,184	43808,243	44060,976	44061,976	44065,956	44066,157	44066,157	44066,184	0,000	0,000	0,000	0,000	-13,440	13,440	NaN	NaN	1,000	1074,000	685,000	571,022	215,467
540,000	1390,000	1930,000	0,959	15,108	38,511	15,000	54,947	22,383	13,707	3,458	56,386	210,000	121008,243	121430,256	121431,257	121434,284	121434,834	121435,044	121436,234	43808,243	44070,256	44071,257	44074,284	44074,834	44075,044	44076,234	17,675	13,702	2,717	2,340	-13,440	13,440	18,054	18,629	1,000	537,000	213,000	571,022	215,467
1130,000	800,000	1930,000	0,877	36,250	31,926	8,000	53,299	17,017	13,890	3,275	55,471	290,000	121008,243	121447,541	121448,541	121449,776	121450,914	121451,204	121451,724	43808,243	44087,541	44088,541	44089,776	44090,914	44091,204	44091,724	12,295	12,278	2,167	2,887	-13,440	13,440	9,723	13,455	1,000	600,000	227,000	571,022	215,467
30,000	260,000	290,000	20,235	73,077	3,153	1,000	58,221	0,477	16,793	0,373	58,272	190,000	121008,243	121452,951	121453,952	121455,718	121455,919	121456,109	121456,184	43808,243	44092,951	44093,952	44095,718	44095,919	44096,109	44096,184	0,481	0,086	0,400	0,054	-13,440	13,440	1,259	0,583	1,000	1117,000	684,000	571,022	215,467
