30,000	180,000	210,000	17,913	94,444	1,655	0,000	32,035	0,166	25,015	0,165	32,035	170,000	161848,332	161932,873	161933,885	161935,013	161935,214	161935,384	161935,400	58728,332	58772,873	58773,885	58775,013	58775,214	58775,384	58775,400	0,086	0,142	0,085	0,143	13,440	13,440	NaN	1,553	1,000	428,000	675,000	868,978	215,467
330,000	1100,000	1430,000	8,441	30,000	10,620	14,000	36,450	8,847	23,344	1,836	32,297	330,000	161848,332	161940,770	161941,771	161945,241	161945,577	161945,907	161946,688	58728,332	58780,770	58781,771	58785,241	58785,577	58785,907	58786,688	6,950	6,022	1,332	1,353	13,440	13,440	1,205	7,445	1,000	678,000	447,000	868,978	215,467
570,000	860,000	1430,000	8,104	17,442	14,567	10,000	36,006	9,065	24,320	0,860	31,737	150,000	161848,332	161951,848	161952,848	161954,719	161955,299	161955,449	161956,167	58728,332	58791,848	58792,848	58794,719	58795,299	58795,449	58796,167	6,913	6,348	0,669	0,622	13,440	13,440	7,739	6,326	1,000	680,000	433,000	868,978	215,467
370,000	1060,000	1430,000	3,199	15,094	17,453	17,000	36,487	14,211	23,843	1,337	31,894	160,000	161848,332	161959,330	162000,330	162001,789	162002,167	162002,327	162003,237	58728,332	58799,330	58800,330	58801,789	58802,167	58802,327	58803,237	10,280	10,246	1,007	1,003	13,440	13,440	1,589	9,101	1,000	794,000	301,000	868,978	215,467
400,000	1030,000	1430,000	7,769	18,447	15,321	10,000	34,953	9,464	24,126	1,054	31,832	190,000	161848,332	162008,173	162009,172	162012,351	162012,757	162012,947	162013,797	58728,332	58808,173	58809,173	58812,351	58812,757	58812,947	58813,797	6,517	7,098	0,684	0,835	13,440	13,440	5,874	6,153	1,000	669,000	406,000	868,978	215,467
320,000	1110,000	1430,000	4,903	11,712	17,632	14,000	35,589	12,735	24,557	0,623	30,472	130,000	161848,332	162017,221	162018,221	162020,928	162021,258	162021,388	162022,377	58728,332	58817,221	58818,221	58820,928	58821,258	58821,388	58822,377	9,109	9,292	0,365	0,515	13,440	13,440	4,880	4,732	1,000	745,000	338,000	868,978	215,467
640,000	790,000	1430,000	9,572	65,823	15,789	6,000	33,670	8,092	21,001	4,179	32,182	520,000	161848,332	162026,529	162027,528	162028,610	162029,258	162029,778	162030,058	58728,332	58826,529	58827,528	58828,610	58829,258	58829,778	58830,058	5,450	6,187	2,760	3,276	13,440	13,440	1,197	13,566	1,000	615,000	442,000	868,978	215,467
250,000	90,000	340,000	19,062	0,000	0,576	0,000	29,284	0,025	25,180	0,000	29,319	0,000	161848,332	162033,733	162034,733	162036,736	162036,986	162036,986	162037,088	58728,332	58833,733	58834,733	58836,736	58836,986	58836,986	58837,088	0,000	0,029	0,000	0,000	13,440	13,440	0,056	NaN	1,000	392,000	697,000	868,978	215,467
80,000	20,000	100,000	18,565	0,000	0,000	0,000	30,593	0,000	25,180	0,000	30,593	0,000	161848,332	162041,400	162042,401	162045,610	162045,811	162045,811	162045,837	58728,332	58841,400	58842,401	58845,610	58845,811	58845,811	58845,837	0,000	0,000	0,000	0,000	13,440	13,440	NaN	NaN	1,000	405,000	685,000	868,978	215,467
500,000	930,000	1430,000	7,470	12,903	13,987	15,000	35,244	10,040	24,363	0,817	31,147	120,000	161848,332	162051,416	162052,418	162055,336	162055,837	162055,957	162056,778	58728,332	58851,417	58852,418	58855,336	58855,837	58855,957	58856,778	7,312	7,250	0,603	0,615	13,440	13,440	4,534	7,010	1,000	686,000	408,000	868,978	215,467
860,000	570,000	1430,000	10,359	26,316	16,070	7,000	33,275	7,155	23,924	1,256	30,942	150,000	161848,332	162100,385	162101,385	162102,430	162103,297	162103,447	162103,877	58728,332	58860,385	58861,385	58862,430	58863,297	58863,447	58863,877	4,887	5,426	0,859	0,963	13,440	13,440	3,845	8,927	1,000	599,000	466,000	868,978	215,467
580,000	850,000	1430,000	5,201	34,118	20,101	10,000	35,366	12,459	21,107	4,073	32,799	290,000	161848,332	162108,072	162109,072	162110,143	162110,727	162111,017	162111,587	58728,332	58868,072	58869,072	58870,143	58870,727	58871,017	58871,587	8,869	9,109	2,977	3,010	13,440	13,440	5,486	16,716	1,000	738,000	346,000	868,978	215,467
560,000	870,000	1430,000	9,616	18,391	16,963	8,000	32,858	8,569	24,480	0,701	29,180	160,000	161848,332	162114,729	162115,729	162117,563	162118,127	162118,287	162119,007	58728,332	58874,729	58875,730	58877,563	58878,127	58878,287	58879,007	5,897	6,487	0,361	0,597	13,440	13,440	9,777	3,459	1,000	628,000	458,000	868,978	215,467
460,000	970,000	1430,000	8,888	20,619	13,357	15,000	34,852	8,692	24,399	0,781	30,675	200,000	161848,332	162122,885	162123,886	162126,609	162127,077	162127,277	162128,057	58728,332	58882,885	58883,886	58886,609	58887,077	58887,277	58888,057	6,513	6,207	0,551	0,605	13,440	13,440	6,863	4,346	1,000	655,000	448,000	868,978	215,467
500,000	930,000	1430,000	6,349	15,054	15,596	11,000	35,459	10,506	24,033	1,147	32,658	140,000	161848,332	162132,204	162133,204	162136,305	162136,807	162136,947	162137,747	58728,332	58892,204	58893,204	58896,305	58896,807	58896,947	58897,748	7,308	7,793	0,940	0,782	13,440	13,440	3,462	8,195	1,000	699,000	364,000	868,978	215,467
510,000	920,000	1430,000	7,516	50,000	16,448	9,000	34,587	10,383	21,246	3,935	31,823	460,000	161848,332	162141,021	162142,022	162144,342	162144,856	162145,316	162145,787	58728,332	58901,021	58902,022	58904,342	58904,856	58905,316	58905,787	7,624	7,535	2,910	2,915	13,440	13,440	0,071	12,410	1,000	689,000	413,000	868,978	215,467
570,000	860,000	1430,000	5,640	27,907	16,314	10,000	35,876	11,475	22,102	3,078	33,068	240,000	161848,332	162148,509	162149,508	162153,162	162153,737	162153,977	162154,607	58728,332	58908,509	58909,508	58913,162	58913,737	58913,977	58914,607	8,223	8,323	2,264	2,240	13,440	13,440	0,579	13,438	1,000	731,000	361,000	868,978	215,467
500,000	930,000	1430,000	5,459	25,806	15,541	13,000	36,374	11,479	22,297	2,883	33,127	240,000	161848,332	162157,376	162158,376	162201,300	162201,808	162202,048	162202,749	58728,332	58917,376	58918,376	58921,300	58921,808	58922,048	58922,749	8,260	8,291	2,020	2,164	13,440	13,440	1,420	12,543	1,000	732,000	353,000	868,978	215,467
500,000	930,000	1430,000	6,568	29,032	16,159	13,000	33,862	10,984	22,064	3,116	31,889	270,000	161848,332	162207,636	162208,636	162211,162	162211,667	162211,937	162212,607	58728,332	58927,636	58928,636	58931,162	58931,667	58931,937	58932,607	7,082	8,536	1,925	2,495	13,440	13,440	1,545	13,555	1,000	684,000	358,000	868,978	215,467
520,000	910,000	1430,000	6,819	20,879	17,168	10,000	34,749	10,608	23,934	1,246	31,063	190,000	161848,332	162216,411	162217,411	162220,589	162221,117	162221,307	162222,037	58728,332	58936,411	58937,411	58940,589	58941,117	58941,307	58942,037	7,264	7,968	0,659	1,075	13,440	13,440	7,504	6,369	1,000	690,000	379,000	868,978	215,467
680,000	750,000	1430,000	11,203	17,333	11,787	7,000	31,262	6,605	24,456	0,724	30,627	130,000	161848,332	162225,856	162226,855	162229,546	162230,227	162230,357	162230,987	58728,332	58945,856	58946,855	58949,546	58950,227	58950,357	58950,987	3,578	5,575	0,366	0,629	13,440	13,440	5,841	5,413	1,000	553,000	458,000	868,978	215,467
470,000	960,000	1430,000	9,142	30,208	11,590	12,000	34,402	8,399	23,316	1,864	31,689	290,000	161848,332	162235,639	162236,638	162238,662	162239,137	162239,427	162240,106	58728,332	58955,639	58956,638	58958,662	58959,137	58959,427	58960,107	5,958	6,209	1,337	1,422	13,440	13,440	2,309	7,645	1,000	633,000	439,000	868,978	215,467
410,000	1020,000	1430,000	5,222	32,353	16,546	9,000	35,413	12,402	21,340	3,840	32,215	330,000	161848,332	162243,746	162244,746	162245,914	162246,327	162246,657	162247,357	58728,332	58963,746	58964,746	58965,914	58966,327	58966,657	58967,357	8,906	9,043	2,747	2,872	13,440	13,440	1,963	14,199	1,000	735,000	344,000	868,978	215,467
610,000	20,000	630,000	19,085	0,000	0,000	0,000	29,454	0,000	25,180	0,000	29,454	0,000	161848,332	162250,404	162251,404	162253,814	162254,427	162254,427	162254,457	58728,332	58970,404	58971,404	58973,814	58974,427	58974,427	58974,457	0,000	0,000	0,000	0,000	13,440	13,440	NaN	NaN	1,000	397,000	703,000	868,978	215,467
910,000	20,000	930,000	13,409	0,000	0,000	0,000	45,661	0,000	25,180	0,000	45,661	0,000	161848,332	162259,397	162300,398	162302,919	162303,837	162303,837	162303,867	58728,332	58979,397	58980,398	58982,919	58983,837	58983,837	58983,867	0,000	0,000	0,000	0,000	13,440	13,440	NaN	NaN	1,000	658,000	643,000	868,978	215,467
3010,000	20,000	3030,000	15,246	0,000	0,000	0,000	39,444	0,000	25,180	0,000	39,444	0,000	161848,332	162306,186	162307,186	162311,077	162314,096	162314,096	162314,127	58728,332	58986,186	58987,186	58991,077	58994,096	58994,096	58994,127	0,000	0,000	0,000	0,000	13,440	13,440	NaN	NaN	1,000	515,000	626,000	868,978	215,467
500,000	930,000	1430,000	4,645	29,032	17,423	10,000	36,039	12,776	21,705	3,475	32,002	270,000	161848,332	162320,730	162321,729	162324,856	162325,367	162325,637	162326,307	58728,332	59000,730	59001,730	59004,856	59005,367	59005,637	59006,307	9,478	9,101	2,525	2,575	13,440	13,440	2,576	15,904	1,000	750,000	330,000	868,978	215,467
440,000	990,000	1430,000	4,738	29,293	16,970	12,000	35,061	13,016	21,810	3,370	32,081	290,000	161848,332	162328,846	162329,847	162331,123	162331,566	162331,856	162332,569	58728,332	59008,846	59009,847	59011,123	59011,567	59011,857	59012,569	9,269	9,554	2,604	2,415	13,440	13,440	1,981	15,305	1,000	741,000	325,000	868,978	215,467
260,000	1170,000	1430,000	2,639	13,675	21,808	12,000	36,584	15,288	25,110	0,070	29,511	160,000	161848,332	162335,595	162336,595	162337,876	162338,137	162338,297	162339,317	58728,332	59015,595	59016,595	59017,876	59018,137	59018,297	59019,317	11,344	10,886	0,056	0,060	13,440	13,440	9,283	0,424	1,000	806,000	285,000	868,978	215,467
550,000	880,000	1430,000	3,973	30,682	21,788	10,000	36,092	13,418	21,073	4,107	32,957	270,000	161848,332	162341,920	162342,919	162345,270	162345,826	162346,097	162346,716	58728,332	59021,920	59022,919	59025,270	59025,827	59026,097	59026,716	9,580	9,748	2,978	3,011	13,440	13,440	2,292	13,957	1,000	764,000	310,000	868,978	215,467
480,000	950,000	1430,000	2,441	25,263	23,798	12,000	36,291	15,363	22,093	3,087	31,873	240,000	161848,332	162349,261	162350,262	162352,073	162352,559	162352,799	162353,518	58728,332	59029,261	59030,262	59032,073	59032,559	59032,799	59033,518	11,210	11,035	2,341	2,244	13,440	13,440	4,377	15,546	1,000	804,000	273,000	868,978	215,467
280,000	40,000	320,000	19,083	0,000	0,316	0,000	29,279	0,014	25,179	0,001	29,299	0,000	161848,332	162356,050	162357,049	162359,511	162359,797	162359,797	162359,847	58728,332	59036,050	59037,050	59039,512	59039,797	59039,797	59039,847	0,000	0,000	0,000	0,000	13,440	13,440	0,014	NaN	1,000	386,000	692,000	868,978	215,467
510,000	920,000	1430,000	4,526	16,304	19,018	14,000	35,909	13,040	23,879	1,301	31,332	150,000	161848,332	162403,763	162404,764	162406,816	162407,328	162407,478	162408,257	58728,332	59043,763	59044,764	59046,816	59047,328	59047,478	59048,257	9,515	9,369	1,060	0,908	13,440	13,440	3,873	9,077	1,000	752,000	326,000	868,978	215,467
490,000	940,000	1430,000	7,260	45,745	15,420	8,000	35,865	10,620	20,523	4,657	32,411	430,000	161848,332	162410,422	162411,421	162414,176	162414,679	162415,109	162415,627	58728,332	59050,422	59051,421	59054,176	59054,679	59055,109	59055,627	8,330	7,271	3,454	3,398	13,440	13,440	5,898	13,900	1,000	704,000	414,000	868,978	215,467
470,000	960,000	1430,000	5,275	22,917	15,030	14,000	35,250	12,322	22,648	2,532	31,905	220,000	161848,332	162418,890	162419,889	162422,442	162422,919	162423,139	162423,887	58728,332	59058,890	59059,889	59062,442	59062,919	59063,139	59063,887	8,819	8,986	1,954	1,796	13,440	13,440	0,667	14,422	1,000	727,000	338,000	868,978	215,467
430,000	1000,000	1430,000	4,730	16,000	17,362	17,000	35,356	12,813	23,764	1,416	31,659	160,000	161848,332	162426,677	162427,676	162431,333	162431,767	162431,927	162432,778	58728,332	59066,677	59067,676	59071,333	59071,767	59071,927	59072,778	8,882	9,498	1,018	1,049	13,440	13,440	1,769	9,478	1,000	744,000	328,000	868,978	215,467
390,000	1040,000	1430,000	3,915	17,308	18,528	10,000	35,715	13,671	23,750	1,430	31,664	180,000	161848,332	162435,131	162436,131	162437,777	162438,177	162438,357	162439,227	58728,332	59075,131	59076,131	59077,777	59078,177	59078,357	59079,227	9,547	10,053	0,999	1,052	13,440	13,440	2,199	8,214	1,000	765,000	308,000	868,978	215,467
230,000	1200,000	1430,000	5,176	15,000	16,032	14,000	36,083	12,252	25,139	0,041	30,437	180,000	161848,332	162441,715	162442,715	162446,543	162446,777	162446,957	162447,987	58728,332	59081,715	59082,715	59086,543	59086,777	59086,957	59087,987	9,106	8,745	0,085	0,000	13,440	13,440	12,981	0,059	1,000	749,000	355,000	868,978	215,467
210,000	1220,000	1430,000	4,076	14,754	21,658	11,000	35,401	13,496	25,109	0,071	30,251	180,000	161848,332	162450,967	162451,967	162454,041	162454,257	162454,437	162455,488	58728,332	59090,967	59091,967	59094,041	59094,257	59094,437	59095,488	9,442	10,006	0,000	0,082	13,440	13,440	11,938	0,091	1,000	760,000	311,000	868,978	215,467
580,000	850,000	1430,000	7,289	14,118	15,737	15,000	34,858	10,152	24,528	0,652	30,719	120,000	161848,332	162458,156	162459,156	162501,274	162501,858	162501,978	162502,716	58728,332	59098,156	59099,156	59101,274	59101,858	59101,978	59102,716	7,189	7,491	0,357	0,554	13,440	13,440	7,095	5,537	1,000	684,000	397,000	868,978	215,467
