100,000	250,000	350,000	20,913	96,000	7,106	0,000	27,023	0,769	24,412	0,769	27,023	240,000	123006,158	123027,746	123028,746	123030,233	123030,433	123030,673	123030,694	45006,158	45027,746	45028,746	45030,233	45030,433	45030,673	45030,694	0,480	0,619	0,479	0,620	13,440	13,440	NaN	1,544	1,000	349,000	747,000	868,978	215,467
30,000	180,000	210,000	23,581	94,444	1,529	0,000	20,525	0,124	25,056	0,124	20,525	170,000	123006,158	123036,297	123037,297	123040,704	123040,905	123041,075	123041,095	45006,158	45036,297	45037,297	45040,704	45040,905	45041,075	45041,095	0,283	0,028	0,283	0,028	13,440	13,440	NaN	1,032	1,000	288,000	820,000	868,978	215,467
30,000	340,000	370,000	20,615	52,941	9,540	2,000	32,202	1,741	24,049	1,131	32,422	180,000	123006,158	123041,754	123042,755	123045,626	123045,827	123046,007	123046,173	45006,158	45041,754	45042,755	45045,627	45045,827	45046,007	45046,173	1,884	0,902	1,513	0,495	13,440	13,440	4,236	5,782	1,000	344,000	727,000	868,978	215,467
30,000	360,000	390,000	19,918	52,778	3,404	4,000	28,510	0,557	24,939	0,241	28,602	190,000	123006,158	123048,930	123049,931	123051,075	123051,276	123051,466	123051,643	45006,158	45048,930	45049,931	45051,075	45051,276	45051,466	45051,643	0,283	0,480	0,132	0,214	13,440	13,440	0,231	1,382	1,000	370,000	718,000	868,978	215,467
90,000	240,000	330,000	20,295	95,833	3,163	0,000	27,382	0,367	24,814	0,366	27,382	230,000	123006,158	123056,604	123057,604	123100,172	123100,373	123100,603	123100,615	45006,158	45056,604	45057,604	45060,172	45060,373	45060,603	45060,615	0,255	0,282	0,254	0,283	13,440	13,440	NaN	0,506	1,000	357,000	724,000	868,978	215,467
220,000	240,000	460,000	20,351	58,333	1,941	2,000	27,569	0,228	25,009	0,172	27,540	140,000	123006,158	123107,393	123108,393	123111,361	123111,583	123111,723	123111,833	45006,158	45067,393	45068,393	45071,361	45071,583	45071,723	45071,834	0,169	0,169	0,143	0,122	13,440	13,440	0,994	1,348	1,000	378,000	747,000	868,978	215,467
30,000	230,000	260,000	20,077	95,652	4,889	0,000	26,350	0,526	24,655	0,525	26,350	220,000	123006,158	123115,108	123116,107	123119,905	123120,106	123120,326	123120,344	45006,158	45075,108	45076,107	45079,905	45080,106	45080,326	45080,344	0,395	0,366	0,394	0,366	13,440	13,440	NaN	0,843	1,000	367,000	723,000	868,978	215,467
30,000	20,000	50,000	20,971	0,000	0,000	0,000	24,687	0,000	25,180	0,000	24,687	0,000	123006,158	123122,573	123123,574	123126,617	123126,818	123126,818	123126,844	45006,158	45082,573	45083,574	45086,617	45086,818	45086,818	45086,844	0,000	0,000	0,000	0,000	13,440	13,440	NaN	NaN	1,000	342,000	743,000	868,978	215,467
30,000	20,000	50,000	14,329	0,000	0,000	0,000	41,460	0,000	25,180	0,000	41,460	0,000	123006,158	123133,662	123134,663	123137,023	123137,224	123137,224	123137,254	45006,158	45093,662	45094,663	45097,023	45097,224	45097,224	45097,254	0,000	0,000	0,000	0,000	13,440	13,440	NaN	NaN	1,000	508,000	575,000	868,978	215,467
30,000	30,000	60,000	20,893	0,000	0,000	0,000	25,164	0,000	25,180	0,000	25,164	0,000	123006,158	123142,188	123143,189	123145,504	123145,704	123145,704	123145,743	45006,158	45102,188	45103,189	45105,504	45105,704	45105,704	45105,744	0,000	0,000	0,000	0,000	13,440	13,440	NaN	NaN	1,000	348,000	745,000	868,978	215,467
210,000	20,000	230,000	21,095	0,000	0,000	0,000	23,563	0,000	25,180	0,000	23,563	0,000	123006,158	123149,433	123150,433	123152,535	123152,753	123152,753	123152,783	45006,158	45109,433	45110,433	45112,535	45112,753	45112,753	45112,783	0,000	0,000	0,000	0,000	13,440	13,440	NaN	NaN	1,000	314,000	720,000	868,978	215,467
30,000	20,000	50,000	20,983	0,000	0,000	0,000	24,080	0,000	25,180	0,000	24,080	0,000	123006,158	123157,425	123158,425	123200,952	123201,153	123201,153	123201,183	45006,158	45117,425	45118,425	45120,952	45121,153	45121,153	45121,183	0,000	0,000	0,000	0,000	13,440	13,440	NaN	NaN	1,000	324,000	725,000	868,978	215,467
110,000	130,000	240,000	18,964	92,308	1,048	0,000	30,036	0,092	25,089	0,091	30,036	120,000	123006,158	123202,025	123203,026	123204,105	123204,306	123204,426	123204,443	45006,158	45122,025	45123,026	45124,105	45124,306	45124,426	45124,443	0,086	0,057	0,085	0,057	13,440	13,440	NaN	1,029	1,000	397,000	697,000	868,978	215,467
360,000	20,000	380,000	20,753	0,000	0,000	0,000	25,145	0,000	25,180	0,000	25,145	0,000	123006,158	123209,029	123210,030	123212,085	123212,455	123212,455	123212,484	45006,158	45129,029	45130,030	45132,085	45132,455	45132,455	45132,484	0,000	0,000	0,000	0,000	13,440	13,440	NaN	NaN	1,000	345,000	735,000	868,978	215,467
30,000	50,000	80,000	22,624	0,000	0,618	0,000	20,661	0,027	25,180	0,000	20,685	0,000	123006,158	123215,130	123216,131	123217,817	123218,017	123218,017	123218,074	45006,158	45135,130	45136,131	45137,817	45138,017	45138,017	45138,074	0,000	0,029	0,000	0,000	13,440	13,440	0,054	NaN	1,000	293,000	777,000	868,978	215,467
240,000	130,000	370,000	20,157	92,308	0,879	0,000	26,788	0,051	25,131	0,049	26,788	120,000	123006,158	123222,197	123223,197	123225,388	123225,634	123225,754	123225,773	45006,158	45142,197	45143,197	45145,388	45145,634	45145,754	45145,773	0,058	0,028	0,057	0,028	13,440	13,440	NaN	0,686	1,000	357,000	717,000	868,978	215,467
30,000	90,000	120,000	21,248	88,889	0,857	0,000	23,559	0,049	25,132	0,048	23,559	80,000	123006,158	123230,883	123231,882	123233,822	123234,022	123234,102	123234,114	45006,158	45150,883	45151,882	45153,822	45154,022	45154,102	45154,114	0,030	0,028	0,029	0,028	13,440	13,440	NaN	0,706	1,000	313,000	727,000	868,978	215,467
410,000	1520,000	1930,000	0,538	9,211	76,620	13,000	40,237	29,001	25,118	0,062	27,676	140,000	123006,158	123238,758	123239,758	123241,126	123241,543	123241,683	123243,075	45006,158	45158,758	45159,759	45161,127	45161,543	45161,683	45163,075	22,773	19,436	0,056	0,026	13,440	13,440	7,635	0,204	1,000	874,000	197,000	868,978	215,467
30,000	20,000	50,000	18,891	0,000	0,000	0,000	30,094	0,000	25,180	0,000	30,094	0,000	123006,158	123246,575	123247,575	123251,044	123251,245	123251,245	123251,274	45006,158	45166,575	45167,575	45171,044	45171,245	45171,245	45171,274	0,000	0,000	0,000	0,000	13,440	13,440	NaN	NaN	1,000	408,000	704,000	868,978	215,467
70,000	50,000	120,000	21,657	0,000	0,857	0,000	22,246	0,038	25,179	0,001	22,285	0,000	123006,158	123257,151	123258,150	123259,152	123259,352	123259,352	123259,403	45006,158	45177,151	45178,150	45179,152	45179,352	45179,352	45179,403	0,000	0,029	0,000	0,000	13,440	13,440	0,094	NaN	1,000	297,000	731,000	868,978	215,467
30,000	1140,000	1170,000	19,488	19,298	11,850	8,000	41,854	6,135	24,105	1,075	38,748	220,000	123006,158	123303,272	123304,272	123306,089	123306,290	123306,510	123307,433	45006,158	45183,272	45184,272	45186,089	45186,290	45186,510	45187,434	5,123	3,684	0,863	0,699	13,440	13,440	0,253	3,075	1,000	365,000	691,000	868,978	215,467
520,000	1410,000	1930,000	0,568	35,461	48,757	12,000	38,950	19,749	13,294	11,886	40,976	500,000	123006,158	123309,541	123310,541	123312,996	123313,523	123314,023	123314,944	45006,158	45189,541	45190,541	45192,996	45193,524	45194,024	45194,944	14,985	13,624	11,066	6,646	13,440	13,440	0,027	3,370	1,000	889,000	218,000	868,978	215,467
60,000	190,000	250,000	20,705	94,737	2,693	0,000	26,947	0,341	24,840	0,340	26,947	180,000	123006,158	123316,967	123317,968	123319,258	123319,459	123319,639	123319,655	45006,158	45196,967	45197,968	45199,258	45199,459	45199,639	45199,655	0,454	0,141	0,454	0,141	13,440	13,440	NaN	2,029	1,000	331,000	718,000	868,978	215,467
60,000	1130,000	1190,000	19,378	23,009	5,774	8,000	37,870	2,552	24,367	0,813	35,372	260,000	123006,158	123325,219	123326,219	123328,382	123328,582	123328,842	123329,713	45006,158	45205,219	45206,219	45208,382	45208,582	45208,842	45209,713	2,672	1,182	0,661	0,535	13,440	13,440	0,469	1,212	1,000	413,000	732,000	868,978	215,467
340,000	1590,000	1930,000	2,180	32,075	54,973	13,000	43,838	25,112	11,067	14,113	43,541	510,000	123006,158	123332,246	123333,246	123336,244	123336,594	123337,104	123338,194	45006,158	45212,246	45213,246	45216,244	45216,594	45217,104	45218,194	22,255	14,656	14,512	6,886	13,440	13,440	22,799	24,847	1,000	807,000	262,000	868,978	215,467
300,000	1620,000	1920,000	1,633	7,407	56,410	18,000	39,030	25,555	25,034	0,146	26,111	120,000	123006,158	123340,446	123341,446	123344,197	123344,503	123344,623	123346,133	45006,158	45220,446	45221,446	45224,197	45224,503	45224,623	45226,133	20,307	17,163	0,117	0,117	13,440	13,440	6,239	0,871	1,000	813,000	200,000	868,978	215,467
570,000	1360,000	1930,000	1,982	41,912	82,881	10,000	40,301	21,269	8,359	16,821	41,880	570,000	123006,158	123348,345	123349,346	123351,697	123352,274	123352,844	123353,644	45006,158	45228,346	45229,346	45231,697	45232,274	45232,844	45233,644	17,326	13,532	15,283	9,458	13,440	13,440	2,003	3,062	1,000	932,000	247,000	868,978	215,467
200,000	190,000	390,000	24,619	68,421	0,764	2,000	16,223	0,070	25,121	0,060	16,158	130,000	123006,158	123355,032	123356,032	123359,964	123400,174	123400,304	123400,374	45006,158	45235,032	45236,032	45239,964	45240,174	45240,304	45240,374	0,058	0,056	0,028	0,054	13,440	13,440	0,292	0,135	1,000	234,000	818,000	868,978	215,467
850,000	1080,000	1930,000	0,861	25,000	53,471	11,000	37,033	24,495	14,504	10,676	41,676	270,000	123006,158	123406,741	123407,742	123409,091	123409,943	123410,213	123411,033	45006,158	45246,741	45247,742	45249,091	45249,943	45250,213	45251,033	15,430	18,857	9,415	6,053	13,440	13,440	32,101	36,270	1,000	867,000	246,000	868,978	215,467
30,000	60,000	90,000	23,451	0,000	0,188	0,000	16,542	0,008	25,180	0,000	16,470	0,000	123006,158	123414,712	123415,712	123419,456	123419,657	123419,657	123419,723	45006,158	45254,712	45255,712	45259,456	45259,657	45259,657	45259,724	0,030	0,000	0,000	0,000	13,440	13,440	0,018	NaN	1,000	216,000	734,000	868,978	215,467
90,000	100,000	190,000	20,605	0,000	1,095	0,000	25,662	0,075	25,179	0,001	25,512	0,000	123006,158	123422,020	123423,019	123424,766	123424,966	123424,966	123425,073	45006,158	45262,020	45263,019	45264,766	45264,966	45264,966	45265,073	0,086	0,029	0,003	0,000	13,440	13,440	0,960	NaN	1,000	334,000	716,000	868,978	215,467
140,000	20,000	160,000	22,449	0,000	0,000	0,000	20,842	0,000	25,180	0,000	20,842	0,000	123006,158	123428,595	123429,596	123431,381	123431,582	123431,582	123431,603	45006,158	45268,595	45269,596	45271,381	45271,582	45271,582	45271,603	0,000	0,000	0,000	0,000	13,440	13,440	NaN	NaN	1,000	292,000	767,000	868,978	215,467
640,000	1290,000	1930,000	0,758	23,256	59,260	11,000	37,940	21,624	13,674	11,506	39,108	300,000	123006,158	123434,436	123435,435	123436,906	123437,553	123437,853	123438,853	45006,158	45274,436	45275,435	45276,906	45277,553	45277,853	45278,854	16,821	14,808	11,243	6,417	13,440	13,440	37,163	40,279	1,000	891,000	231,000	868,978	215,467
400,000	1530,000	1930,000	5,472	9,804	144,181	16,000	32,666	59,838	25,089	0,091	18,074	150,000	123006,158	123440,135	123441,135	123445,023	123445,433	123445,583	123446,973	45006,158	45280,135	45281,135	45285,023	45285,434	45285,584	45286,973	38,090	47,698	0,163	0,067	13,440	13,440	28,784	0,439	1,000	865,000	410,000	868,978	215,467
200,000	420,000	620,000	20,258	33,333	3,784	4,000	28,846	0,795	25,104	0,076	28,947	140,000	123006,158	123455,637	123456,639	123459,485	123459,693	123459,833	123500,124	45006,158	45295,637	45296,639	45299,485	45299,693	45299,833	45300,124	0,367	0,705	0,060	0,056	13,440	13,440	1,720	0,396	1,000	384,000	748,000	868,978	215,467
30,000	580,000	610,000	19,167	32,759	3,518	6,000	29,136	0,842	24,950	0,230	27,467	190,000	123006,158	123500,721	123501,721	123504,164	123504,365	123504,555	123504,954	45006,158	45300,722	45301,721	45304,164	45304,365	45304,555	45304,954	1,211	0,283	0,337	0,057	13,440	13,440	0,756	0,224	1,000	398,000	708,000	868,978	215,467
140,000	60,000	200,000	20,078	0,000	1,112	0,000	27,286	0,053	25,179	0,001	27,272	0,000	123006,158	123509,150	123510,151	123511,891	123512,091	123512,091	123512,154	45006,158	45309,150	45310,151	45311,891	45312,091	45312,091	45312,154	0,030	0,030	0,000	0,000	13,440	13,440	0,277	NaN	1,000	371,000	727,000	868,978	215,467
230,000	950,000	1180,000	7,345	15,789	51,075	8,000	39,731	13,656	25,131	0,049	26,275	150,000	123006,158	123516,786	123517,788	123520,061	123520,294	123520,444	123521,254	45006,158	45316,786	45317,788	45320,061	45320,294	45320,444	45321,254	13,201	7,613	0,115	0,000	13,440	13,440	24,077	0,235	1,000	815,000	471,000	868,978	215,467
30,000	500,000	530,000	18,266	46,000	23,769	6,000	42,507	4,781	21,158	4,022	43,022	230,000	123006,158	123523,721	123524,720	123526,364	123526,565	123526,795	123527,074	45006,158	45323,721	45324,721	45326,364	45326,565	45326,795	45327,074	2,533	4,052	2,192	3,401	13,440	13,440	11,778	13,375	1,000	474,000	731,000	868,978	215,467
30,000	1900,000	1930,000	2,268	10,526	130,193	16,000	34,098	47,791	24,550	0,630	27,476	200,000	123006,158	123533,143	123534,143	123535,352	123535,552	123535,752	123537,453	45006,158	45333,143	45334,143	45335,352	45335,552	45335,752	45337,453	29,218	38,270	0,456	0,493	13,440	13,440	13,452	3,383	1,000	865,000	296,000	868,978	215,467
