2920,000	1350,000	4270,000	1,239	11,852	15,348	18,000	51,616	15,677	15,597	1,569	55,646	160,000	182048,094	182111,149	182112,149	182116,061	182118,986	182119,146	182120,347	66048,094	66071,149	66072,149	66076,061	66078,986	66079,146	66080,347	10,534	12,181	1,012	1,329	-13,440	13,440	1,378	9,940	1,000	615,000	218,000	571,022	215,467
30,000	640,000	670,000	17,727	20,312	2,721	7,000	52,371	0,870	16,981	0,184	52,052	130,000	182048,094	182124,329	182125,329	182127,229	182127,429	182127,559	182128,076	66048,094	66084,329	66085,330	66087,229	66087,429	66087,559	66088,076	0,902	0,255	0,236	0,019	-13,440	13,440	0,755	1,455	1,000	919,000	741,000	571,022	215,467
480,000	20,000	500,000	18,386	0,000	0,000	0,000	56,786	0,000	17,165	0,000	56,786	0,000	182048,094	182129,737	182130,737	182134,477	182134,966	182134,966	182134,995	66048,094	66089,737	66090,737	66094,477	66094,966	66094,966	66094,995	0,000	0,000	0,000	0,000	-13,440	13,440	NaN	NaN	1,000	1034,000	677,000	571,022	215,467
740,000	270,000	1010,000	16,039	96,296	1,677	0,000	56,419	0,304	16,865	0,301	56,419	260,000	182048,094	182140,572	182141,571	182143,762	182144,505	182144,765	182144,785	66048,094	66100,572	66101,571	66103,762	66104,505	66104,765	66104,785	0,142	0,339	0,141	0,336	-13,440	13,440	NaN	0,671	1,000	973,000	620,000	571,022	215,467
800,000	320,000	1120,000	18,545	50,000	1,072	4,000	56,538	0,196	17,066	0,099	56,602	160,000	182048,094	182149,084	182150,085	182153,818	182154,626	182154,786	182154,955	66048,094	66109,084	66110,085	66113,818	66114,626	66114,786	66114,955	0,114	0,141	0,057	0,056	-13,440	13,440	0,607	0,107	1,000	1037,000	682,000	571,022	215,467
180,000	1250,000	1430,000	20,040	29,600	29,715	14,000	55,760	18,231	14,339	2,826	64,939	370,000	182048,094	182200,032	182201,033	182203,088	182203,289	182203,659	182204,546	66048,094	66120,032	66121,033	66123,088	66123,289	66123,659	66124,546	13,202	13,816	2,122	2,294	-13,440	13,440	2,975	10,203	1,000	1066,000	728,000	571,022	215,467
730,000	700,000	1430,000	0,438	20,000	12,532	9,000	61,421	3,567	15,858	1,308	63,563	140,000	182048,094	182207,320	182208,319	182209,756	182210,497	182210,637	182211,205	66048,094	66127,320	66128,319	66129,756	66130,497	66130,637	66131,205	2,665	2,522	1,080	0,855	-13,440	13,440	8,317	8,081	1,000	570,000	231,000	571,022	215,467
140,000	100,000	240,000	11,483	90,000	0,410	0,000	50,633	0,036	17,131	0,034	50,633	90,000	182048,094	182212,528	182213,529	182215,964	182216,165	182216,255	182216,265	66048,094	66132,528	66133,529	66135,964	66136,165	66136,255	66136,265	0,000	0,057	0,000	0,054	-13,440	13,440	NaN	0,311	1,000	724,000	594,000	571,022	215,467
30,000	350,000	380,000	16,896	51,429	7,584	4,000	56,942	1,876	16,155	1,011	57,545	180,000	182048,094	182218,748	182219,750	182221,601	182221,803	182221,983	182222,155	66048,094	66138,748	66139,750	66141,601	66141,803	66141,983	66142,155	1,213	1,497	0,701	0,772	-13,440	13,440	1,286	3,948	1,000	991,000	645,000	571,022	215,467
130,000	120,000	250,000	18,348	91,667	0,520	0,000	57,120	0,039	17,128	0,037	57,120	110,000	182048,094	182222,757	182223,756	182227,404	182227,605	182227,715	182227,736	66048,094	66142,757	66143,756	66147,404	66147,605	66147,715	66147,737	0,030	0,028	0,029	0,028	-13,440	13,440	NaN	0,213	1,000	1038,000	671,000	571,022	215,467
30,000	600,000	630,000	15,605	28,333	1,069	9,000	53,643	0,372	17,040	0,125	53,820	170,000	182048,094	182230,771	182231,771	182235,616	182235,817	182235,987	182236,426	66048,094	66150,771	66151,771	66155,616	66155,817	66155,987	66156,426	0,254	0,282	0,114	0,057	-13,440	13,440	0,237	0,713	1,000	907,000	657,000	571,022	215,467
60,000	190,000	250,000	18,770	84,211	1,138	1,000	55,787	0,104	17,081	0,085	55,787	160,000	182048,094	182238,212	182239,211	182242,130	182242,331	182242,491	182242,526	66048,094	66158,212	66159,211	66162,131	66162,331	66162,491	66162,526	0,085	0,059	0,085	0,030	-13,440	13,440	NaN	0,497	1,000	1031,000	699,000	571,022	215,467
30,000	780,000	810,000	19,361	38,462	28,376	6,000	56,185	11,219	10,335	6,830	58,905	300,000	182048,094	182243,116	182244,115	182245,877	182246,078	182246,378	182246,866	66048,094	66163,116	66164,115	66165,877	66166,078	66166,378	66166,866	7,737	8,639	4,922	5,117	-13,440	13,440	16,176	21,420	1,000	1054,000	706,000	571,022	215,467
30,000	900,000	930,000	6,647	17,778	6,167	9,000	61,638	2,575	16,454	0,712	62,346	160,000	182048,094	182250,106	182251,106	182252,604	182252,804	182252,964	182253,706	66048,094	66170,106	66171,106	66172,604	66172,804	66172,964	66173,706	2,110	1,463	0,595	0,438	-13,440	13,440	4,404	4,579	1,000	727,000	393,000	571,022	215,467
560,000	870,000	1430,000	0,290	16,092	33,501	8,000	53,291	17,488	14,908	2,257	56,503	140,000	182048,094	182256,804	182257,803	182259,421	182259,986	182260,126	182300,865	66048,094	66176,804	66177,803	66179,421	66179,986	66180,126	66180,865	12,818	12,115	1,747	1,626	-13,440	13,440	10,031	15,034	1,000	564,000	223,000	571,022	215,467
170,000	430,000	600,000	17,810	27,907	2,361	6,000	57,002	0,408	17,094	0,071	57,153	120,000	182048,094	182302,453	182303,453	182305,940	182306,140	182306,260	182306,576	66048,094	66182,453	66183,453	66185,940	66186,140	66186,260	66186,576	0,257	0,313	0,029	0,048	-13,440	13,440	1,359	0,266	1,000	1021,000	661,000	571,022	215,467
1310,000	120,000	1430,000	12,620	91,667	18,306	0,000	57,324	1,993	15,391	1,775	57,453	110,000	182048,094	182307,173	182308,172	182310,260	182311,576	182311,686	182311,707	66048,094	66187,173	66188,172	66190,260	66191,576	66191,686	66191,707	1,491	1,459	1,320	1,311	-13,440	13,440	NaN	17,901	1,000	893,000	528,000	571,022	215,467
70,000	560,000	630,000	17,685	25,000	2,142	5,000	54,902	0,533	17,076	0,090	55,212	140,000	182048,094	182314,018	182315,019	182318,834	182319,035	182319,175	182319,596	66048,094	66194,018	66195,019	66198,834	66199,035	66199,175	66199,596	0,367	0,367	0,093	0,003	-13,440	13,440	0,149	0,553	1,000	987,000	687,000	571,022	215,467
160,000	590,000	750,000	13,636	23,729	2,054	7,000	57,910	0,388	17,115	0,051	58,091	140,000	182048,094	182323,876	182324,877	182328,028	182328,228	182328,369	182328,825	66048,094	66203,876	66204,877	66208,028	66208,229	66208,369	66208,825	0,228	0,369	0,000	0,096	-13,440	13,440	0,848	0,277	1,000	907,000	565,000	571,022	215,467
140,000	240,000	380,000	18,506	62,500	0,938	2,000	56,874	0,127	17,104	0,061	56,862	150,000	182048,094	182336,258	182337,259	182340,103	182340,304	182340,454	182340,545	66048,094	66216,258	66217,259	66220,103	66220,304	66220,454	66220,545	0,114	0,058	0,060	0,029	-13,440	13,440	0,274	0,314	1,000	1039,000	678,000	571,022	215,467
