340,000	960,000	1300,000	0,309	22,917	18,974	11,000	53,814	6,963	23,446	1,734	57,414	220,000	151543,121	151600,439	151601,440	151602,593	151602,942	151603,162	151603,911	54943,121	54960,439	54961,440	54962,593	54962,942	54963,162	54963,911	4,333	6,020	1,026	1,726	13,440	13,440	9,800	9,459	1,000	879,000	211,000	868,978	215,467
1020,000	410,000	1430,000	11,829	58,537	24,487	3,000	30,867	5,807	23,117	2,063	30,855	240,000	151543,121	151605,512	151606,511	151608,240	151609,262	151609,502	151609,683	54943,121	54965,512	54966,511	54968,240	54969,262	54969,502	54969,683	3,496	4,755	1,299	1,707	13,440	13,440	8,425	13,783	1,000	542,000	480,000	868,978	215,467
680,000	20,000	700,000	19,266	0,000	0,000	0,000	29,116	0,000	25,180	0,000	29,116	0,000	151543,121	151613,030	151614,030	151615,419	151616,101	151616,101	151616,133	54943,121	54973,030	54974,030	54975,419	54976,102	54976,102	54976,133	0,000	0,000	0,000	0,000	13,440	13,440	NaN	NaN	1,000	396,000	711,000	868,978	215,467
30,000	20,000	50,000	0,309	0,000	0,000	0,000	75,807	0,000	25,180	0,000	75,807	0,000	151543,121	151617,263	151618,264	151621,413	151621,614	151621,614	151621,641	54943,121	54977,263	54978,264	54981,413	54981,614	54981,614	54981,641	0,000	0,000	0,000	0,000	13,440	13,440	NaN	NaN	1,000	858,000	216,000	868,978	215,467
30,000	170,000	200,000	0,308	0,000	1,079	0,000	75,463	0,097	25,180	0,000	75,540	0,000	151543,121	151622,418	151623,418	151625,851	151626,052	151626,052	151626,232	54943,121	54982,418	54983,418	54985,851	54986,052	54986,052	54986,232	0,086	0,058	0,000	0,000	13,440	13,440	0,972	NaN	1,000	859,000	220,000	868,978	215,467
200,000	20,000	220,000	19,142	0,000	0,000	0,000	29,131	0,000	25,180	0,000	29,131	0,000	151543,121	151627,249	151628,251	151629,649	151629,852	151629,852	151629,881	54943,121	54987,249	54988,251	54989,649	54989,852	54989,852	54989,882	0,000	0,000	0,000	0,000	13,440	13,440	NaN	NaN	1,000	389,000	698,000	868,978	215,467
600,000	830,000	1430,000	0,422	24,096	36,449	10,000	36,159	18,043	21,161	4,019	31,029	200,000	151543,121	151633,014	151634,014	151637,848	151638,452	151638,652	151639,292	54943,121	54993,014	54994,014	54997,848	54998,452	54998,652	54999,292	12,800	13,164	2,539	3,269	13,440	13,440	18,556	20,965	1,000	854,000	216,000	868,978	215,467
610,000	730,000	1340,000	0,549	17,808	42,944	8,000	38,110	18,361	21,716	3,464	32,888	130,000	151543,121	151641,762	151642,765	151646,166	151646,782	151646,912	151647,522	54943,121	55001,762	55002,765	55006,167	55006,782	55006,912	55007,522	13,334	12,996	2,234	2,766	13,440	13,440	22,715	30,176	1,000	884,000	203,000	868,978	215,467
710,000	720,000	1430,000	0,303	18,056	35,046	8,000	38,322	16,753	22,999	2,181	33,749	130,000	151543,121	151648,705	151649,704	151652,902	151653,621	151653,751	151654,351	54943,121	55008,705	55009,704	55012,902	55013,621	55013,751	55014,351	12,135	11,885	1,497	1,674	13,440	13,440	4,313	16,220	1,000	874,000	225,000	868,978	215,467
590,000	120,000	710,000	18,883	91,667	1,401	0,000	30,003	0,127	25,055	0,125	30,003	110,000	151543,121	151656,454	151657,454	151659,186	151659,783	151659,893	151659,912	54943,121	55016,454	55017,454	55019,186	55019,783	55019,893	55019,912	0,057	0,114	0,057	0,111	13,440	13,440	NaN	1,243	1,000	395,000	691,000	868,978	215,467
640,000	780,000	1420,000	0,070	17,949	38,462	8,000	37,935	17,623	21,807	3,373	33,942	140,000	151543,121	151702,575	151703,576	151705,168	151705,811	151705,951	151706,602	54943,121	55022,575	55023,576	55025,168	55025,811	55025,951	55026,602	12,686	12,600	2,458	2,579	13,440	13,440	24,702	27,866	1,000	871,000	214,000	868,978	215,467
590,000	840,000	1430,000	0,070	14,286	34,374	8,000	37,029	17,882	22,429	2,751	32,596	120,000	151543,121	151708,299	151709,300	151711,889	151712,484	151712,603	151713,332	54943,121	55028,299	55029,300	55031,889	55032,484	55032,604	55033,333	12,630	12,911	1,842	2,139	13,440	13,440	18,222	22,911	1,000	867,000	217,000	868,978	215,467
100,000	20,000	120,000	18,963	0,000	0,000	0,000	29,476	0,000	25,180	0,000	29,476	0,000	151543,121	151715,073	151716,072	151717,101	151717,302	151717,302	151717,332	54943,121	55035,073	55036,072	55037,102	55037,302	55037,302	55037,332	0,000	0,000	0,000	0,000	13,440	13,440	NaN	NaN	1,000	390,000	690,000	868,978	215,467
530,000	710,000	1240,000	0,551	21,127	40,608	8,000	37,503	18,334	22,274	2,906	32,906	150,000	151543,121	151720,522	151721,522	151724,898	151725,432	151725,582	151726,152	54943,121	55040,522	55041,522	55044,898	55045,432	55045,582	55046,152	12,998	13,222	1,904	2,317	13,440	13,440	7,010	18,547	1,000	881,000	200,000	868,978	215,467
620,000	810,000	1430,000	1,692	34,568	36,191	5,000	34,627	16,344	21,491	3,689	30,638	280,000	151543,121	151727,590	151728,590	151729,701	151730,333	151730,613	151731,153	54943,121	55047,590	55048,590	55049,701	55050,333	55050,613	55051,153	10,991	12,474	2,274	3,053	13,440	13,440	0,154	18,344	1,000	815,000	242,000	868,978	215,467
190,000	40,000	230,000	19,003	0,000	0,563	0,000	29,541	0,025	25,178	0,002	29,576	0,000	151543,121	151733,114	151734,114	151737,188	151737,389	151737,389	151737,433	54943,121	55053,114	55054,114	55057,188	55057,389	55057,389	55057,433	0,000	0,029	0,000	0,003	13,440	13,440	0,025	NaN	1,000	395,000	697,000	868,978	215,467
390,000	1040,000	1430,000	0,318	10,577	34,537	12,000	36,948	18,532	25,131	0,049	30,379	110,000	151543,121	151741,199	151742,199	151745,500	151745,891	151746,001	151746,942	54943,121	55061,199	55062,199	55065,500	55065,891	55066,001	55066,942	13,275	13,386	0,000	0,057	13,440	13,440	2,859	0,254	1,000	880,000	218,000	868,978	215,467
910,000	520,000	1430,000	3,394	26,923	35,533	6,000	34,819	13,463	22,238	2,943	32,422	140,000	151543,121	151750,062	151751,063	151752,713	151753,632	151753,772	151754,161	54943,121	55070,063	55071,063	55072,713	55073,632	55073,772	55074,161	8,832	10,325	1,952	2,304	13,440	13,440	0,384	22,549	1,000	767,000	280,000	868,978	215,467
30,000	20,000	50,000	18,605	0,000	0,000	0,000	30,557	0,000	25,180	0,000	30,557	0,000	151543,121	151756,427	151757,426	151759,329	151759,530	151759,530	151759,551	54943,121	55076,427	55077,426	55079,329	55079,530	55079,530	55079,551	0,000	0,000	0,000	0,000	13,440	13,440	NaN	NaN	1,000	404,000	686,000	868,978	215,467
410,000	770,000	1180,000	0,113	20,779	50,969	6,000	36,294	18,488	20,960	4,220	31,549	160,000	151543,121	151803,883	151804,883	151807,277	151807,692	151807,852	151808,471	54943,121	55083,883	55084,883	55087,277	55087,692	55087,852	55088,471	12,911	13,557	2,529	3,452	13,440	13,440	26,525	28,917	1,000	871,000	212,000	868,978	215,467
520,000	910,000	1430,000	0,282	13,187	30,318	10,000	37,224	16,843	23,011	2,169	32,524	120,000	151543,121	151810,078	151811,078	151813,743	151814,273	151814,393	151815,191	54943,121	55090,078	55091,078	55093,743	55094,273	55094,393	55095,192	11,924	12,241	1,431	1,722	13,440	13,440	9,420	18,854	1,000	860,000	211,000	868,978	215,467
520,000	910,000	1430,000	0,535	16,484	32,902	9,000	37,728	17,478	22,240	2,940	32,708	150,000	151543,121	151819,593	151820,593	151822,401	151822,921	151823,071	151823,841	54943,121	55099,593	55100,593	55102,401	55102,921	55103,071	55103,841	12,798	12,331	2,070	2,238	13,440	13,440	18,328	20,890	1,000	858,000	231,000	868,978	215,467
550,000	880,000	1430,000	0,388	18,182	35,282	6,000	36,600	18,069	22,198	2,982	33,047	160,000	151543,121	151826,870	151827,869	151829,598	151830,152	151830,312	151831,041	54943,121	55106,870	55107,869	55109,598	55110,152	55110,312	55111,041	12,489	13,301	2,153	2,241	13,440	13,440	13,822	16,690	1,000	860,000	205,000	868,978	215,467
510,000	920,000	1430,000	0,249	17,391	32,382	8,000	36,497	18,072	22,234	2,947	32,626	160,000	151543,121	151834,105	151835,105	151837,166	151837,681	151837,841	151838,612	54943,121	55114,105	55115,105	55117,166	55117,681	55117,841	55118,612	12,640	13,232	2,180	2,183	13,440	13,440	14,484	18,290	1,000	862,000	210,000	868,978	215,467
470,000	810,000	1280,000	0,892	17,284	34,328	8,000	37,226	19,172	22,194	2,986	32,204	140,000	151543,121	151841,529	151842,529	151845,481	151845,952	151846,092	151846,772	54943,121	55121,529	55122,529	55125,481	55125,952	55126,092	55126,772	13,673	13,813	2,009	2,341	13,440	13,440	17,045	21,447	1,000	894,000	196,000	868,978	215,467
470,000	900,000	1370,000	0,069	20,000	32,918	10,000	37,198	17,871	21,275	3,905	33,457	180,000	151543,121	151849,816	151850,816	151852,258	151852,732	151852,912	151853,641	54943,121	55129,816	55130,816	55132,258	55132,732	55132,912	55133,641	12,632	12,914	2,764	2,931	13,440	13,440	13,852	20,092	1,000	867,000	214,000	868,978	215,467
450,000	980,000	1430,000	0,197	32,653	36,570	9,000	37,381	17,481	17,992	7,188	34,396	320,000	151543,121	151855,465	151856,466	151900,303	151900,761	151901,081	151901,751	54943,121	55135,466	55136,466	55140,303	55140,761	55141,081	55141,751	12,406	12,640	4,884	5,518	13,440	13,440	27,972	28,672	1,000	862,000	216,000	868,978	215,467
480,000	950,000	1430,000	0,176	14,737	33,711	12,000	37,565	17,798	22,189	2,991	33,310	140,000	151543,121	151903,467	151904,467	151905,891	151906,381	151906,521	151907,342	54943,121	55143,467	55144,467	55145,891	55146,381	55146,521	55147,343	12,689	12,771	2,115	2,262	13,440	13,440	18,961	21,648	1,000	872,000	210,000	868,978	215,467
30,000	20,000	50,000	18,764	0,000	0,000	0,000	30,101	0,000	25,180	0,000	30,101	0,000	151543,121	151909,474	151910,474	151912,861	151913,061	151913,061	151913,092	54943,121	55149,474	55150,474	55152,861	55153,061	55153,061	55153,092	0,000	0,000	0,000	0,000	13,440	13,440	NaN	NaN	1,000	400,000	690,000	868,978	215,467
30,000	1400,000	1430,000	19,144	11,429	39,633	14,000	62,703	17,790	25,125	0,055	76,382	160,000	151543,121	151913,681	151914,681	151917,333	151917,533	151917,693	151918,941	54943,121	55153,681	55154,681	55157,333	55157,533	55157,693	55158,941	13,723	13,723	0,070	0,000	13,440	13,440	0,409	0,175	1,000	395,000	704,000	868,978	215,467
510,000	730,000	1240,000	19,119	32,877	47,642	4,000	61,137	16,742	18,320	6,860	69,880	240,000	151543,121	151919,538	151920,538	151924,020	151924,531	151924,771	151925,271	54943,121	55159,538	55160,538	55164,020	55164,531	55164,771	55165,271	12,321	13,586	5,748	5,194	13,440	13,440	29,451	32,548	1,000	409,000	716,000	868,978	215,467
480,000	950,000	1430,000	19,184	17,895	41,087	4,000	61,630	17,399	21,139	4,041	73,255	170,000	151543,121	151926,034	151927,035	151929,577	151930,062	151930,232	151931,022	54943,121	55166,034	55167,035	55169,577	55170,062	55170,232	55171,022	12,884	14,032	3,450	2,865	13,440	13,440	23,227	22,622	1,000	395,000	706,000	868,978	215,467
390,000	820,000	1210,000	19,858	21,951	56,016	5,000	61,171	18,230	20,078	5,103	72,551	180,000	151543,121	151931,613	151932,614	151934,027	151934,421	151934,601	151935,251	54943,121	55171,613	55172,614	55174,028	55174,421	55174,601	55175,251	13,531	14,601	4,356	3,770	13,440	13,440	26,773	27,929	1,000	373,000	718,000	868,978	215,467
600,000	680,000	1280,000	19,883	63,235	45,357	2,000	60,990	17,403	11,888	13,292	64,429	430,000	151543,121	151935,842	151936,842	151937,993	151938,601	151939,031	151939,292	54943,121	55175,842	55176,842	55177,993	55178,601	55179,031	55179,292	12,770	14,095	10,284	10,355	13,440	13,440	21,055	31,037	1,000	381,000	727,000	868,978	215,467
350,000	760,000	1110,000	19,620	25,000	41,754	4,000	61,784	17,522	21,740	3,440	73,557	190,000	151543,121	151939,883	151940,883	151942,633	151942,991	151943,181	151943,762	54943,121	55179,883	55180,883	55182,633	55182,991	55183,181	55183,762	13,193	13,814	3,036	2,401	13,440	13,440	15,910	20,865	1,000	379,000	712,000	868,978	215,467
370,000	830,000	1200,000	0,489	37,349	36,776	6,000	36,854	18,229	16,715	8,465	33,375	310,000	151543,121	151944,353	151945,353	151948,364	151948,741	151949,051	151949,582	54943,121	55184,353	55185,353	55188,365	55188,741	55189,051	55189,582	12,855	13,247	5,650	6,556	13,440	13,440	30,696	29,519	1,000	861,000	200,000	868,978	215,467
390,000	1020,000	1410,000	0,120	12,745	35,194	7,000	37,348	18,252	22,970	2,210	32,052	130,000	151543,121	151951,016	151952,017	151955,890	151956,282	151956,412	151957,311	54943,121	55191,017	55192,017	55195,890	55196,282	55196,412	55197,311	13,248	12,995	1,609	1,669	13,440	13,440	17,768	17,926	1,000	873,000	214,000	868,978	215,467
500,000	730,000	1230,000	0,793	31,507	40,077	6,000	38,024	17,535	19,017	6,163	34,722	230,000	151543,121	151958,747	151959,746	152003,547	152004,051	152004,281	152004,791	54943,121	55198,747	55199,746	55203,547	55204,051	55204,281	55204,791	13,026	12,212	4,612	4,462	13,440	13,440	27,528	33,286	1,000	875,000	243,000	868,978	215,467
710,000	720,000	1430,000	1,052	27,778	49,631	6,000	36,732	19,353	18,804	6,376	34,589	200,000	151543,121	152007,672	152008,672	152009,729	152010,442	152010,642	152011,173	54943,121	55207,672	55208,673	55209,729	55210,442	55210,642	55211,173	13,247	14,287	4,568	4,772	13,440	13,440	30,647	33,344	1,000	892,000	186,000	868,978	215,467
540,000	890,000	1430,000	0,110	32,584	34,879	6,000	37,306	17,572	17,264	7,916	34,787	290,000	151543,121	152015,076	152016,077	152019,019	152019,563	152019,853	152020,462	54943,121	55215,076	55216,077	55219,019	55219,564	55219,854	55220,462	12,463	12,653	5,506	5,928	13,440	13,440	22,303	27,074	1,000	866,000	218,000	868,978	215,467
