720,000	20,000	740,000	24,358	0,000	0,000	0,000	55,783	0,000	17,165	0,000	55,783	0,000	110102,112	110122,101	110123,101	110124,688	110125,417	110125,417	110125,448	39662,112	39682,101	39683,101	39684,688	39685,417	39685,417	39685,448	0,000	0,000	0,000	0,000	-13,440	13,440	NaN	NaN	1,000	1197,000	814,000	571,022	215,467
290,000	80,000	370,000	19,387	0,000	0,555	0,000	57,208	0,024	17,165	0,000	57,184	0,000	110102,112	110128,090	110129,090	110131,196	110131,487	110131,487	110131,577	39662,112	39688,090	39689,090	39691,196	39691,487	39691,487	39691,577	0,030	0,000	0,000	0,000	-13,440	13,440	0,054	NaN	1,000	1071,000	690,000	571,022	215,467
320,000	20,000	340,000	19,112	0,000	0,000	0,000	57,491	0,000	17,165	0,000	57,491	0,000	110102,112	110140,102	110141,102	110144,788	110145,117	110145,117	110145,148	39662,112	39700,102	39701,102	39704,788	39705,117	39705,117	39705,148	0,000	0,000	0,000	0,000	-13,440	13,440	NaN	NaN	1,000	1067,000	680,000	571,022	215,467
650,000	1280,000	1930,000	15,762	11,719	50,614	14,000	54,596	39,762	12,797	4,368	56,951	150,000	110102,112	110150,593	110151,593	110154,209	110154,868	110155,018	110156,158	39662,112	39710,593	39711,593	39714,209	39714,868	39715,018	39716,158	31,181	24,654	3,220	3,029	-13,440	13,440	0,628	31,182	1,000	972,000	607,000	571,022	215,467
620,000	1240,000	1860,000	2,302	12,097	24,420	12,000	56,007	18,344	14,737	2,428	57,471	150,000	110102,112	110158,039	110159,039	110201,886	110202,507	110202,656	110203,758	39662,112	39718,039	39719,039	39721,886	39722,507	39722,657	39723,758	14,627	10,970	1,949	1,524	-13,440	13,440	12,234	13,835	1,000	510,000	270,000	571,022	215,467
620,000	1310,000	1930,000	3,297	9,160	48,569	14,000	55,038	27,741	14,542	2,623	57,300	120,000	110102,112	110205,663	110206,663	110208,879	110209,508	110209,628	110210,827	39662,112	39725,663	39726,663	39728,879	39729,508	39729,628	39730,828	21,738	17,124	1,969	1,707	-13,440	13,440	9,601	21,936	1,000	626,000	319,000	571,022	215,467
470,000	1330,000	1800,000	1,833	11,278	26,857	16,000	55,601	18,398	14,643	2,522	57,444	150,000	110102,112	110212,226	110213,227	110216,799	110217,278	110217,428	110218,617	39662,112	39732,226	39733,227	39736,799	39737,278	39737,428	39738,617	14,428	11,363	1,981	1,685	-13,440	13,440	14,575	14,232	1,000	520,000	256,000	571,022	215,467
30,000	30,000	60,000	20,993	0,000	0,000	0,000	56,286	0,000	17,165	0,000	56,286	0,000	110102,112	110220,679	110221,679	110224,183	110224,383	110224,383	110224,417	39662,112	39740,679	39741,679	39744,183	39744,383	39744,383	39744,417	0,000	0,000	0,000	0,000	-13,440	13,440	NaN	NaN	1,000	1106,000	736,000	571,022	215,467
1200,000	430,000	1630,000	18,824	44,186	4,996	4,000	57,881	1,196	16,504	0,661	57,633	190,000	110102,112	110227,484	110228,484	110230,528	110231,737	110231,927	110232,178	39662,112	39747,484	39748,484	39750,528	39751,737	39751,927	39752,178	1,211	0,281	0,673	0,190	-13,440	13,440	3,457	4,355	1,000	1043,000	690,000	571,022	215,467
530,000	970,000	1500,000	20,954	18,557	41,619	10,000	55,338	21,047	14,414	2,751	67,170	180,000	110102,112	110232,763	110233,764	110235,144	110235,679	110235,859	110236,657	39662,112	39752,763	39753,764	39755,144	39755,679	39755,859	39756,657	15,328	15,723	2,181	2,272	-13,440	13,440	19,434	18,984	1,000	1089,000	751,000	571,022	215,467
140,000	20,000	160,000	19,401	0,000	0,000	0,000	56,547	0,000	17,165	0,000	56,547	0,000	110102,112	110238,668	110239,668	110243,341	110243,543	110243,543	110243,567	39662,112	39758,668	39759,668	39763,341	39763,543	39763,543	39763,567	0,000	0,000	0,000	0,000	-13,440	13,440	NaN	NaN	1,000	1061,000	701,000	571,022	215,467
550,000	1380,000	1930,000	3,220	10,870	48,732	17,000	52,130	26,014	14,018	3,147	57,070	150,000	110102,112	110244,156	110245,156	110247,718	110248,278	110248,428	110249,668	39662,112	39764,157	39765,156	39767,718	39768,278	39768,428	39769,668	18,774	18,582	2,701	2,009	-13,440	13,440	12,650	25,305	1,000	646,000	302,000	571,022	215,467
1570,000	360,000	1930,000	8,058	97,222	32,362	0,000	54,327	7,573	9,886	7,279	54,394	350,000	110102,112	110256,069	110257,069	110258,166	110259,737	110260,087	110300,108	39662,112	39776,069	39777,070	39778,166	39779,737	39780,087	39780,108	5,128	6,176	4,915	5,961	-13,440	13,440	NaN	25,511	1,000	802,000	385,000	571,022	215,467
390,000	1270,000	1660,000	0,781	10,236	32,223	10,000	52,800	19,402	17,075	0,091	56,563	130,000	110102,112	110303,241	110304,241	110308,091	110308,487	110308,617	110309,768	39662,112	39783,241	39784,241	39788,092	39788,487	39788,617	39789,768	14,119	13,614	0,090	0,096	-13,440	13,440	0,161	0,336	1,000	544,000	209,000	571,022	215,467
400,000	1000,000	1400,000	1,064	24,000	33,117	8,000	52,574	19,787	14,014	3,151	55,239	240,000	110102,112	110311,117	110312,117	110313,266	110313,667	110313,907	110314,677	39662,112	39791,117	39792,117	39793,266	39793,667	39793,907	39794,677	14,235	14,066	2,111	2,659	-13,440	13,440	9,696	14,885	1,000	544,000	189,000	571,022	215,467
190,000	40,000	230,000	19,400	0,000	0,358	0,000	56,410	0,016	17,164	0,001	56,447	0,000	110102,112	110315,633	110316,634	110318,577	110318,778	110318,778	110318,828	39662,112	39795,633	39796,634	39798,577	39798,778	39798,778	39798,828	0,000	0,029	0,000	0,003	-13,440	13,440	0,016	NaN	1,000	1060,000	702,000	571,022	215,467
540,000	1390,000	1930,000	1,312	12,230	37,969	15,000	53,590	24,139	14,209	2,956	56,671	170,000	110102,112	110322,019	110323,019	110326,490	110327,038	110327,208	110328,437	39662,112	39802,019	39803,019	39806,490	39807,038	39807,208	39808,437	18,217	16,150	2,374	2,061	-13,440	13,440	15,316	21,023	1,000	568,000	262,000	571,022	215,467
930,000	910,000	1840,000	2,772	37,363	42,907	4,000	52,135	21,203	9,613	7,552	53,675	340,000	110102,112	110330,041	110331,042	110332,096	110333,028	110333,368	110333,947	39662,112	39810,041	39811,042	39812,096	39813,028	39813,368	39813,948	15,217	15,047	5,168	6,077	-13,440	13,440	25,811	26,199	1,000	494,000	154,000	571,022	215,467
190,000	70,000	260,000	18,955	0,000	0,355	0,000	57,532	0,015	17,165	0,000	57,571	0,000	110102,112	110335,690	110336,689	110340,658	110340,859	110340,859	110340,937	39662,112	39815,691	39816,690	39820,658	39820,859	39820,859	39820,937	0,000	0,029	0,000	0,000	-13,440	13,440	0,034	NaN	1,000	1064,000	675,000	571,022	215,467
200,000	20,000	220,000	19,046	0,000	0,000	0,000	57,104	0,000	17,165	0,000	57,104	0,000	110102,112	110344,722	110345,722	110349,395	110349,597	110349,597	110349,627	39662,112	39824,722	39825,722	39829,395	39829,597	39829,597	39829,627	0,000	0,000	0,000	0,000	-13,440	13,440	NaN	NaN	1,000	1059,000	685,000	571,022	215,467
60,000	1870,000	1930,000	2,258	9,626	33,385	19,000	50,946	22,375	17,110	0,055	56,928	180,000	110102,112	110352,599	110353,600	110357,158	110357,358	110357,538	110359,238	39662,112	39832,599	39833,600	39837,158	39837,358	39837,538	39839,238	15,234	17,097	0,054	0,028	-13,440	13,440	6,916	0,056	1,000	627,000	273,000	571,022	215,467
330,000	1600,000	1930,000	11,913	8,750	61,544	9,000	51,919	38,618	17,039	0,126	57,944	140,000	110102,112	110401,555	110402,555	110405,112	110405,448	110405,588	110407,058	39662,112	39841,555	39842,555	39845,112	39845,448	39845,588	39847,058	28,501	26,788	0,124	0,111	-13,440	13,440	27,005	0,827	1,000	842,000	541,000	571,022	215,467
350,000	20,000	370,000	19,386	0,000	0,000	0,000	55,708	0,000	17,165	0,000	55,708	0,000	110102,112	110409,284	110410,284	110413,354	110413,707	110413,707	110413,737	39662,112	39849,284	39850,284	39853,354	39853,707	39853,707	39853,737	0,000	0,000	0,000	0,000	-13,440	13,440	NaN	NaN	1,000	1047,000	714,000	571,022	215,467
440,000	40,000	480,000	19,302	0,000	0,355	0,000	56,698	0,016	17,164	0,001	56,736	0,000	110102,112	110414,409	110415,409	110418,513	110418,958	110418,958	110419,008	39662,112	39854,409	39855,409	39858,513	39858,958	39858,958	39859,008	0,000	0,029	0,000	0,003	-13,440	13,440	0,016	NaN	1,000	1062,000	695,000	571,022	215,467
2950,000	880,000	3830,000	18,689	15,909	8,371	8,000	56,094	2,599	17,134	0,031	56,511	140,000	110102,112	110421,666	110422,667	110426,573	110429,527	110429,667	110430,417	39662,112	39861,666	39862,667	39866,574	39869,527	39869,667	39870,417	1,964	1,766	0,000	0,057	-13,440	13,440	3,830	0,177	1,000	1051,000	675,000	571,022	215,467
30,000	20,000	50,000	0,422	0,000	0,000	0,000	70,253	0,000	17,165	0,000	70,253	0,000	110102,112	110431,008	110432,009	110433,528	110433,728	110433,728	110433,757	39662,112	39871,008	39872,009	39873,528	39873,728	39873,728	39873,757	0,000	0,000	0,000	0,000	-13,440	13,440	NaN	NaN	1,000	585,000	210,000	571,022	215,467
80,000	20,000	100,000	18,665	0,000	0,000	0,000	56,947	0,000	17,165	0,000	56,947	0,000	110102,112	110438,993	110439,992	110442,321	110442,522	110442,522	110442,547	39662,112	39878,993	39879,993	39882,321	39882,522	39882,522	39882,547	0,000	0,000	0,000	0,000	-13,440	13,440	NaN	NaN	1,000	1045,000	680,000	571,022	215,467
580,000	1150,000	1730,000	0,352	13,043	33,332	10,000	53,500	18,307	14,224	2,942	55,958	150,000	110102,112	110446,228	110447,228	110450,305	110450,887	110451,037	110452,047	39662,112	39886,228	39887,228	39890,305	39890,887	39891,037	39892,047	13,305	12,770	2,073	2,250	-13,440	13,440	18,818	19,595	1,000	561,000	208,000	571,022	215,467
1380,000	20,000	1400,000	19,183	0,000	0,000	0,000	56,083	0,000	17,165	0,000	56,083	0,000	110102,112	110453,727	110454,727	110455,745	110457,128	110457,128	110457,157	39662,112	39893,727	39894,727	39895,745	39897,128	39897,128	39897,157	0,000	0,000	0,000	0,000	-13,440	13,440	NaN	NaN	1,000	1047,000	704,000	571,022	215,467
660,000	1270,000	1930,000	0,709	13,386	44,431	14,000	49,741	23,004	12,835	4,330	55,314	170,000	110102,112	110457,749	110458,750	110500,746	110501,408	110501,578	110502,687	39662,112	39897,749	39898,750	39900,746	39901,408	39901,578	39902,687	14,815	18,368	2,942	3,495	-13,440	13,440	22,062	24,122	1,000	596,000	219,000	571,022	215,467
350,000	1580,000	1930,000	1,981	10,127	47,633	17,000	52,274	27,400	17,117	0,048	56,881	160,000	110102,112	110503,817	110504,817	110508,152	110508,508	110508,668	110510,097	39662,112	39903,817	39904,817	39908,153	39908,508	39908,668	39910,097	19,828	19,391	0,003	0,088	-13,440	13,440	3,463	0,220	1,000	630,000	254,000	571,022	215,467
470,000	1460,000	1930,000	4,505	13,014	45,867	17,000	50,701	24,882	13,332	3,834	55,117	190,000	110102,112	110510,801	110511,801	110514,796	110515,278	110515,468	110516,748	39662,112	39910,801	39911,801	39914,796	39915,278	39915,468	39916,748	16,995	18,941	2,616	3,184	-13,440	13,440	15,596	26,295	1,000	684,000	329,000	571,022	215,467
580,000	1350,000	1930,000	4,824	11,111	34,439	12,000	52,943	24,425	14,551	2,614	55,941	150,000	110102,112	110518,236	110519,236	110520,314	110520,897	110521,047	110522,257	39662,112	39918,236	39919,236	39920,314	39920,897	39921,047	39922,257	18,069	16,734	1,873	2,044	-13,440	13,440	2,823	18,320	1,000	690,000	339,000	571,022	215,467
890,000	1040,000	1930,000	0,129	17,308	41,965	11,000	52,747	22,166	14,269	2,896	55,865	180,000	110102,112	110523,634	110524,634	110525,950	110526,847	110527,027	110527,897	39662,112	39923,634	39924,634	39925,950	39926,847	39927,027	39927,897	15,990	15,808	2,033	2,317	-13,440	13,440	6,997	18,274	1,000	568,000	212,000	571,022	215,467
200,000	40,000	240,000	18,963	0,000	0,356	0,000	56,613	0,016	17,164	0,001	56,651	0,000	110102,112	110529,105	110530,105	110532,659	110532,867	110532,867	110532,917	39662,112	39929,105	39930,105	39932,659	39932,867	39932,867	39932,917	0,000	0,029	0,000	0,003	-13,440	13,440	0,016	NaN	1,000	1050,000	690,000	571,022	215,467
2660,000	440,000	3100,000	18,945	47,727	10,101	2,000	56,500	2,186	15,854	1,311	56,505	210,000	110102,112	110535,122	110536,122	110538,931	110541,598	110541,808	110542,049	39662,112	39935,122	39936,122	39938,931	39941,598	39941,808	39942,049	1,690	1,322	0,961	0,934	-13,440	13,440	2,231	2,929	1,000	1055,000	684,000	571,022	215,467
30,000	590,000	620,000	21,473	30,508	31,375	6,000	53,688	11,177	12,466	4,700	56,734	180,000	110102,112	110542,636	110543,636	110546,544	110546,746	110546,925	110547,337	39662,112	39942,636	39943,636	39946,544	39946,746	39946,926	39947,337	7,485	8,555	3,225	3,615	-13,440	13,440	19,797	25,710	1,000	1075,000	789,000	571,022	215,467
2910,000	840,000	3750,000	2,935	25,000	52,067	5,000	52,642	21,725	11,982	5,183	55,697	210,000	110102,112	110548,574	110549,574	110550,998	110553,917	110554,127	110554,768	39662,112	39948,574	39949,574	39950,998	39953,917	39954,127	39954,768	15,638	15,415	3,763	3,990	-13,440	13,440	27,076	27,337	1,000	495,000	144,000	571,022	215,467
600,000	1330,000	1930,000	9,943	12,030	40,945	17,000	52,156	27,420	13,901	3,265	56,598	160,000	110102,112	110556,335	110557,335	110600,822	110601,427	110601,587	110602,767	39662,112	39956,335	39957,335	39960,822	39961,427	39961,587	39962,767	19,778	19,647	2,402	2,505	-13,440	13,440	1,756	23,948	1,000	795,000	489,000	571,022	215,467
510,000	1420,000	1930,000	12,288	9,859	49,994	11,000	51,487	28,927	14,052	3,113	56,474	140,000	110102,112	110604,221	110605,221	110607,723	110608,239	110608,379	110609,667	39662,112	39964,221	39965,221	39967,723	39968,239	39968,379	39969,668	20,567	21,070	2,291	2,367	-13,440	13,440	3,252	21,868	1,000	869,000	535,000	571,022	215,467
