430,000	760,000	1190,000	5,312	30,263	46,471	6,000	54,436	23,183	10,705	6,461	56,644	230,000	0,000	85001,783	85002,784	85003,841	85004,283	85004,513	85005,051	0,000	31801,783	31802,784	31803,841	31804,283	31804,513	31805,051	17,971	14,570	5,257	3,926	-12,990	13,440	24,657	28,907	1,000	389,000	165,000	571,022	215,467
30,000	1390,000	1420,000	19,143	10,791	24,354	15,000	56,071	16,806	15,079	2,086	65,898	150,000	0,000	85007,611	85008,610	85012,573	85012,773	85012,923	85014,173	0,000	31807,611	31808,610	31812,573	31812,773	31812,923	31814,173	12,009	12,882	1,561	1,748	-12,990	13,440	15,844	15,520	1,000	1046,000	703,000	571,022	215,467
30,000	1410,000	1440,000	18,805	22,695	24,182	18,000	55,628	14,783	10,964	6,201	58,497	320,000	0,000	85014,768	85015,768	85017,635	85017,837	85018,156	85019,252	0,000	31814,768	31815,768	31817,635	31817,837	31818,157	31819,252	10,969	10,182	4,641	4,472	-12,990	13,440	19,870	19,598	1,000	1038,000	694,000	571,022	215,467
520,000	1460,000	1980,000	18,943	11,644	26,552	15,000	56,538	17,632	14,294	2,871	65,884	170,000	0,000	85019,857	85020,856	85022,847	85023,372	85023,542	85024,841	0,000	31819,857	31820,856	31822,847	31823,372	31823,542	31824,841	12,995	12,744	2,291	2,043	-12,990	13,440	16,050	17,350	1,000	1047,000	692,000	571,022	215,467
730,000	1600,000	2330,000	18,506	13,125	26,854	16,000	54,972	20,371	14,233	2,933	61,969	210,000	0,000	85025,434	85026,434	85027,582	85028,322	85028,532	85029,932	0,000	31825,434	31826,434	31827,582	31828,322	31828,532	31829,932	15,189	14,317	2,132	2,575	-12,990	13,440	16,363	16,696	1,000	1032,000	685,000	571,022	215,467
540,000	1740,000	2280,000	18,827	11,494	27,530	22,000	55,993	18,261	14,168	2,997	66,354	200,000	0,000	85030,527	85031,527	85035,266	85035,812	85036,012	85037,561	0,000	31830,527	31831,527	31835,266	31835,812	31836,012	31837,561	13,275	13,557	2,394	2,168	-12,990	13,440	17,410	16,794	1,000	1035,000	698,000	571,022	215,467
30,000	960,000	990,000	19,063	17,708	8,580	10,000	55,285	4,403	15,878	1,287	56,612	170,000	0,000	85038,157	85039,156	85042,984	85043,184	85043,354	85044,152	0,000	31838,157	31839,157	31842,984	31843,184	31843,354	31844,152	2,983	3,377	0,856	1,045	-12,990	13,440	6,411	7,460	1,000	1045,000	700,000	571,022	215,467
900,000	1240,000	2140,000	19,621	20,161	28,338	12,000	55,887	19,569	13,662	3,503	63,303	250,000	0,000	85044,742	85045,741	85047,360	85048,261	85048,511	85049,512	0,000	31844,742	31845,741	31847,360	31848,261	31848,511	31849,512	14,683	13,700	2,731	2,730	-12,990	13,440	13,076	15,082	1,000	1057,000	716,000	571,022	215,467
580,000	1340,000	1920,000	18,787	14,925	27,752	14,000	56,132	17,036	13,927	3,238	62,756	200,000	0,000	85050,105	85051,105	85053,742	85054,334	85054,534	85055,682	0,000	31850,105	31851,105	31853,743	31854,334	31854,534	31855,682	12,573	12,180	2,359	2,651	-12,990	13,440	18,282	19,019	1,000	1035,000	696,000	571,022	215,467
140,000	1360,000	1500,000	18,943	15,441	31,020	20,000	55,969	17,581	13,907	3,258	62,012	210,000	0,000	85056,274	85057,274	85100,632	85100,833	85101,043	85102,202	0,000	31856,274	31857,274	31860,632	31860,833	31861,043	31862,202	13,219	12,094	2,488	2,454	-12,990	13,440	16,624	16,449	1,000	1044,000	695,000	571,022	215,467
30,000	670,000	700,000	19,145	31,343	13,055	7,000	55,969	4,986	15,037	2,129	57,230	210,000	0,000	85102,796	85103,797	85107,186	85107,387	85107,597	85108,062	0,000	31862,796	31863,797	31867,186	31867,387	31867,597	31868,062	3,407	3,689	1,462	1,560	-12,990	13,440	4,776	7,026	1,000	1044,000	705,000	571,022	215,467
450,000	1510,000	1960,000	18,386	10,596	33,781	20,000	55,943	19,632	13,913	3,252	62,514	160,000	0,000	85108,660	85109,660	85113,132	85113,592	85113,752	85115,113	0,000	31868,660	31869,660	31873,132	31873,592	31873,752	31875,113	14,993	13,222	2,636	2,424	-12,990	13,440	20,007	25,407	1,000	1033,000	678,000	571,022	215,467
540,000	1100,000	1640,000	0,868	27,273	33,225	10,000	52,854	18,885	13,226	3,939	55,217	300,000	0,000	85115,705	85116,706	85118,458	85119,003	85119,303	85120,113	0,000	31875,705	31876,706	31878,458	31879,003	31879,303	31880,113	13,699	13,278	2,756	3,155	-12,990	13,440	11,550	16,264	1,000	542,000	205,000	571,022	215,467
520,000	1090,000	1610,000	0,695	18,349	32,097	7,000	53,081	17,419	14,150	3,015	55,654	200,000	0,000	85123,117	85124,117	85126,399	85126,922	85127,122	85128,021	0,000	31883,117	31884,117	31886,399	31886,922	31887,122	31888,021	12,659	12,181	2,140	2,408	-12,990	13,440	13,949	16,845	1,000	574,000	240,000	571,022	215,467
2620,000	310,000	2930,000	5,471	51,613	42,600	1,000	55,074	10,053	12,983	4,183	56,136	160,000	0,000	85130,741	85131,741	85133,688	85136,313	85136,473	85136,632	0,000	31890,741	31891,741	31893,688	31896,313	31896,473	31896,632	7,451	6,883	3,136	2,939	-12,990	13,440	13,625	27,754	1,000	693,000	367,000	571,022	215,467
500,000	840,000	1340,000	2,269	25,000	36,989	8,000	53,709	19,276	13,062	4,103	56,019	210,000	0,000	85139,972	85140,972	85143,539	85144,042	85144,251	85144,892	0,000	31899,972	31900,972	31903,539	31904,042	31904,252	31904,892	14,571	12,579	3,234	2,682	-12,990	13,440	17,610	20,493	1,000	493,000	236,000	571,022	215,467
430,000	940,000	1370,000	1,296	20,213	32,172	10,000	53,457	19,208	14,386	2,779	56,515	190,000	0,000	85147,154	85148,156	85150,542	85150,981	85151,171	85151,932	0,000	31907,154	31908,156	31910,543	31910,981	31911,171	31911,932	14,234	13,027	2,200	1,860	-12,990	13,440	7,501	14,632	1,000	525,000	218,000	571,022	215,467
600,000	1030,000	1630,000	0,984	17,476	34,055	10,000	53,275	18,446	13,950	3,216	54,909	180,000	0,000	85154,547	85155,546	85158,276	85158,881	85159,061	85199,922	0,000	31914,547	31915,546	31918,276	31918,881	31919,061	31919,922	13,642	12,572	2,307	2,520	-12,990	13,440	20,499	20,100	1,000	542,000	235,000	571,022	215,467
420,000	710,000	1130,000	1,657	30,986	48,742	5,000	52,572	19,524	11,155	6,010	54,831	220,000	0,000	85202,601	85203,602	85207,228	85207,651	85207,871	85208,372	0,000	31922,601	31923,602	31927,228	31927,651	31927,871	31928,373	14,039	13,759	4,229	4,652	-12,990	13,440	27,158	30,113	1,000	520,000	186,000	571,022	215,467
410,000	780,000	1190,000	1,857	41,026	45,123	6,000	52,390	19,924	7,764	9,401	53,901	320,000	0,000	85210,026	85211,026	85214,893	85215,313	85215,633	85216,102	0,000	31930,026	31931,026	31934,893	31935,313	31935,633	31936,102	14,263	14,121	6,625	7,140	-12,990	13,440	30,906	35,983	1,000	516,000	179,000	571,022	215,467
410,000	810,000	1220,000	1,483	14,815	38,532	10,000	52,473	19,431	14,341	2,824	55,996	120,000	0,000	85218,072	85219,073	85221,643	85222,064	85222,184	85222,883	0,000	31938,072	31939,073	31941,643	31942,064	31942,184	31942,883	13,700	13,840	1,905	2,165	-12,990	13,440	20,241	23,815	1,000	528,000	185,000	571,022	215,467
420,000	700,000	1120,000	0,446	37,143	48,939	4,000	52,189	18,372	10,521	6,645	54,963	260,000	0,000	85224,958	85225,959	85229,637	85230,063	85230,323	85230,772	0,000	31944,958	31945,959	31949,637	31950,063	31950,323	31950,772	12,827	13,503	4,791	5,069	-12,990	13,440	23,836	26,474	1,000	582,000	204,000	571,022	215,467
510,000	900,000	1410,000	0,649	18,889	35,561	6,000	53,106	18,925	14,107	3,058	55,616	170,000	0,000	85233,623	85234,622	85235,876	85236,391	85236,561	85237,303	0,000	31953,623	31954,623	31955,876	31956,391	31956,561	31957,303	13,783	13,164	2,284	2,210	-12,990	13,440	14,984	19,169	1,000	548,000	214,000	571,022	215,467
110,000	20,000	130,000	19,043	0,000	0,000	0,000	56,285	0,000	17,165	0,000	56,285	0,000	0,000	85239,261	85240,263	85242,917	85243,118	85243,118	85243,142	0,000	31959,261	31960,263	31962,917	31963,118	31963,118	31963,142	0,000	0,000	0,000	0,000	-12,990	13,440	NaN	NaN	1,000	1046,000	698,000	571,022	215,467
510,000	1010,000	1520,000	0,196	14,851	32,083	8,000	52,612	18,083	15,204	1,962	55,620	150,000	0,000	85246,130	85247,129	85248,896	85249,414	85249,564	85250,432	0,000	31966,130	31967,130	31968,896	31969,414	31969,564	31970,432	12,937	12,911	1,295	1,660	-12,990	13,440	10,567	13,792	1,000	565,000	219,000	571,022	215,467
600,000	680,000	1280,000	1,685	32,353	51,342	4,000	53,036	19,935	11,532	5,633	55,709	220,000	0,000	85253,155	85254,154	85255,879	85256,482	85256,702	85257,172	0,000	31973,155	31974,154	31975,879	31976,482	31976,702	31977,172	14,514	13,923	4,219	4,183	-12,990	13,440	23,404	27,262	1,000	522,000	181,000	571,022	215,467
440,000	690,000	1130,000	1,052	28,986	46,826	4,000	52,278	18,855	12,005	5,161	55,115	200,000	0,000	85259,855	85300,855	85303,189	85303,631	85303,831	85304,331	0,000	31979,855	31980,855	31983,189	31983,631	31983,831	31984,331	13,220	13,669	3,594	4,000	-12,990	13,440	27,780	27,041	1,000	548,000	186,000	571,022	215,467
370,000	600,000	970,000	0,807	20,000	57,853	4,000	53,118	17,101	14,565	2,601	56,197	120,000	0,000	85306,881	85307,881	85311,439	85311,811	85311,932	85312,421	0,000	31986,881	31987,881	31991,440	31991,812	31991,932	31992,421	12,263	12,123	1,901	2,026	-12,990	13,440	22,273	23,293	1,000	590,000	237,000	571,022	215,467
30,000	140,000	170,000	18,805	0,000	0,641	0,000	56,285	0,048	17,165	0,000	56,234	0,000	0,000	85315,229	85316,228	85317,376	85317,577	85317,577	85317,723	0,000	31995,229	31996,229	31997,376	31997,577	31997,577	31997,723	0,058	0,000	0,000	0,000	-12,990	13,440	0,513	NaN	1,000	1038,000	694,000	571,022	215,467
380,000	470,000	850,000	0,547	97,872	69,818	0,000	52,695	17,578	0,410	17,576	52,695	460,000	0,000	85323,294	85324,294	85326,222	85326,612	85327,072	85327,092	0,000	32003,294	32004,294	32006,222	32006,612	32007,072	32007,092	12,264	12,599	12,264	12,599	-12,990	13,440	NaN	2,541	1,000	585,000	229,000	571,022	215,467
380,000	510,000	890,000	0,271	98,039	65,582	0,000	52,920	17,456	0,290	17,456	52,920	500,000	0,000	85329,542	85330,543	85334,049	85334,432	85334,932	85334,951	0,000	32009,542	32010,543	32014,050	32014,432	32014,932	32014,951	12,292	12,575	12,293	12,574	-12,990	13,440	NaN	8,745	1,000	580,000	212,000	571,022	215,467
380,000	420,000	800,000	2,046	97,619	69,634	0,000	53,105	15,635	1,524	15,641	53,105	410,000	0,000	85338,436	85339,437	85343,336	85343,723	85344,133	85344,154	0,000	32018,436	32019,437	32023,336	32023,723	32024,133	32024,154	11,058	11,114	11,063	11,119	-12,990	13,440	NaN	18,035	1,000	618,000	271,000	571,022	215,467
300,000	540,000	840,000	0,809	98,148	74,320	0,000	52,662	19,195	2,031	19,196	52,662	530,000	0,000	85346,911	85347,911	85350,364	85350,672	85351,202	85351,222	0,000	32026,911	32027,911	32030,364	32030,672	32031,202	32031,222	14,009	13,389	14,011	13,391	-12,990	13,440	NaN	11,226	1,000	543,000	222,000	571,022	215,467
190,000	20,000	210,000	18,884	0,000	0,000	0,000	56,399	0,000	17,165	0,000	56,399	0,000	0,000	85353,738	85354,738	85356,491	85356,692	85356,692	85356,721	0,000	32033,738	32034,738	32036,491	32036,692	32036,692	32036,721	0,000	0,000	0,000	0,000	-12,990	13,440	NaN	NaN	1,000	1043,000	693,000	571,022	215,467
620,000	600,000	1220,000	1,165	98,333	69,891	0,000	52,820	19,328	2,161	19,326	52,820	590,000	0,000	85400,396	85401,397	85402,875	85403,504	85404,094	85404,111	0,000	32040,396	32041,397	32042,875	32043,504	32044,094	32044,111	13,811	13,697	13,811	13,697	-12,990	13,440	NaN	1,341	1,000	540,000	188,000	571,022	215,467
340,000	760,000	1100,000	1,448	39,474	58,085	4,000	51,644	19,495	10,447	6,718	54,631	300,000	0,000	85407,316	85408,316	85411,027	85411,372	85411,672	85412,142	0,000	32047,316	32048,316	32051,027	32051,372	32051,672	32052,142	13,446	14,653	4,784	5,404	-12,990	13,440	31,889	33,987	1,000	572,000	164,000	571,022	215,467
470,000	460,000	930,000	0,759	97,826	72,358	0,000	52,306	16,802	0,362	16,803	52,306	450,000	0,000	85414,761	85415,762	85417,115	85417,592	85418,042	85418,061	0,000	32054,761	32055,762	32057,115	32057,592	32058,042	32058,061	11,420	12,603	11,421	12,603	-12,990	13,440	NaN	9,416	1,000	586,000	193,000	571,022	215,467
460,000	1180,000	1640,000	18,466	18,644	44,262	12,000	55,138	19,929	11,540	5,625	65,505	220,000	0,000	85420,684	85421,683	85425,587	85426,052	85426,272	85427,242	0,000	32060,684	32061,684	32065,587	32066,052	32066,272	32067,242	14,034	15,554	4,474	4,134	-12,990	13,440	30,252	31,264	1,000	1038,000	677,000	571,022	215,467
380,000	630,000	1010,000	1,826	17,460	56,840	4,000	53,586	19,225	14,569	2,596	56,749	110,000	0,000	85430,985	85431,986	85435,272	85435,662	85435,772	85436,301	0,000	32070,986	32071,986	32075,272	32075,662	32075,772	32076,301	14,037	13,249	1,815	2,034	-12,990	13,440	18,225	24,322	1,000	516,000	181,000	571,022	215,467
400,000	440,000	840,000	0,217	27,273	76,583	2,000	52,795	17,948	13,474	3,691	56,225	120,000	0,000	85438,337	85439,337	85442,178	85442,583	85442,703	85443,033	0,000	32078,337	32079,337	32082,178	32082,583	32082,703	32083,033	12,633	12,886	2,650	2,872	-12,990	13,440	13,843	30,022	1,000	573,000	208,000	571,022	215,467
