400,000	890,000	1290,000	0,585	30,337	36,324	6,000	37,734	17,033	17,429	7,751	34,528	270,000	112037,970	112051,097	112052,098	112054,582	112054,988	112055,258	112055,887	40837,971	40851,097	40852,098	40854,582	40854,988	40855,258	40855,887	11,617	12,516	4,629	6,245	13,440	13,440	23,251	26,051	1,000	851,000	205,000	868,978	215,467
350,000	1060,000	1410,000	0,333	16,981	38,793	9,000	35,952	18,572	21,326	3,854	30,612	180,000	112037,970	112057,345	112058,345	112101,334	112101,688	112101,868	112102,756	40837,971	40857,345	40858,345	40861,334	40861,688	40861,868	40862,756	13,194	13,558	2,465	3,139	13,440	13,440	24,308	26,704	1,000	858,000	211,000	868,978	215,467
440,000	720,000	1160,000	0,720	19,444	41,002	4,000	38,297	17,199	21,797	3,383	34,029	140,000	112037,970	112104,396	112105,397	112107,095	112107,537	112107,677	112108,266	40837,971	40864,396	40865,397	40867,095	40867,537	40867,677	40868,267	12,519	12,070	2,381	2,527	13,440	13,440	19,575	24,949	1,000	871,000	241,000	868,978	215,467
30,000	380,000	410,000	19,150	50,000	0,579	4,000	28,704	0,124	25,133	0,047	28,811	190,000	112037,970	112114,026	112115,026	112118,378	112118,578	112118,768	112118,966	40837,971	40874,026	40875,026	40878,378	40878,578	40878,768	40878,966	0,000	0,141	0,000	0,054	13,440	13,440	0,052	0,095	1,000	374,000	683,000	868,978	215,467
420,000	440,000	860,000	18,943	68,182	5,042	3,000	30,732	0,691	24,526	0,654	30,610	300,000	112037,970	112119,564	112120,565	112123,348	112123,776	112124,076	112124,228	40837,971	40879,564	40880,565	40883,348	40883,776	40884,076	40884,228	0,311	0,619	0,254	0,610	13,440	13,440	0,123	0,172	1,000	392,000	691,000	868,978	215,467
460,000	140,000	600,000	18,845	92,857	4,441	0,000	29,664	0,387	24,794	0,386	29,664	130,000	112037,970	112124,819	112125,819	112129,588	112130,056	112130,186	112130,206	40837,971	40884,819	40885,819	40889,588	40890,056	40890,186	40890,206	0,085	0,397	0,086	0,395	13,440	13,440	NaN	3,685	1,000	389,000	683,000	868,978	215,467
430,000	190,000	620,000	18,545	84,211	5,105	1,000	30,630	0,574	24,636	0,544	30,630	160,000	112037,970	112130,802	112131,801	112135,580	112136,018	112136,178	112136,217	40837,971	40890,802	40891,801	40895,580	40896,018	40896,178	40896,217	0,311	0,482	0,310	0,453	13,440	13,440	NaN	2,605	1,000	405,000	684,000	868,978	215,467
190,000	180,000	370,000	18,628	83,333	0,937	1,000	29,987	0,095	25,094	0,087	29,987	150,000	112037,970	112136,802	112137,803	112139,741	112139,942	112140,092	112140,127	40837,971	40896,802	40897,803	40899,741	40899,942	40900,092	40900,127	0,142	0,028	0,135	0,028	13,440	13,440	NaN	0,455	1,000	378,000	660,000	868,978	215,467
480,000	170,000	650,000	18,949	0,000	2,293	0,000	29,262	0,218	25,179	0,001	28,476	0,000	112037,970	112140,725	112141,725	112144,811	112145,298	112145,298	112145,476	40837,971	40900,725	40901,725	40904,811	40905,298	40905,298	40905,476	0,369	0,029	0,003	0,000	13,440	13,440	2,004	NaN	1,000	381,000	680,000	868,978	215,467
120,000	240,000	360,000	18,486	95,833	6,516	0,000	30,766	0,953	24,228	0,952	30,766	230,000	112037,970	112146,067	112147,067	112148,894	112149,094	112149,324	112149,337	40837,971	40906,067	40907,067	40908,894	40909,094	40909,324	40909,337	0,197	0,994	0,198	0,993	13,440	13,440	NaN	5,845	1,000	406,000	682,000	868,978	215,467
510,000	920,000	1430,000	0,300	28,261	38,003	8,000	38,382	17,953	18,438	6,743	35,150	260,000	112037,970	112149,933	112150,933	112153,262	112153,776	112154,036	112154,706	40837,971	40909,933	40910,933	40913,263	40913,776	40914,036	40914,706	13,013	12,695	4,837	4,954	13,440	13,440	30,588	30,154	1,000	871,000	205,000	868,978	215,467
400,000	960,000	1360,000	0,110	15,625	34,837	6,000	37,583	17,974	22,156	3,024	33,376	150,000	112037,970	112156,199	112157,199	112200,270	112200,678	112200,828	112201,648	40837,971	40916,199	40917,199	40920,270	40920,678	40920,828	40921,648	12,855	12,885	2,186	2,259	13,440	13,440	18,522	21,909	1,000	872,000	213,000	868,978	215,467
380,000	1050,000	1430,000	0,133	23,810	35,950	9,000	36,657	18,348	19,158	6,022	33,527	250,000	112037,970	112202,789	112203,789	112206,893	112207,276	112207,526	112208,339	40837,971	40922,789	40923,789	40926,893	40927,276	40927,526	40928,339	13,118	13,237	4,444	4,411	13,440	13,440	30,772	30,684	1,000	865,000	218,000	868,978	215,467
30,000	460,000	490,000	19,003	82,609	26,506	2,000	39,272	4,214	21,007	4,174	39,312	380,000	112037,970	112213,148	112214,149	112215,797	112215,998	112216,378	112216,467	40837,971	40933,148	40934,149	40935,797	40935,998	40936,378	40936,467	2,166	3,516	2,165	3,471	13,440	13,440	0,429	0,026	1,000	394,000	696,000	868,978	215,467
30,000	20,000	50,000	18,488	0,000	0,000	0,000	30,536	0,000	25,180	0,000	30,536	0,000	112037,970	112217,053	112218,054	112219,632	112219,833	112219,833	112219,856	40837,971	40937,053	40938,054	40939,632	40939,833	40939,833	40939,856	0,000	0,000	0,000	0,000	13,440	13,440	NaN	NaN	1,000	397,000	673,000	868,978	215,467
500,000	930,000	1430,000	0,184	15,054	49,884	8,000	36,625	19,501	21,914	3,266	32,506	140,000	112037,970	112224,884	112225,884	112228,828	112229,336	112229,476	112230,277	40837,971	40944,884	40945,884	40948,828	40949,336	40949,476	40950,277	13,858	14,133	2,587	2,330	13,440	13,440	24,499	25,770	1,000	868,000	209,000	868,978	215,467
450,000	980,000	1430,000	0,277	37,755	32,901	13,000	36,516	19,919	16,193	8,987	34,037	370,000	112037,970	112231,405	112232,406	112233,814	112234,267	112234,637	112235,258	40837,971	40951,405	40952,406	40953,814	40954,267	40954,637	40955,258	14,041	14,522	6,384	6,666	13,440	13,440	25,758	27,110	1,000	874,000	207,000	868,978	215,467
380,000	760,000	1140,000	0,086	27,632	37,466	6,000	38,053	17,314	19,190	5,990	35,237	210,000	112037,970	112236,513	112237,513	112240,288	112240,677	112240,887	112241,448	40837,971	40956,513	40957,513	40960,288	40960,677	40960,887	40961,448	12,128	12,492	4,096	4,551	13,440	13,440	25,331	29,421	1,000	872,000	216,000	868,978	215,467
360,000	780,000	1140,000	0,401	30,769	40,369	2,000	38,068	18,047	19,203	5,977	35,463	240,000	112037,970	112242,584	112243,587	112245,148	112245,516	112245,756	112246,306	40837,971	40962,584	40963,587	40965,148	40965,516	40965,756	40966,306	13,108	12,770	4,566	4,291	13,440	13,440	26,526	30,199	1,000	883,000	218,000	868,978	215,467
440,000	990,000	1430,000	0,075	24,242	39,195	13,000	37,713	18,563	18,773	6,407	35,305	240,000	112037,970	112247,970	112248,970	112251,482	112251,928	112252,168	112252,926	40837,971	40967,970	40968,970	40971,483	40971,928	40972,168	40972,926	12,930	13,511	4,474	4,827	13,440	13,440	29,677	30,867	1,000	870,000	213,000	868,978	215,467
200,000	40,000	240,000	18,705	0,000	0,326	0,000	30,313	0,015	25,179	0,001	30,334	0,000	112037,970	112253,966	112254,966	112256,630	112256,836	112256,836	112256,886	40837,971	40973,966	40974,966	40976,630	40976,836	40976,836	40976,886	0,000	0,000	0,000	0,000	13,440	13,440	0,015	NaN	1,000	404,000	691,000	868,978	215,467
320,000	830,000	1150,000	0,351	40,964	36,323	4,000	36,941	18,370	17,001	8,179	33,952	340,000	112037,970	112302,353	112303,353	112306,155	112306,477	112306,817	112307,318	40837,971	40982,353	40983,353	40986,155	40986,477	40986,817	40987,318	12,943	13,364	5,471	6,333	13,440	13,440	27,598	32,725	1,000	869,000	203,000	868,978	215,467
390,000	790,000	1180,000	0,272	62,025	47,537	4,000	37,527	17,996	10,833	14,347	36,510	490,000	112037,970	112308,434	112309,433	112311,608	112312,008	112312,499	112312,808	40837,971	40988,434	40989,433	40991,608	40992,009	40992,499	40992,808	12,660	13,000	9,886	10,616	13,440	13,440	6,927	14,178	1,000	871,000	206,000	868,978	215,467
380,000	740,000	1120,000	0,427	17,568	54,829	7,000	38,857	16,150	21,268	3,912	37,124	130,000	112037,970	112314,097	112315,097	112317,252	112317,637	112317,767	112318,388	40837,971	40994,097	40995,097	40997,252	40997,637	40997,767	40998,388	11,253	11,650	2,911	2,873	13,440	13,440	27,461	32,886	1,000	854,000	218,000	868,978	215,467
380,000	790,000	1170,000	0,197	70,886	49,042	2,000	36,806	17,915	8,522	16,658	36,360	560,000	112037,970	112319,432	112320,432	112323,529	112323,917	112324,477	112324,717	40837,971	40999,432	41000,432	41003,529	41003,917	41004,477	41004,717	12,630	13,052	11,614	12,329	13,440	13,440	12,767	14,532	1,000	862,000	216,000	868,978	215,467
340,000	980,000	1320,000	0,197	45,918	49,150	4,000	37,745	18,672	9,903	15,277	37,088	450,000	112037,970	112325,813	112326,812	112329,070	112329,417	112329,867	112330,407	40837,971	41005,813	41006,813	41009,070	41009,417	41009,867	41010,407	13,137	13,529	10,768	11,196	13,440	13,440	21,605	25,171	1,000	862,000	216,000	868,978	215,467
400,000	890,000	1290,000	0,194	32,584	52,286	7,000	37,957	17,502	14,315	10,865	35,856	290,000	112037,970	112331,404	112332,404	112334,798	112335,207	112335,497	112336,106	40837,971	41011,404	41012,404	41014,798	41015,207	41015,497	41016,106	12,405	12,601	7,299	8,380	13,440	13,440	50,267	50,694	1,000	863,000	212,000	868,978	215,467
410,000	680,000	1090,000	0,367	19,118	53,704	2,000	38,483	17,427	21,143	4,037	35,061	130,000	112037,970	112337,242	112338,243	112342,179	112342,597	112342,727	112343,287	40837,971	41017,242	41018,243	41022,179	41022,597	41022,727	41023,287	12,292	12,432	2,620	3,141	13,440	13,440	30,741	33,188	1,000	882,000	216,000	868,978	215,467
390,000	760,000	1150,000	0,030	98,684	50,580	0,000	38,302	17,018	8,166	17,014	38,302	750,000	112037,970	112344,495	112345,496	112348,571	112348,969	112349,719	112349,738	40837,971	41024,495	41025,496	41028,571	41028,969	41029,719	41029,738	11,758	12,348	11,758	12,345	13,440	13,440	NaN	1,295	1,000	868,000	215,000	868,978	215,467
410,000	1020,000	1430,000	1,048	55,882	53,939	7,000	38,481	17,838	8,470	16,710	38,380	570,000	112037,970	112350,828	112351,829	112353,860	112354,277	112354,847	112355,306	40837,971	41030,828	41031,829	41033,860	41034,277	41034,847	41035,306	12,893	12,667	12,182	11,811	13,440	13,440	7,255	10,386	1,000	845,000	244,000	868,978	215,467
380,000	670,000	1050,000	0,297	98,507	52,876	0,000	37,743	16,965	8,216	16,964	37,743	660,000	112037,970	112356,351	112357,352	112400,291	112400,676	112401,336	112401,357	40837,971	41036,351	41037,352	41040,291	41040,676	41041,336	41041,357	11,842	12,321	11,843	12,320	13,440	13,440	NaN	4,659	1,000	860,000	221,000	868,978	215,467
400,000	860,000	1260,000	0,120	75,581	47,866	3,000	38,628	17,524	8,146	17,034	38,591	650,000	112037,970	112402,614	112403,613	112406,401	112406,808	112407,458	112407,677	40837,971	41042,614	41043,613	41046,401	41046,808	41047,458	41047,677	12,237	12,574	11,940	12,242	13,440	13,440	4,506	6,547	1,000	873,000	214,000	868,978	215,467
370,000	1060,000	1430,000	0,235	77,358	51,880	2,000	37,446	20,002	6,093	19,088	37,164	820,000	112037,970	112408,715	112409,714	112412,618	112412,997	112413,817	112414,067	40837,971	41048,715	41049,714	41052,618	41052,997	41053,817	41054,067	14,217	14,433	13,501	13,830	13,440	13,440	4,033	0,791	1,000	861,000	218,000	868,978	215,467
440,000	800,000	1240,000	0,228	67,500	53,198	2,000	37,764	17,501	8,910	16,270	37,309	540,000	112037,970	112415,698	112416,698	112420,321	112420,766	112421,306	112421,578	40837,971	41055,698	41056,699	41060,321	41060,766	41061,306	41061,578	12,179	12,685	11,213	11,953	13,440	13,440	11,148	11,776	1,000	863,000	210,000	868,978	215,467
510,000	660,000	1170,000	0,515	98,485	52,493	0,000	37,926	16,850	8,333	16,847	37,926	650,000	112037,970	112422,636	112423,637	112424,986	112425,508	112426,158	112426,176	40837,971	41062,636	41063,637	41064,986	41065,508	41066,158	41066,176	11,703	12,154	11,704	12,152	13,440	13,440	NaN	3,097	1,000	854,000	226,000	868,978	215,467
330,000	900,000	1230,000	0,195	62,222	50,497	5,000	38,336	17,442	8,520	16,660	38,233	560,000	112037,970	112427,407	112428,407	112430,229	112430,568	112431,128	112431,477	40837,971	41067,407	41068,407	41070,229	41070,568	41071,128	41071,478	12,265	12,518	11,732	11,978	13,440	13,440	4,315	6,057	1,000	863,000	219,000	868,978	215,467
400,000	970,000	1370,000	0,272	15,464	52,255	6,000	37,223	17,795	21,949	3,231	33,978	150,000	112037,970	112432,528	112433,528	112436,514	112436,918	112437,068	112437,897	40837,971	41072,528	41073,528	41076,514	41076,918	41077,068	41077,897	12,433	12,966	2,428	2,378	13,440	13,440	24,564	24,117	1,000	861,000	210,000	868,978	215,467
380,000	900,000	1280,000	0,341	28,889	41,042	6,000	36,336	18,653	21,081	4,099	32,975	260,000	112037,970	112439,049	112440,048	112442,064	112442,447	112442,707	112443,356	40837,971	41079,049	41080,048	41082,064	41082,447	41082,707	41083,356	13,026	13,727	3,069	3,049	13,440	13,440	16,374	22,433	1,000	865,000	204,000	868,978	215,467
440,000	860,000	1300,000	0,374	24,419	45,056	8,000	36,731	19,137	21,265	3,915	32,491	210,000	112037,970	112444,447	112445,447	112447,320	112447,768	112447,977	112448,637	40837,971	41084,448	41085,448	41087,320	41087,768	41087,978	41088,637	13,643	13,840	2,880	2,919	13,440	13,440	20,701	22,535	1,000	880,000	208,000	868,978	215,467
400,000	1030,000	1430,000	0,230	33,981	47,306	9,000	36,560	18,676	16,574	8,607	34,736	350,000	112037,970	112449,639	112450,638	112453,582	112453,988	112454,338	112455,028	40837,971	41089,639	41090,638	41093,582	41093,988	41094,338	41095,028	12,997	13,710	6,155	6,437	13,440	13,440	30,679	30,573	1,000	864,000	209,000	868,978	215,467
