30,000	1260,000	1290,000	24,369	10,317	55,286	14,000	69,060	28,777	25,072	0,108	79,324	130,000	0,000	74751,256	74752,255	74754,138	74754,340	74754,470	74755,606	0,000	28071,256	28072,255	28074,138	28074,340	28074,470	28075,606	25,398	15,329	0,102	0,064	13,440	13,440	1,806	0,244	1,000	191,000	755,000	868,978	215,467
420,000	1550,000	1970,000	6,240	10,968	52,879	18,000	42,234	26,003	22,022	3,159	32,083	170,000	0,000	74803,501	74804,501	74806,276	74806,705	74806,875	74808,266	0,000	28083,501	28084,501	28086,276	28086,705	28086,875	28088,266	21,714	16,172	2,629	2,243	13,440	13,440	23,734	23,769	1,000	1088,000	180,000	868,978	215,467
280,000	1350,000	1630,000	3,394	18,519	51,225	16,000	40,613	22,983	21,152	4,028	33,449	250,000	0,000	74811,051	74812,053	74814,228	74814,515	74814,765	74815,875	0,000	28091,051	28092,053	28094,228	28094,516	28094,766	28095,875	18,339	15,047	3,275	2,842	13,440	13,440	24,603	23,964	1,000	983,000	255,000	868,978	215,467
670,000	1550,000	2220,000	4,100	11,613	45,707	18,000	43,773	23,725	21,657	3,523	34,169	180,000	0,000	74817,762	74818,763	74821,031	74821,706	74821,886	74823,266	0,000	28097,762	28098,763	28101,031	28101,706	28101,886	28103,266	20,198	14,151	2,726	2,552	13,440	13,440	16,244	21,564	1,000	964,000	326,000	868,978	215,467
390,000	870,000	1260,000	2,794	18,391	33,824	8,000	39,991	18,303	21,464	3,716	31,391	160,000	0,000	74828,409	74829,409	74830,939	74831,337	74831,497	74832,216	0,000	28108,409	28109,409	28110,939	28111,337	28111,497	28112,216	14,545	11,987	1,915	3,272	13,440	13,440	15,452	23,414	1,000	912,000	305,000	868,978	215,467
380,000	1860,000	2240,000	4,604	24,731	34,783	17,000	42,329	20,427	15,219	9,962	38,007	460,000	0,000	74838,375	74839,376	74843,137	74843,527	74843,987	74845,395	0,000	28118,375	28119,376	28123,137	28123,527	28123,987	28125,395	17,440	12,323	8,433	6,429	13,440	13,440	11,668	14,147	1,000	920,000	371,000	868,978	215,467
340,000	960,000	1300,000	3,154	31,250	38,215	8,000	40,663	17,401	17,948	7,232	36,279	300,000	0,000	74850,892	74851,892	74854,539	74854,885	74855,185	74855,855	0,000	28130,892	28131,892	28134,539	28134,885	28135,185	28135,855	14,627	10,802	6,110	4,793	13,440	13,440	21,506	23,848	1,000	888,000	326,000	868,978	215,467
260,000	50,000	310,000	18,489	0,000	0,898	0,000	30,536	0,040	25,179	0,001	30,596	0,000	0,000	74859,251	74900,251	74903,811	74904,076	74904,076	74904,135	0,000	28139,251	28140,251	28143,811	28144,076	28144,076	28144,135	0,000	0,029	0,000	0,000	13,440	13,440	0,105	NaN	1,000	395,000	671,000	868,978	215,467
30,000	830,000	860,000	20,595	19,277	31,543	6,000	58,940	15,284	22,522	2,658	62,291	160,000	0,000	74908,903	74909,903	74913,877	74914,078	74914,238	74914,915	0,000	28148,903	28149,903	28153,877	28154,078	28154,238	28154,915	11,983	9,705	2,017	1,990	13,440	13,440	12,285	15,284	1,000	357,000	739,000	868,978	215,467
30,000	600,000	630,000	3,565	38,333	9,199	4,000	66,087	2,702	24,128	1,052	67,623	230,000	0,000	74915,501	74916,501	74918,689	74918,890	74919,120	74919,496	0,000	28155,501	28156,501	28158,689	28158,890	28159,120	28159,496	1,999	2,082	0,768	0,877	13,440	13,440	3,153	0,918	1,000	905,000	337,000	868,978	215,467
280,000	2650,000	2930,000	6,177	16,226	39,951	27,000	41,977	21,759	14,175	11,005	38,074	430,000	0,000	74921,588	74922,589	74925,788	74926,075	74926,505	74928,735	0,000	28161,589	28162,589	28165,788	28166,075	28166,505	28168,735	18,650	13,252	9,643	6,975	13,440	13,440	19,708	21,458	1,000	875,000	435,000	868,978	215,467
410,000	1050,000	1460,000	4,404	28,571	40,815	12,000	42,375	20,286	16,525	8,655	37,218	300,000	0,000	74930,209	74931,209	74932,801	74933,215	74933,515	74934,276	0,000	28170,209	28171,209	28172,801	28173,215	28173,515	28174,276	17,692	12,009	7,554	5,611	13,440	13,440	32,061	34,380	1,000	936,000	357,000	868,978	215,467
30,000	2570,000	2600,000	2,684	10,117	39,287	26,000	42,417	27,539	24,562	0,618	29,518	260,000	0,000	74937,046	74938,047	74939,738	74939,938	74940,198	74942,516	0,000	28177,046	28178,047	28179,738	28179,938	28180,198	28182,516	22,444	17,494	0,115	0,648	13,440	13,440	0,344	0,356	1,000	831,000	303,000	868,978	215,467
190,000	1130,000	1320,000	1,611	15,044	44,021	10,000	38,077	16,609	23,297	1,883	32,919	170,000	0,000	74945,196	74946,195	74948,506	74948,706	74948,876	74949,845	0,000	28185,196	28186,195	28188,506	28188,706	28188,876	28189,845	12,208	11,644	1,302	1,431	13,440	13,440	11,413	11,467	1,000	855,000	271,000	868,978	215,467
380,000	830,000	1210,000	2,660	25,301	38,504	6,000	38,469	16,134	19,743	5,437	34,281	210,000	0,000	74953,333	74954,333	74958,065	74958,457	74958,667	74959,295	0,000	28193,333	28194,333	28198,065	28198,457	28198,667	28199,295	12,292	10,997	3,878	4,098	13,440	13,440	27,152	28,371	1,000	872,000	310,000	868,978	215,467
360,000	810,000	1170,000	2,304	27,160	44,088	6,000	39,136	16,455	18,632	6,548	35,446	220,000	0,000	75002,586	75003,586	75006,228	75006,596	75006,816	75007,416	0,000	28202,586	28203,586	28206,228	28206,596	28206,816	28207,416	12,769	10,998	4,931	4,773	13,440	13,440	33,807	33,659	1,000	877,000	297,000	868,978	215,467
200,000	1080,000	1280,000	2,881	14,815	34,487	8,000	36,878	15,986	25,042	0,138	29,408	160,000	0,000	75015,199	75016,199	75018,295	75018,496	75018,656	75019,585	0,000	28215,199	28216,199	28218,295	28218,496	28218,656	28219,585	12,179	11,110	0,143	0,102	13,440	13,440	0,473	0,429	1,000	823,000	307,000	868,978	215,467
2620,000	310,000	2930,000	7,193	48,387	41,963	3,000	35,760	9,241	21,768	3,412	32,985	150,000	0,000	75022,800	75023,800	75024,866	75027,496	75027,645	75027,815	0,000	28222,800	28223,800	28224,866	28227,496	28227,646	28227,815	6,969	6,651	2,606	2,547	13,440	13,440	9,712	28,545	1,000	709,000	415,000	868,978	215,467
380,000	740,000	1120,000	2,300	62,162	50,429	2,000	38,654	17,463	12,141	13,039	36,732	460,000	0,000	75032,209	75033,209	75035,434	75035,816	75036,276	75036,565	0,000	28232,209	28233,209	28235,434	28235,816	28236,276	28236,565	13,781	11,646	9,993	9,113	13,440	13,440	15,066	17,893	1,000	895,000	293,000	868,978	215,467
400,000	1380,000	1780,000	2,745	9,420	41,700	16,000	39,529	18,909	21,731	3,449	32,063	130,000	0,000	75039,540	75040,542	75044,221	75044,625	75044,755	75046,015	0,000	28239,540	28240,542	28244,221	28244,626	28244,756	28246,016	15,020	12,432	2,344	2,702	13,440	13,440	25,478	27,422	1,000	865,000	313,000	868,978	215,467
370,000	1380,000	1750,000	3,154	23,913	40,670	10,000	39,562	18,978	15,055	10,125	35,997	330,000	0,000	75047,910	75048,911	75050,750	75051,125	75051,455	75052,515	0,000	28247,910	28248,911	28250,750	28251,125	28251,455	28252,515	14,937	12,575	7,648	7,251	13,440	13,440	31,563	33,053	1,000	845,000	325,000	868,978	215,467
380,000	1790,000	2170,000	2,684	14,525	36,492	20,000	37,916	18,867	18,100	7,080	33,449	260,000	0,000	75056,206	75057,207	75101,059	75101,447	75101,707	75103,246	0,000	28256,206	28257,207	28261,059	28261,447	28261,707	28263,246	14,233	13,079	5,055	5,332	13,440	13,440	33,243	33,602	1,000	831,000	303,000	868,978	215,467
390,000	1490,000	1880,000	2,207	8,725	40,193	14,000	39,018	17,516	22,109	3,071	33,144	130,000	0,000	75105,624	75106,625	75109,581	75109,975	75110,105	75111,477	0,000	28265,624	28266,625	28269,581	28269,975	28270,105	28271,477	13,446	11,815	2,199	2,312	13,440	13,440	22,156	22,877	1,000	839,000	288,000	868,978	215,467
440,000	2160,000	2600,000	2,186	9,259	37,237	25,000	38,389	20,908	20,768	4,412	32,029	200,000	0,000	75114,918	75115,919	75117,825	75118,276	75118,476	75120,445	0,000	28274,919	28275,919	28277,825	28278,276	28278,476	28280,445	15,808	14,429	3,061	3,397	13,440	13,440	26,144	25,081	1,000	841,000	288,000	868,978	215,467
400,000	1160,000	1560,000	1,290	12,069	41,110	13,000	38,072	17,477	21,373	3,807	32,414	140,000	0,000	75122,774	75123,775	75127,766	75128,177	75128,317	75129,346	0,000	28282,774	28283,775	28287,766	28288,177	28288,317	28289,346	13,024	12,122	2,420	3,046	13,440	13,440	26,557	26,802	1,000	858,000	260,000	868,978	215,467
410,000	1230,000	1640,000	1,730	13,821	41,735	12,000	37,578	18,074	20,602	4,578	32,103	170,000	0,000	75132,519	75133,519	75137,152	75137,565	75137,735	75138,805	0,000	28292,519	28293,519	28297,152	28297,565	28297,735	28298,805	13,445	12,630	3,012	3,625	13,440	13,440	26,870	26,800	1,000	858,000	276,000	868,978	215,467
450,000	1440,000	1890,000	2,074	10,417	34,171	14,000	37,846	16,647	22,531	2,649	31,135	150,000	0,000	75142,118	75143,118	75144,883	75145,335	75145,485	75146,785	0,000	28302,118	28303,118	28304,883	28305,335	28305,485	28306,786	12,741	11,393	1,694	2,126	13,440	13,440	18,364	20,013	1,000	851,000	287,000	868,978	215,467
400,000	1740,000	2140,000	1,826	9,770	36,609	18,000	38,509	17,563	21,547	3,633	32,237	170,000	0,000	75151,737	75152,736	75155,592	75155,996	75156,166	75157,745	0,000	28311,737	28312,736	28315,592	28315,996	28316,166	28317,745	13,725	11,813	2,684	2,734	13,440	13,440	26,716	26,868	1,000	876,000	280,000	868,978	215,467
650,000	1530,000	2180,000	1,871	10,458	32,191	16,000	38,463	16,875	21,780	3,400	32,543	160,000	0,000	75200,336	75201,336	75204,139	75204,796	75204,956	75206,335	0,000	28320,336	28321,336	28324,139	28324,796	28324,956	28326,335	12,882	11,504	2,255	2,691	13,440	13,440	22,734	21,878	1,000	869,000	282,000	868,978	215,467
420,000	1280,000	1700,000	1,717	13,281	37,326	12,000	37,791	17,413	20,634	4,546	32,923	170,000	0,000	75209,831	75210,831	75213,384	75213,805	75213,975	75215,096	0,000	28329,831	28330,831	28333,384	28333,805	28333,975	28335,096	12,969	12,125	3,147	3,490	13,440	13,440	23,583	26,777	1,000	861,000	276,000	868,978	215,467
380,000	1330,000	1710,000	3,000	15,789	48,468	14,000	38,030	16,880	19,272	5,908	32,409	210,000	0,000	75218,476	75219,477	75223,017	75223,405	75223,615	75224,745	0,000	28338,476	28339,477	28343,017	28343,405	28343,615	28344,745	13,445	11,280	4,315	4,456	13,440	13,440	28,121	29,975	1,000	864,000	322,000	868,978	215,467
380,000	1420,000	1800,000	3,165	16,197	39,868	16,000	39,371	16,087	19,062	6,118	34,616	230,000	0,000	75227,108	75228,109	75230,076	75230,466	75230,696	75231,895	0,000	28347,108	28348,109	28350,076	28350,466	28350,696	28351,895	12,966	10,493	4,664	4,474	13,440	13,440	29,408	30,311	1,000	870,000	328,000	868,978	215,467
560,000	1900,000	2460,000	3,515	7,895	36,750	24,000	39,586	16,026	21,052	4,128	32,552	150,000	0,000	75233,978	75234,978	75237,498	75238,065	75238,215	75239,975	0,000	28353,978	28354,978	28357,498	28358,065	28358,215	28359,975	13,050	10,351	2,743	3,311	13,440	13,440	27,394	26,514	1,000	850,000	339,000	868,978	215,467
430,000	1110,000	1540,000	3,802	20,721	38,103	15,000	37,547	14,544	19,491	5,689	34,082	230,000	0,000	75242,802	75243,803	75246,307	75246,747	75246,977	75247,865	0,000	28362,802	28363,803	28366,307	28366,747	28366,977	28367,865	10,948	10,105	4,098	4,287	13,440	13,440	21,910	23,501	1,000	804,000	334,000	868,978	215,467
230,000	1540,000	1770,000	2,798	9,091	36,420	14,000	37,401	16,294	25,080	0,100	29,816	140,000	0,000	75250,635	75251,635	75253,847	75254,085	75254,225	75255,635	0,000	28370,635	28371,635	28373,847	28374,085	28374,225	28375,635	12,350	11,311	0,028	0,105	13,440	13,440	3,853	0,543	1,000	838,000	310,000	868,978	215,467
400,000	1260,000	1660,000	3,766	16,667	40,366	12,000	36,127	15,318	19,945	5,235	32,089	210,000	0,000	75257,677	75258,678	75300,468	75300,877	75301,087	75302,147	0,000	28377,677	28378,678	28380,468	28380,877	28381,087	28382,147	11,505	10,800	3,859	3,962	13,440	13,440	28,003	27,782	1,000	798,000	329,000	868,978	215,467
30,000	20,000	50,000	19,123	0,000	0,000	0,000	29,303	0,000	25,180	0,000	29,303	0,000	0,000	75304,974	75305,974	75308,525	75308,726	75308,726	75308,756	0,000	28384,974	28385,974	28388,525	28388,726	28388,726	28388,756	0,000	0,000	0,000	0,000	13,440	13,440	NaN	NaN	1,000	394,000	702,000	868,978	215,467
420,000	790,000	1210,000	4,667	24,051	44,290	8,000	38,254	14,266	19,250	5,930	33,252	190,000	0,000	75314,610	75315,610	75319,515	75319,945	75320,135	75320,746	0,000	28394,610	28395,610	28399,515	28399,945	28400,135	28400,746	11,536	9,367	4,284	4,484	13,440	13,440	22,688	24,781	1,000	820,000	374,000	868,978	215,467
430,000	1200,000	1630,000	4,213	26,667	40,453	8,000	35,388	14,588	17,667	7,513	33,622	320,000	0,000	75323,944	75324,945	75328,300	75328,735	75329,055	75329,945	0,000	28403,944	28404,945	28408,300	28408,735	28409,055	28409,945	10,184	10,773	5,288	5,617	13,440	13,440	4,106	8,571	1,000	769,000	327,000	868,978	215,467
450,000	1840,000	2290,000	2,511	8,696	34,868	24,000	40,158	17,302	21,193	3,987	32,915	160,000	0,000	75333,094	75334,095	75337,674	75338,135	75338,295	75339,987	0,000	28413,094	28414,095	28417,674	28418,135	28418,295	28419,987	14,261	11,026	2,967	2,975	13,440	13,440	29,711	30,192	1,000	903,000	298,000	868,978	215,467
