30,000	1900,000	1930,000	6,022	10,526	34,711	14,000	39,256	25,432	24,478	0,702	26,469	200,000	112019,389	112127,951	112128,951	112130,588	112130,788	112130,988	112132,697	40819,389	40887,951	40888,951	40890,588	40890,788	40890,988	40892,697	21,663	16,211	1,031	0,313	13,440	13,440	7,253	4,390	1,000	942,000	417,000	869,689	215,467
150,000	1780,000	1930,000	20,488	12,921	5,467	32,000	42,979	4,450	24,354	0,826	38,307	230,000	112019,389	112142,916	112143,916	112146,406	112146,607	112146,837	112148,398	40819,389	40902,916	40903,916	40906,406	40906,607	40906,837	40908,398	4,570	1,889	0,338	0,748	13,440	13,440	1,325	3,289	1,000	453,000	813,000	869,689	215,467
180,000	150,000	330,000	22,661	86,667	0,731	1,000	19,297	0,073	25,111	0,069	19,297	130,000	112019,389	112150,919	112151,920	112154,928	112155,128	112155,258	112155,287	40819,389	40910,919	40911,921	40914,928	40915,128	40915,258	40915,287	0,058	0,057	0,054	0,057	13,440	13,440	NaN	0,474	1,000	253,000	734,000	869,689	215,467
210,000	150,000	360,000	17,962	93,333	0,361	0,000	33,236	0,031	25,151	0,029	33,236	140,000	112019,389	112159,855	112200,855	112202,742	112202,957	112203,097	112203,117	40819,389	40919,855	40920,855	40922,742	40922,957	40923,097	40923,117	0,058	0,000	0,057	0,000	13,440	13,440	NaN	0,112	1,000	456,000	702,000	869,689	215,467
30,000	350,000	380,000	20,127	40,000	1,995	4,000	27,873	0,243	25,060	0,120	27,865	140,000	112019,389	112212,721	112213,721	112217,066	112217,267	112217,407	112217,627	40819,389	40932,721	40933,722	40937,066	40937,267	40937,407	40937,627	0,225	0,141	0,144	0,056	13,440	13,440	0,022	0,090	1,000	403,000	758,000	869,689	215,467
510,000	1420,000	1930,000	1,214	11,268	68,645	16,000	34,928	25,649	19,613	5,567	37,709	160,000	112019,389	112221,921	112222,922	112226,048	112226,567	112226,727	112227,997	40819,389	40941,921	40942,922	40946,048	40946,567	40946,727	40947,997	16,659	19,802	6,144	2,970	13,440	13,440	36,065	36,629	1,000	891,000	253,000	869,689	215,467
420,000	280,000	700,000	20,390	96,429	2,584	0,000	27,227	0,380	24,803	0,377	27,227	270,000	112019,389	112232,103	112233,104	112237,034	112237,457	112237,727	112237,748	40819,389	40952,103	40953,104	40957,034	40957,457	40957,727	40957,748	0,282	0,282	0,282	0,279	13,440	13,440	NaN	1,117	1,000	352,000	723,000	869,689	215,467
230,000	1700,000	1930,000	0,833	8,824	35,079	22,000	39,562	28,208	25,119	0,061	21,894	150,000	112019,389	112244,453	112245,453	112246,990	112247,228	112247,378	112248,937	40819,389	40964,453	40965,453	40966,990	40967,228	40967,378	40968,937	24,057	18,175	0,053	0,050	13,440	13,440	8,177	0,012	1,000	897,000	204,000	869,689	215,467
30,000	100,000	130,000	19,370	0,000	1,071	0,000	29,821	0,067	25,179	0,001	29,756	0,000	112019,389	112251,710	112252,710	112253,717	112253,918	112253,918	112254,028	40819,389	40971,710	40972,710	40973,717	40973,918	40973,918	40974,028	0,058	0,028	0,000	0,000	13,440	13,440	0,950	NaN	1,000	413,000	731,000	869,689	215,467
80,000	130,000	210,000	24,307	92,308	0,857	0,000	17,725	0,053	25,128	0,052	17,725	120,000	112019,389	112259,415	112300,415	112303,785	112303,986	112304,106	112304,117	40819,389	40979,415	40980,415	40983,785	40983,986	40984,106	40984,118	0,058	0,028	0,057	0,028	13,440	13,440	NaN	0,713	1,000	258,000	826,000	869,689	215,467
30,000	1900,000	1930,000	19,992	6,842	9,088	28,000	43,195	5,960	25,134	0,046	37,371	130,000	112019,389	112308,756	112309,757	112313,624	112313,825	112313,955	112315,727	40819,389	40988,756	40989,757	40993,624	40993,825	40993,955	40995,727	5,778	2,929	0,049	0,028	13,440	13,440	3,659	0,208	1,000	371,000	722,000	869,689	215,467
220,000	1710,000	1930,000	0,815	5,848	59,219	20,000	45,481	31,230	25,150	0,030	32,198	100,000	112019,389	112322,502	112323,502	112326,225	112326,448	112326,548	112328,167	40819,389	41002,502	41003,502	41006,225	41006,448	41006,548	41008,167	26,494	18,548	0,030	0,000	13,440	13,440	7,410	0,223	1,000	892,000	197,000	869,689	215,467
420,000	1510,000	1930,000	1,871	8,609	62,303	10,000	38,399	24,436	25,162	0,019	19,134	130,000	112019,389	112336,416	112337,416	112340,648	112341,079	112341,209	112342,598	40819,389	41016,416	41017,416	41020,648	41021,079	41021,209	41022,598	22,116	15,386	0,058	0,000	13,440	13,440	9,890	0,105	1,000	936,000	221,000	869,689	215,467
390,000	20,000	410,000	22,040	0,000	0,000	0,000	22,462	0,000	25,180	0,000	22,462	0,000	112019,389	112348,009	112349,009	112350,472	112350,867	112350,867	112350,897	40819,389	41028,009	41029,009	41030,472	41030,868	41030,868	41030,897	0,000	0,000	0,000	0,000	13,440	13,440	NaN	NaN	1,000	320,000	774,000	869,689	215,467
250,000	170,000	420,000	25,257	70,588	0,618	1,000	17,446	0,063	25,144	0,036	17,464	120,000	112019,389	112356,598	112357,599	112400,221	112400,477	112400,597	112400,657	40819,389	41036,598	41037,599	41040,221	41040,477	41040,597	41040,657	0,028	0,057	0,029	0,028	13,440	13,440	0,061	0,062	1,000	278,000	891,000	869,689	215,467
140,000	240,000	380,000	24,471	95,833	5,091	0,000	19,451	0,465	24,718	0,462	19,451	230,000	112019,389	112404,286	112405,286	112408,496	112408,697	112408,927	112408,947	40819,389	41044,286	41045,286	41048,496	41048,697	41048,927	41048,947	0,253	0,394	0,253	0,391	13,440	13,440	NaN	0,452	1,000	283,000	858,000	869,689	215,467
30,000	1310,000	1340,000	5,326	19,084	35,169	12,000	38,660	19,525	24,768	0,412	25,455	250,000	112019,389	112414,767	112415,768	112418,117	112418,318	112418,568	112419,637	40819,389	41054,767	41055,768	41058,117	41058,318	41058,568	41059,637	16,882	12,307	0,142	0,389	13,440	13,440	9,594	2,474	1,000	958,000	383,000	869,689	215,467
570,000	1360,000	1930,000	0,456	32,353	103,246	9,000	40,807	35,090	4,813	20,367	32,128	440,000	112019,389	112425,305	112426,306	112429,884	112430,458	112430,898	112431,828	40819,389	41065,305	41066,306	41069,884	41070,458	41070,898	41071,828	31,282	21,747	15,953	14,961	13,440	13,440	3,547	6,656	1,000	880,000	228,000	869,689	215,467
280,000	1650,000	1930,000	1,699	18,788	53,905	14,000	33,641	28,628	23,709	1,471	26,371	310,000	112019,389	112440,084	112441,084	112444,562	112444,848	112445,158	112446,508	40819,389	41080,084	41081,084	41084,562	41084,848	41085,158	41086,508	18,636	22,257	0,890	1,241	13,440	13,440	0,370	1,785	1,000	929,000	204,000	869,689	215,467
30,000	20,000	50,000	23,713	0,000	0,000	0,000	19,019	0,000	25,180	0,000	19,019	0,000	112019,389	112451,171	112452,172	112454,148	112454,348	112454,348	112454,378	40819,389	41091,172	41092,172	41094,148	41094,348	41094,348	41094,378	0,000	0,000	0,000	0,000	13,440	13,440	NaN	NaN	1,000	283,000	821,000	869,689	215,467
240,000	250,000	490,000	24,700	88,000	1,874	1,000	18,940	0,260	24,941	0,240	18,940	220,000	112019,389	112458,176	112459,176	112501,994	112502,237	112502,457	112502,497	40819,389	41098,176	41099,176	41101,994	41102,237	41102,457	41102,497	0,056	0,255	0,056	0,234	13,440	13,440	NaN	0,701	1,000	299,000	883,000	869,689	215,467
30,000	1900,000	1930,000	9,581	10,000	135,188	16,000	31,766	54,820	24,946	0,234	13,165	190,000	112019,389	112505,621	112506,623	112509,492	112509,694	112509,884	112511,597	40819,389	41105,622	41106,623	41109,492	41109,694	41109,884	41111,597	36,557	43,505	0,085	0,221	13,440	13,440	29,611	1,193	1,000	664,000	487,000	869,689	215,467
30,000	50,000	80,000	21,421	0,000	0,305	0,000	27,560	0,013	25,180	0,000	27,506	0,000	112019,389	112512,332	112513,332	112516,392	112516,593	112516,593	112516,648	40819,389	41112,332	41113,332	41116,392	41116,593	41116,593	41116,648	0,030	0,000	0,003	0,000	13,440	13,440	0,026	NaN	1,000	441,000	845,000	869,689	215,467
30,000	540,000	570,000	22,589	33,333	2,923	6,000	25,006	0,632	25,070	0,110	25,058	180,000	112019,389	112522,754	112523,754	112526,265	112526,466	112526,646	112527,008	40819,389	41122,754	41123,754	41126,265	41126,466	41126,646	41127,008	0,254	0,565	0,058	0,082	13,440	13,440	2,179	0,224	1,000	376,000	849,000	869,689	215,467
30,000	70,000	100,000	26,296	0,000	12,679	0,000	14,621	0,555	25,180	0,000	14,209	0,000	112019,389	112528,446	112529,446	112532,059	112532,259	112532,259	112532,337	40819,389	41128,446	41129,446	41132,059	41132,259	41132,259	41132,337	0,326	0,492	0,000	0,000	13,440	13,440	1,341	NaN	1,000	206,000	874,000	869,689	215,467
570,000	1360,000	1930,000	1,864	18,382	77,583	15,000	42,042	39,722	15,204	9,976	28,264	250,000	112019,389	112536,342	112537,342	112540,686	112541,258	112541,508	112542,628	40819,389	41136,342	41137,342	41140,686	41141,258	41141,508	41142,628	37,386	23,798	10,329	6,849	13,440	13,440	40,270	58,895	1,000	828,000	267,000	869,689	215,467
680,000	1250,000	1930,000	0,422	29,600	81,376	11,000	33,648	24,232	9,619	15,561	31,513	370,000	112019,389	112543,999	112545,000	112548,249	112548,937	112549,307	112550,197	40819,389	41143,999	41145,000	41148,249	41148,937	41149,307	41150,197	17,378	17,782	11,174	11,598	13,440	13,440	7,678	6,871	1,000	866,000	230,000	869,689	215,467
310,000	50,000	360,000	25,681	0,000	0,164	0,000	14,383	0,007	25,180	0,000	14,320	0,000	112019,389	112553,730	112554,730	112558,647	112558,967	112558,967	112559,028	40819,389	41153,730	41154,730	41158,647	41158,967	41158,967	41159,028	0,030	0,000	0,003	0,000	13,440	13,440	0,014	NaN	1,000	217,000	854,000	869,689	215,467
630,000	1300,000	1930,000	2,365	33,846	82,014	11,000	43,484	30,712	10,519	14,661	39,580	440,000	112019,389	112611,440	112612,440	112614,055	112614,687	112615,127	112615,997	40819,389	41171,440	41172,440	41174,055	41174,687	41175,127	41175,998	28,078	17,849	14,621	8,431	13,440	13,440	2,064	9,273	1,000	951,000	194,000	869,689	215,467
30,000	1900,000	1930,000	1,921	8,421	46,511	20,000	34,797	24,590	25,035	0,145	19,873	160,000	112019,389	112620,724	112621,724	112624,094	112624,294	112624,454	112626,198	40819,389	41180,724	41181,724	41184,094	41184,294	41184,454	41186,198	19,549	17,348	0,142	0,096	13,440	13,440	2,222	0,797	1,000	928,000	251,000	869,689	215,467
310,000	1620,000	1930,000	1,844	5,556	73,349	21,000	42,514	33,680	25,147	0,033	21,459	90,000	112019,389	112629,953	112630,953	112634,481	112634,798	112634,888	112636,428	40819,389	41189,953	41190,953	41194,481	41194,798	41194,888	41196,428	30,437	20,031	0,048	0,010	13,440	13,440	6,093	0,182	1,000	922,000	255,000	869,689	215,467
490,000	400,000	890,000	2,245	97,500	141,759	0,000	33,857	24,757	0,439	24,742	33,857	390,000	112019,389	112638,386	112639,387	112640,535	112641,027	112641,417	112641,436	40819,389	41198,386	41199,387	41200,535	41201,027	41201,417	41201,437	20,005	17,616	20,004	17,605	13,440	13,440	NaN	31,048	1,000	945,000	189,000	869,689	215,467
450,000	860,000	1310,000	5,263	59,302	90,505	7,000	41,233	25,951	5,664	19,516	34,402	510,000	112019,389	112648,814	112649,814	112651,648	112652,108	112652,618	112652,977	40819,389	41208,814	41209,814	41211,648	41212,108	41212,618	41212,977	25,322	14,948	16,916	13,658	13,440	13,440	10,269	19,027	1,000	1040,000	293,000	869,689	215,467
30,000	190,000	220,000	23,054	94,737	3,747	0,000	21,606	0,360	24,822	0,358	21,606	180,000	112019,389	112701,133	112702,133	112703,666	112703,867	112704,047	112704,068	40819,389	41221,133	41222,133	41223,666	41223,867	41224,047	41224,068	0,506	0,169	0,507	0,166	13,440	13,440	NaN	0,943	1,000	257,000	760,000	869,689	215,467
30,000	1450,000	1480,000	3,835	11,724	34,471	14,000	53,137	18,588	21,788	3,392	49,987	170,000	112019,389	112707,878	112708,879	112710,493	112710,694	112710,864	112712,147	40819,389	41227,878	41228,879	41230,493	41230,694	41230,864	41232,147	15,498	10,350	2,290	2,805	13,440	13,440	13,695	14,678	1,000	1006,000	219,000	869,689	215,467
80,000	50,000	130,000	20,413	0,000	0,281	0,000	25,161	0,012	25,180	0,000	25,094	0,000	112019,389	112721,213	112722,213	112724,154	112724,355	112724,355	112724,408	40819,389	41241,213	41242,213	41244,154	41244,355	41244,355	41244,408	0,030	0,000	0,003	0,000	13,440	13,440	0,024	NaN	1,000	324,000	694,000	869,689	215,467
610,000	1320,000	1930,000	1,053	23,485	75,416	10,000	40,063	42,383	11,181	13,999	45,793	310,000	112019,389	112732,241	112733,242	112736,451	112737,079	112737,389	112738,409	40819,389	41252,241	41253,242	41256,451	41257,079	41257,389	41258,409	31,131	29,871	15,575	5,718	13,440	13,440	25,122	29,214	1,000	848,000	246,000	869,689	215,467
600,000	1330,000	1930,000	1,716	10,526	82,677	12,000	42,359	37,859	19,903	5,277	40,280	140,000	112019,389	112743,388	112744,389	112745,846	112746,447	112746,587	112747,787	40819,389	41263,388	41264,389	41265,846	41266,447	41266,587	41267,787	30,186	24,731	6,980	2,481	13,440	13,440	36,615	46,061	1,000	890,000	273,000	869,689	215,467
30,000	230,000	260,000	22,603	95,652	5,375	0,000	29,711	0,647	24,534	0,646	29,711	220,000	112019,389	112752,663	112753,663	112756,281	112756,481	112756,701	112756,718	40819,389	41272,663	41273,663	41276,281	41276,481	41276,701	41276,718	0,791	0,253	0,792	0,253	13,440	13,440	NaN	1,485	1,000	447,000	899,000	869,689	215,467
30,000	1070,000	1100,000	16,578	17,757	14,663	8,000	44,754	4,883	23,523	1,657	43,125	190,000	112019,389	112807,535	112808,535	112811,094	112811,294	112811,484	112812,367	40819,389	41287,535	41288,535	41291,094	41291,294	41291,484	41292,367	3,885	2,953	0,965	1,391	13,440	13,440	2,208	5,013	1,000	707,000	782,000	869,689	215,467
