30,000	1400,000	1430,000	7,358	11,429	38,279	19,000	42,001	14,072	23,387	1,793	40,561	160,000	183123,757	183209,715	183210,715	183212,152	183212,353	183212,513	183213,756	66683,757	66729,716	66730,715	66732,152	66732,353	66732,513	66733,756	9,536	10,195	0,839	1,443	13,440	13,440	22,453	0,448	1,000	711,000	424,000	868,978	215,467
30,000	500,000	530,000	15,275	60,000	6,091	3,000	40,767	1,274	24,176	1,004	40,674	300,000	183123,757	183219,733	183220,734	183221,764	183221,965	183222,265	183222,475	66683,757	66739,733	66740,734	66741,764	66741,965	66742,265	66742,475	0,650	1,099	0,443	0,929	13,440	13,440	0,923	0,705	1,000	529,000	639,000	868,978	215,467
670,000	760,000	1430,000	5,718	28,947	24,332	4,000	39,220	8,526	24,847	0,333	39,557	220,000	183123,757	183226,230	183227,231	183228,796	183229,476	183229,696	183230,245	66683,757	66746,230	66747,231	66748,796	66749,476	66749,696	66750,245	5,310	6,697	0,197	0,223	13,440	13,440	21,084	0,097	1,000	706,000	337,000	868,978	215,467
170,000	1260,000	1430,000	2,032	14,286	30,446	16,000	38,526	15,219	25,094	0,086	35,414	180,000	183123,757	183232,444	183233,443	183235,690	183235,891	183236,071	183237,157	66683,757	66752,444	66753,443	66755,690	66755,891	66756,071	66757,157	10,430	11,283	0,028	0,085	13,440	13,440	16,278	0,402	1,000	824,000	272,000	868,978	215,467
30,000	40,000	70,000	18,362	0,000	0,552	0,000	31,456	0,025	25,178	0,002	31,493	0,000	183123,757	183239,105	183240,105	183241,447	183241,648	183241,648	183241,695	66683,757	66759,105	66760,105	66761,447	66761,648	66761,648	66761,695	0,000	0,029	0,000	0,003	13,440	13,440	0,025	NaN	1,000	427,000	696,000	868,978	215,467
30,000	1040,000	1070,000	18,746	24,038	27,859	6,000	60,572	15,591	22,458	2,723	70,896	250,000	183123,757	183245,434	183246,434	183247,679	183247,879	183248,129	183248,925	66683,757	66765,434	66766,434	66767,679	66767,879	66768,129	66768,925	11,616	12,066	2,303	2,048	13,440	13,440	16,160	16,433	1,000	404,000	693,000	868,978	215,467
480,000	950,000	1430,000	2,403	29,474	22,428	10,000	38,497	13,716	23,643	1,537	34,236	280,000	183123,757	183251,916	183252,917	183256,178	183256,665	183256,945	183257,625	66683,757	66771,916	66772,917	66776,178	66776,665	66776,945	66777,626	9,992	9,782	1,074	1,210	13,440	13,440	7,440	9,510	1,000	831,000	292,000	868,978	215,467
2620,000	1050,000	3670,000	0,664	19,048	22,915	10,000	38,913	16,832	22,229	2,951	36,077	200,000	183123,757	183259,519	183300,519	183304,386	183307,017	183307,217	183308,076	66683,757	66779,519	66780,519	66784,386	66787,017	66787,217	66788,076	11,765	12,184	2,038	2,200	13,440	13,440	4,922	15,899	1,000	891,000	207,000	868,978	215,467
30,000	60,000	90,000	2,978	0,000	0,622	0,000	70,145	0,027	25,180	0,000	70,122	0,000	183123,757	183312,661	183313,661	183314,711	183314,911	183314,911	183314,976	66683,757	66792,662	66793,661	66794,711	66794,911	66794,911	66794,976	0,030	0,000	0,000	0,000	13,440	13,440	0,060	NaN	1,000	790,000	286,000	868,978	215,467
530,000	900,000	1430,000	0,665	14,444	27,859	10,000	36,979	16,652	22,822	2,358	33,079	130,000	183123,757	183318,006	183319,006	183320,261	183320,796	183320,926	183321,706	66683,757	66798,006	66799,006	66800,261	66800,796	66800,926	66801,706	11,521	12,223	1,582	1,813	13,440	13,440	13,703	17,455	1,000	846,000	221,000	868,978	215,467
540,000	890,000	1430,000	0,516	26,966	31,098	5,000	38,289	15,857	22,035	3,145	34,675	240,000	183123,757	183328,778	183329,777	183331,820	183332,366	183332,606	183333,268	66683,757	66808,778	66809,777	66811,820	66812,366	66812,606	66813,268	11,542	11,239	2,371	2,248	13,440	13,440	2,360	13,142	1,000	861,000	232,000	868,978	215,467
690,000	740,000	1430,000	1,935	40,541	31,675	8,000	36,906	14,613	21,399	3,781	33,809	300,000	183123,757	183337,167	183338,167	183339,429	183340,125	183340,425	183340,876	66683,757	66817,167	66818,167	66819,429	66820,125	66820,425	66820,876	10,285	10,713	2,641	2,870	13,440	13,440	3,072	14,706	1,000	812,000	254,000	868,978	215,467
30,000	130,000	160,000	19,544	92,308	1,373	0,000	29,405	0,102	25,081	0,099	29,405	120,000	183123,757	183345,348	183346,348	183347,783	183347,984	183348,104	183348,115	66683,757	66825,348	66826,348	66827,783	66827,984	66828,104	66828,115	0,028	0,085	0,028	0,082	13,440	13,440	NaN	0,577	1,000	419,000	745,000	868,978	215,467
670,000	760,000	1430,000	2,096	23,684	29,567	8,000	36,728	15,150	22,149	3,031	32,741	180,000	183123,757	183349,217	183350,216	183352,078	183352,757	183352,937	183353,525	66683,757	66829,217	66830,216	66832,078	66832,757	66832,937	66833,525	10,597	11,102	1,890	2,450	13,440	13,440	11,087	18,144	1,000	810,000	261,000	868,978	215,467
30,000	360,000	390,000	18,189	52,778	1,434	2,000	32,118	0,236	25,047	0,133	31,938	190,000	183123,757	183354,988	183355,988	183359,768	183359,969	183360,159	183400,335	66683,757	66834,988	66835,988	66839,768	66839,969	66840,159	66840,336	0,282	0,085	0,148	0,056	13,440	13,440	0,411	0,085	1,000	418,000	679,000	868,978	215,467
160,000	20,000	180,000	18,531	0,000	0,000	0,000	30,915	0,000	25,180	0,000	30,915	0,000	183123,757	183402,963	183403,965	183406,654	183406,854	183406,854	183406,875	66683,757	66842,963	66843,965	66846,654	66846,854	66846,854	66846,875	0,000	0,000	0,000	0,000	13,440	13,440	NaN	NaN	1,000	415,000	693,000	868,978	215,467
630,000	800,000	1430,000	1,221	17,500	29,682	8,000	37,744	15,973	22,748	2,432	34,150	140,000	183123,757	183409,484	183410,484	183412,858	183413,495	183413,635	183414,305	66683,757	66849,485	66850,484	66852,858	66853,495	66853,635	66854,305	11,198	11,517	1,607	1,859	13,440	13,440	11,817	14,504	1,000	849,000	254,000	868,978	215,467
570,000	860,000	1430,000	1,313	18,605	27,684	9,000	36,053	16,017	22,500	2,680	33,282	160,000	183123,757	183416,842	183417,841	183421,562	183422,135	183422,295	183423,005	66683,757	66856,842	66857,841	66861,563	66862,135	66862,295	66863,005	10,650	12,148	1,746	2,160	13,440	13,440	8,006	16,487	1,000	824,000	228,000	868,978	215,467
220,000	190,000	410,000	18,387	94,737	0,832	0,000	31,087	0,078	25,105	0,075	31,087	180,000	183123,757	183424,354	183425,355	183428,709	183428,936	183429,116	183429,136	66683,757	66864,354	66865,355	66868,710	66868,936	66869,116	66869,136	0,056	0,057	0,056	0,054	13,440	13,440	NaN	0,221	1,000	411,000	682,000	868,978	215,467
500,000	930,000	1430,000	0,841	24,731	27,229	10,000	38,023	16,682	22,033	3,148	34,282	230,000	183123,757	183431,538	183432,538	183436,126	183436,635	183436,865	183437,575	66683,757	66871,538	66872,538	66876,126	66876,635	66876,865	66877,575	12,120	11,798	2,391	2,255	13,440	13,440	10,744	15,686	1,000	860,000	244,000	868,978	215,467
