30,000	50,000	80,000	16,260	0,000	0,531	0,000	36,520	0,023	25,180	0,000	36,564	0,000	90601,227	90624,879	90625,879	90628,436	90628,637	90628,637	90628,691	32761,227	32784,879	32785,879	32788,436	32788,637	32788,637	32788,691	0,000	0,029	0,000	0,000	13,440	13,440	0,046	NaN	1,000	466,000	630,000	868,978	215,467
360,000	1070,000	1430,000	1,024	14,953	32,851	12,000	35,128	19,182	22,147	3,034	31,957	160,000	90601,227	90633,071	90634,073	90637,078	90637,441	90637,601	90638,522	32761,227	32793,071	32794,073	32797,078	32797,441	32797,601	32798,522	12,549	14,681	2,058	2,387	13,440	13,440	15,683	20,646	1,000	836,000	200,000	868,978	215,467
440,000	990,000	1430,000	0,720	26,263	31,064	8,000	37,110	17,601	19,393	5,787	35,316	260,000	90601,227	90641,195	90642,195	90646,137	90646,582	90646,842	90647,582	32761,227	32801,195	32802,195	32806,137	32806,582	32806,842	32807,582	12,773	12,542	4,878	3,830	13,440	13,440	25,408	27,625	1,000	867,000	241,000	868,978	215,467
410,000	1020,000	1430,000	0,361	13,725	39,118	10,000	36,177	20,069	22,206	2,974	32,318	140,000	90601,227	90651,508	90652,508	90653,993	90654,412	90654,552	90655,442	32761,227	32811,508	32812,508	32813,993	32814,412	32814,552	32815,442	13,851	14,884	2,282	2,201	13,440	13,440	21,975	24,061	1,000	881,000	211,000	868,978	215,467
400,000	1030,000	1430,000	0,233	13,592	40,415	9,000	36,562	18,020	22,378	2,802	32,816	140,000	90601,227	90657,613	90658,613	90700,940	90701,341	90701,481	90702,381	32761,227	32817,613	32818,613	32820,940	32821,341	32821,481	32822,381	12,426	13,299	2,002	2,130	13,440	13,440	18,875	21,448	1,000	862,000	211,000	868,978	215,467
450,000	980,000	1430,000	0,051	15,306	31,491	14,000	37,144	17,892	22,247	2,933	32,057	150,000	90601,227	90703,998	90704,998	90707,688	90708,140	90708,290	90709,131	32761,227	32823,998	32824,998	32827,688	32828,140	32828,290	32829,131	12,801	12,888	1,901	2,336	13,440	13,440	15,079	19,972	1,000	868,000	217,000	868,978	215,467
560,000	870,000	1430,000	0,896	17,241	29,252	12,000	36,049	17,502	22,448	2,732	31,785	150,000	90601,227	90710,509	90711,509	90713,818	90714,381	90714,531	90715,261	32761,227	32830,509	32831,509	32833,818	32834,381	32834,531	32835,261	12,068	12,994	1,845	2,149	13,440	13,440	10,654	21,253	1,000	838,000	208,000	868,978	215,467
460,000	970,000	1430,000	0,554	14,433	37,621	11,000	37,153	17,327	22,205	2,975	32,477	140,000	90601,227	90717,287	90718,288	90720,777	90721,242	90721,382	90722,221	32761,227	32837,287	32838,288	32840,777	32841,242	32841,382	32842,221	12,578	12,369	2,147	2,280	13,440	13,440	19,523	22,372	1,000	860,000	233,000	868,978	215,467
460,000	970,000	1430,000	0,792	21,649	30,143	8,000	37,394	17,601	22,164	3,016	31,895	210,000	90601,227	90724,198	90725,198	90727,474	90727,941	90728,151	90728,922	32761,227	32844,198	32845,198	32847,474	32847,941	32848,151	32848,922	13,023	12,404	2,119	2,317	13,440	13,440	14,043	17,281	1,000	863,000	243,000	868,978	215,467
360,000	930,000	1290,000	0,368	16,129	31,146	11,000	37,381	17,594	22,342	2,838	33,271	150,000	90601,227	90731,942	90732,942	90736,464	90736,832	90736,982	90737,772	32761,227	32851,942	32852,942	32856,464	32856,832	32856,982	32857,772	12,489	12,685	2,015	2,158	13,440	13,440	21,197	20,829	1,000	856,000	217,000	868,978	215,467
440,000	990,000	1430,000	0,667	20,202	30,554	14,000	37,353	16,923	22,212	2,968	31,873	200,000	90601,227	90739,719	90740,719	90743,145	90743,591	90743,791	90744,591	32761,227	32859,719	32860,719	32863,145	32863,591	32863,791	32864,591	12,505	11,970	2,035	2,341	13,440	13,440	15,371	19,374	1,000	853,000	233,000	868,978	215,467
370,000	1060,000	1430,000	0,859	32,075	30,751	8,000	38,802	16,712	17,374	7,806	36,532	340,000	90601,227	90746,892	90747,892	90749,924	90750,301	90750,641	90751,371	32761,227	32866,892	32867,892	32869,924	32870,301	32870,641	32871,371	12,581	11,479	5,995	5,442	13,440	13,440	22,695	24,822	1,000	868,000	246,000	868,978	215,467
360,000	1060,000	1420,000	0,263	24,528	33,431	12,000	37,385	18,314	19,366	5,814	34,321	260,000	90601,227	90753,627	90754,627	90758,485	90758,851	90759,111	90799,922	32761,227	32873,627	32874,627	32878,485	32878,851	32879,111	32879,922	13,247	13,079	4,381	4,235	13,440	13,440	27,799	27,820	1,000	878,000	213,000	868,978	215,467
370,000	1060,000	1430,000	0,085	16,038	28,859	10,000	38,028	17,267	21,884	3,296	33,288	170,000	90601,227	90801,793	90802,793	90806,584	90806,961	90807,131	90808,031	32761,227	32881,793	32882,793	32886,584	32886,961	32887,131	32888,031	12,550	12,268	2,319	2,540	13,440	13,440	19,899	24,210	1,000	866,000	216,000	868,978	215,467
580,000	850,000	1430,000	0,976	21,176	29,538	8,000	37,107	16,763	22,497	2,683	31,378	180,000	90601,227	90809,858	90810,858	90814,853	90815,441	90815,621	90816,301	32761,227	32889,858	32890,858	32894,853	32895,441	32895,621	32896,301	12,331	11,897	1,821	2,084	13,440	13,440	8,990	17,193	1,000	841,000	236,000	868,978	215,467
80,000	50,000	130,000	19,301	0,000	0,579	0,000	28,730	0,025	25,180	0,000	28,764	0,000	90601,227	90819,019	90820,019	90821,436	90821,637	90821,637	90821,692	32761,227	32899,019	32900,019	32901,436	32901,637	32901,637	32901,692	0,000	0,029	0,000	0,000	13,440	13,440	0,050	NaN	1,000	387,000	704,000	868,978	215,467
390,000	810,000	1200,000	0,939	18,519	38,910	8,000	36,115	18,253	22,071	3,110	32,819	150,000	90601,227	90825,988	90826,987	90829,223	90829,623	90829,773	90830,441	32761,227	32905,988	32906,987	32909,223	32909,623	32909,773	32910,441	12,238	13,701	2,086	2,435	13,440	13,440	17,614	21,789	1,000	850,000	188,000	868,978	215,467
440,000	990,000	1430,000	0,449	15,152	33,187	14,000	36,640	17,977	22,039	3,141	32,083	150,000	90601,227	90832,713	90833,713	90836,823	90837,272	90837,422	90838,273	32761,227	32912,713	32913,713	32916,823	32917,272	32917,422	32918,273	12,555	13,179	2,028	2,519	13,440	13,440	18,545	22,161	1,000	859,000	203,000	868,978	215,467
30,000	20,000	50,000	17,993	0,000	0,000	0,000	32,202	0,000	25,180	0,000	32,202	0,000	90601,227	90840,238	90841,239	90843,561	90843,762	90843,762	90843,791	32761,227	32920,238	32921,239	32923,561	32923,762	32923,762	32923,791	0,000	0,000	0,000	0,000	13,440	13,440	NaN	NaN	1,000	427,000	678,000	868,978	215,467
380,000	1050,000	1430,000	1,169	39,048	42,480	6,000	35,571	17,410	15,012	10,168	34,122	410,000	90601,227	90846,990	90847,991	90851,614	90852,002	90852,412	90853,062	32761,227	32926,991	32927,991	32931,614	32932,002	32932,412	32933,062	11,877	13,052	7,012	7,772	13,440	13,440	40,035	41,410	1,000	837,000	242,000	868,978	215,467
30,000	40,000	70,000	19,102	0,000	0,565	0,000	29,048	0,025	25,178	0,002	29,083	0,000	90601,227	90855,910	90856,910	90859,048	90859,249	90859,249	90859,291	32761,227	32935,910	32936,910	32939,048	32939,249	32939,249	32939,291	0,000	0,029	0,000	0,003	13,440	13,440	0,026	NaN	1,000	386,000	693,000	868,978	215,467
80,000	20,000	100,000	18,370	0,000	0,000	0,000	31,233	0,000	25,180	0,000	31,233	0,000	90601,227	90903,751	90904,751	90906,570	90906,771	90906,771	90906,802	32761,227	32943,751	32944,751	32946,570	32946,771	32946,771	32946,802	0,000	0,000	0,000	0,000	13,440	13,440	NaN	NaN	1,000	416,000	686,000	868,978	215,467
540,000	890,000	1430,000	1,239	14,607	31,698	10,000	35,696	17,531	22,246	2,934	32,591	130,000	90601,227	90909,299	90910,299	90912,956	90913,501	90913,631	90914,401	32761,227	32949,299	32950,299	32952,956	32953,501	32953,631	32954,401	11,475	13,365	1,850	2,350	13,440	13,440	17,725	23,711	1,000	829,000	197,000	868,978	215,467
600,000	830,000	1430,000	0,627	15,663	32,497	12,000	36,509	16,811	22,381	2,799	33,145	130,000	90601,227	90917,522	90918,522	90920,614	90921,221	90921,351	90922,061	32761,227	32957,522	32958,522	32960,614	32961,221	32961,351	32962,061	11,651	12,410	2,005	2,112	13,440	13,440	15,091	23,624	1,000	848,000	223,000	868,978	215,467
100,000	100,000	200,000	19,142	0,000	0,577	0,000	29,186	0,025	25,180	0,000	29,221	0,000	90601,227	90924,438	90925,438	90928,408	90928,610	90928,610	90928,711	32761,227	32964,438	32965,438	32968,408	32968,610	32968,610	32968,711	0,000	0,029	0,000	0,000	13,440	13,440	0,056	NaN	1,000	391,000	700,000	868,978	215,467
400,000	1030,000	1430,000	0,242	21,359	38,433	9,000	37,629	17,340	19,502	5,678	34,905	220,000	90601,227	90931,453	90932,452	90935,553	90935,962	90936,182	90937,001	32761,227	32971,453	32972,452	32975,553	32975,962	32976,182	32977,001	12,137	12,582	3,883	4,339	13,440	13,440	28,297	30,097	1,000	870,000	224,000	868,978	215,467
30,000	1400,000	1430,000	0,268	15,714	48,426	10,000	38,678	18,878	23,900	1,280	35,992	220,000	90601,227	90939,238	90940,239	90941,442	90941,643	90941,863	90943,052	32761,227	32979,238	32980,239	32981,442	32981,643	32981,863	32983,052	12,939	13,864	1,035	0,907	13,440	13,440	3,449	4,377	1,000	868,000	206,000	868,978	215,467
420,000	1010,000	1430,000	0,750	14,851	33,307	10,000	36,404	17,262	22,295	2,885	32,806	150,000	90601,227	90944,574	90945,574	90948,623	90949,051	90949,201	90950,071	32761,227	32984,574	32985,574	32988,623	32989,051	32989,201	32990,071	12,095	12,622	2,189	2,100	13,440	13,440	20,350	21,310	1,000	846,000	229,000	868,978	215,467
440,000	870,000	1310,000	1,259	18,391	34,294	8,000	35,774	19,291	22,419	2,761	31,996	160,000	90601,227	90951,638	90952,638	90953,805	90954,251	90954,411	90955,130	32761,227	32991,638	32992,638	32993,805	32994,251	32994,411	32995,131	12,860	14,574	1,778	2,210	13,440	13,440	13,500	17,584	1,000	874,000	171,000	868,978	215,467
190,000	20,000	210,000	19,003	0,000	0,000	0,000	29,405	0,000	25,180	0,000	29,405	0,000	90601,227	90957,003	90958,003	91000,757	91000,958	91000,958	91000,982	32761,227	32997,003	32998,003	33000,757	33000,958	33000,958	33000,982	0,000	0,000	0,000	0,000	13,440	13,440	NaN	NaN	1,000	390,000	692,000	868,978	215,467
30,000	90,000	120,000	16,664	0,000	1,848	0,000	36,306	0,114	25,177	0,004	36,250	0,000	90601,227	91005,545	91006,545	91007,621	91007,822	91007,822	91007,921	32761,227	33005,545	33006,545	33007,621	33007,822	33007,822	33007,921	0,087	0,058	0,000	0,003	13,440	13,440	1,454	NaN	1,000	483,000	665,000	868,978	215,467
510,000	920,000	1430,000	0,268	15,217	41,080	6,000	36,237	18,657	22,114	3,066	32,708	140,000	90601,227	91011,436	91012,436	91014,777	91015,292	91015,432	91016,221	32761,227	33011,436	33012,436	33014,777	33015,293	33015,433	33016,221	12,857	13,809	2,292	2,292	13,440	13,440	23,951	23,104	1,000	876,000	209,000	868,978	215,467
410,000	1020,000	1430,000	0,297	14,706	44,964	9,000	35,302	19,566	22,453	2,727	30,980	150,000	90601,227	91017,390	91018,390	91019,901	91020,321	91020,471	91021,351	32761,227	33017,390	33018,390	33019,901	33020,321	33020,471	33021,351	13,380	14,653	1,997	2,104	13,440	13,440	18,449	21,447	1,000	860,000	221,000	868,978	215,467
30,000	20,000	50,000	18,968	0,000	0,000	0,000	29,824	0,000	25,180	0,000	29,824	0,000	90601,227	91022,735	91023,735	91026,253	91026,454	91026,454	91026,481	32761,227	33022,735	33023,735	33026,253	33026,454	33026,454	33026,481	0,000	0,000	0,000	0,000	13,440	13,440	NaN	NaN	1,000	403,000	703,000	868,978	215,467
490,000	940,000	1430,000	0,757	14,894	31,840	8,000	36,596	17,217	22,844	2,336	32,264	140,000	90601,227	91029,935	91030,935	91033,304	91033,803	91033,943	91034,752	32761,227	33029,935	33030,935	33033,304	33033,803	33033,943	33034,752	12,083	12,605	1,642	1,766	13,440	13,440	11,891	18,957	1,000	847,000	231,000	868,978	215,467
30,000	20,000	50,000	18,731	0,000	0,000	0,000	30,455	0,000	25,180	0,000	30,455	0,000	90601,227	91036,908	91037,910	91039,496	91039,697	91039,697	91039,722	32761,227	33036,908	33037,910	33039,496	33039,697	33039,697	33039,722	0,000	0,000	0,000	0,000	13,440	13,440	NaN	NaN	1,000	411,000	699,000	868,978	215,467
380,000	1050,000	1430,000	0,225	50,476	40,209	5,000	37,057	17,801	12,318	12,862	35,130	530,000	90601,227	91043,061	91044,063	91047,439	91047,821	91048,351	91048,882	32761,227	33043,061	33044,063	33047,439	33047,821	33048,351	33048,882	12,736	12,821	8,794	9,628	13,440	13,440	4,192	6,835	1,000	861,000	215,000	868,978	215,467
480,000	860,000	1340,000	0,289	19,767	44,350	6,000	35,637	18,861	21,917	3,263	30,365	170,000	90601,227	91050,454	91051,454	91054,584	91055,072	91055,242	91055,942	32761,227	33050,454	33051,454	33054,584	33055,072	33055,242	33055,942	13,252	13,868	2,123	2,623	13,440	13,440	19,105	23,168	1,000	861,000	209,000	868,978	215,467
410,000	1020,000	1430,000	0,521	19,608	41,038	7,000	36,153	17,901	21,767	3,413	30,990	200,000	90601,227	91057,639	91058,639	91102,368	91102,782	91102,982	91103,812	32761,227	33057,639	33058,639	33062,368	33062,782	33062,982	33063,812	12,686	13,082	2,204	2,741	13,440	13,440	18,974	21,767	1,000	851,000	211,000	868,978	215,467
440,000	900,000	1340,000	0,032	14,444	39,735	8,000	37,060	17,972	22,413	2,767	32,975	130,000	90601,227	91106,001	91107,001	91110,155	91110,601	91110,731	91111,511	32761,227	33066,001	33067,001	33070,155	33070,601	33070,731	33071,511	12,629	13,080	1,955	2,117	13,440	13,440	17,878	23,451	1,000	870,000	216,000	868,978	215,467
