560,000	870,000	1430,000	0,548	18,391	50,474	5,000	54,509	17,814	12,265	4,901	55,953	160,000	111422,962	111548,185	111549,185	111552,238	111552,806	111552,966	111553,686	40462,963	40548,185	40549,185	40552,238	40552,806	40552,966	40553,687	13,559	11,654	3,590	3,828	-13,440	13,440	33,709	35,066	1,000	565,000	234,000	571,022	215,467
440,000	710,000	1150,000	0,091	19,718	50,910	6,000	53,042	19,139	14,041	3,125	55,843	140,000	111422,962	111555,092	111556,093	111559,471	111559,916	111560,056	111600,636	40462,963	40555,093	40556,093	40559,471	40559,916	40560,056	40560,637	13,783	13,417	2,140	2,501	-13,440	13,440	18,589	22,752	1,000	569,000	218,000	571,022	215,467
420,000	810,000	1230,000	0,538	56,790	44,375	3,000	53,008	17,720	2,412	14,754	53,201	460,000	111422,962	111601,660	111602,660	111605,577	111606,006	111606,466	111606,827	40462,963	40561,660	40562,660	40565,577	40566,006	40566,466	40566,827	12,516	12,856	10,327	11,041	-13,440	13,440	21,736	22,308	1,000	590,000	213,000	571,022	215,467
530,000	730,000	1260,000	1,126	78,082	51,296	4,000	54,452	18,334	0,388	17,553	54,698	570,000	111422,962	111608,011	111609,011	111611,583	111612,117	111612,687	111612,857	40462,963	40568,011	40569,011	40571,583	40572,117	40572,687	40572,857	13,840	12,124	13,326	11,599	-13,440	13,440	6,648	12,332	1,000	531,000	216,000	571,022	215,467
540,000	890,000	1430,000	0,849	26,966	33,894	7,000	53,206	16,534	11,192	5,973	55,305	240,000	111422,962	111613,932	111614,933	111617,778	111618,327	111618,568	111619,226	40462,963	40573,932	40574,933	40577,778	40578,328	40578,568	40579,226	11,709	11,927	4,132	4,698	-13,440	13,440	25,231	27,814	1,000	598,000	229,000	571,022	215,467
550,000	740,000	1290,000	0,284	18,919	57,082	4,000	53,675	17,186	13,059	4,106	56,450	140,000	111422,962	111620,428	111621,428	111623,502	111624,057	111624,197	111624,807	40462,963	40580,428	40581,429	40583,502	40584,057	40584,197	40584,807	12,488	12,038	3,034	3,269	-13,440	13,440	32,826	33,764	1,000	581,000	217,000	571,022	215,467
410,000	660,000	1070,000	0,369	19,697	51,962	7,000	52,816	18,340	13,600	3,565	55,199	130,000	111422,962	111625,895	111626,894	111628,959	111629,377	111629,507	111630,048	40462,963	40585,895	40586,894	40588,959	40589,377	40589,507	40590,048	13,137	13,054	2,468	2,916	-13,440	13,440	28,184	30,637	1,000	561,000	207,000	571,022	215,467
440,000	540,000	980,000	1,009	42,593	53,124	2,000	53,307	15,688	7,467	9,698	54,903	230,000	111422,962	111631,144	111632,144	111634,791	111635,239	111635,469	111635,786	40462,963	40591,144	40592,144	40594,791	40595,239	40595,469	40595,786	11,028	11,421	6,983	7,292	-13,440	13,440	49,453	51,782	1,000	605,000	227,000	571,022	215,467
410,000	490,000	900,000	1,058	97,959	62,210	0,000	53,256	17,580	0,420	17,585	53,256	480,000	111422,962	111636,849	111637,850	111641,371	111641,787	111642,267	111642,288	40462,963	40596,849	40597,850	40601,371	40601,787	40602,267	40602,288	12,490	12,579	12,495	12,580	-13,440	13,440	NaN	16,493	1,000	552,000	183,000	571,022	215,467
230,000	20,000	250,000	18,466	0,000	0,000	0,000	56,784	0,000	17,165	0,000	56,784	0,000	111422,962	111643,492	111644,492	111645,938	111646,178	111646,178	111646,208	40462,963	40603,492	40604,492	40605,938	40606,178	40606,178	40606,208	0,000	0,000	0,000	0,000	-13,440	13,440	NaN	NaN	1,000	1037,000	678,000	571,022	215,467
210,000	20,000	230,000	18,605	0,000	0,000	0,000	56,872	0,000	17,165	0,000	56,872	0,000	111422,962	111648,387	111649,388	111650,565	111650,776	111650,776	111650,807	40462,963	40608,387	40609,388	40610,565	40610,776	40610,776	40610,807	0,000	0,000	0,000	0,000	-13,440	13,440	NaN	NaN	1,000	1042,000	680,000	571,022	215,467
640,000	590,000	1230,000	0,686	66,102	54,127	2,000	53,161	18,421	2,076	15,089	53,283	390,000	111422,962	111654,120	111655,121	111656,147	111656,798	111657,188	111657,398	40462,963	40614,120	40615,121	40616,147	40616,798	40617,188	40617,398	13,278	12,941	10,783	11,041	-13,440	13,440	30,821	37,434	1,000	549,000	205,000	571,022	215,467
400,000	800,000	1200,000	0,090	76,250	47,175	3,000	53,594	16,760	1,227	15,938	53,659	610,000	111422,962	111658,698	111659,698	111703,458	111703,867	111704,477	111704,676	40462,963	40618,698	40619,698	40623,458	40623,867	40624,477	40624,676	12,098	11,760	11,461	11,428	-13,440	13,440	3,767	6,093	1,000	573,000	218,000	571,022	215,467
330,000	650,000	980,000	0,266	23,077	52,215	6,000	52,464	18,537	13,903	3,262	55,212	150,000	111422,962	111705,675	111706,675	111709,742	111710,078	111710,228	111710,736	40462,963	40625,675	40626,675	40629,742	40630,078	40630,228	40630,736	13,106	13,416	2,124	2,840	-13,440	13,440	20,886	26,186	1,000	571,000	206,000	571,022	215,467
370,000	590,000	960,000	0,636	98,305	57,863	0,000	52,546	18,985	1,824	18,989	52,546	580,000	111422,962	111711,899	111712,900	111714,548	111714,928	111715,508	111715,526	40462,963	40631,900	40632,900	40634,548	40634,928	40635,508	40635,526	13,507	13,621	13,513	13,622	-13,440	13,440	NaN	19,697	1,000	558,000	197,000	571,022	215,467
430,000	920,000	1350,000	0,424	28,261	54,852	8,000	53,001	17,647	6,348	10,817	53,929	260,000	111422,962	111716,523	111717,523	111721,392	111721,826	111722,086	111722,757	40462,963	40636,523	40637,523	40641,392	40641,826	40642,086	40642,757	12,573	12,461	7,627	8,177	-13,440	13,440	54,960	53,679	1,000	575,000	230,000	571,022	215,467
340,000	1090,000	1430,000	1,843	48,624	50,285	11,000	52,547	19,161	0,639	17,805	52,764	530,000	111422,962	111723,885	111724,886	111727,793	111728,136	111728,666	111729,238	40462,963	40643,885	40644,886	40647,793	40648,136	40648,666	40649,238	13,623	13,785	12,731	12,810	-13,440	13,440	19,981	22,463	1,000	620,000	259,000	571,022	215,467
430,000	650,000	1080,000	0,200	69,231	52,135	4,000	53,669	16,677	1,653	15,512	53,698	450,000	111422,962	111729,834	111730,835	111734,022	111734,457	111734,906	111735,117	40462,963	40649,834	40650,835	40654,022	40654,457	40654,907	40655,117	11,928	11,841	11,018	11,299	-13,440	13,440	17,795	21,464	1,000	574,000	209,000	571,022	215,467
370,000	620,000	990,000	0,281	98,387	60,232	0,000	52,516	18,249	1,083	18,248	52,516	610,000	111422,962	111736,130	111737,131	111740,539	111740,917	111741,527	111741,546	40462,963	40656,130	40657,131	40660,539	40660,917	40661,527	40661,546	12,941	13,193	12,942	13,193	-13,440	13,440	NaN	5,044	1,000	581,000	216,000	571,022	215,467
320,000	590,000	910,000	0,925	98,305	59,456	0,000	52,920	18,910	1,748	18,913	52,920	580,000	111422,962	111742,598	111743,598	111747,103	111747,427	111748,007	111748,026	40462,963	40662,598	40663,598	40667,103	40667,427	40668,007	40668,026	13,612	13,419	13,614	13,419	-13,440	13,440	NaN	12,383	1,000	547,000	193,000	571,022	215,467
360,000	660,000	1020,000	0,460	59,091	48,130	3,000	52,918	17,002	3,391	13,774	53,324	390,000	111422,962	111749,046	111750,048	111753,173	111753,536	111753,926	111754,207	40462,963	40669,046	40670,048	40673,173	40673,536	40673,926	40674,207	12,100	12,211	9,745	10,247	-13,440	13,440	19,575	25,486	1,000	586,000	222,000	571,022	215,467
400,000	800,000	1200,000	0,569	38,750	55,496	6,000	52,718	19,461	5,105	12,060	53,274	310,000	111422,962	111755,316	111756,318	111758,533	111758,937	111759,247	111759,746	40462,963	40675,316	40676,318	40678,533	40678,937	40679,247	40679,746	13,980	13,754	8,420	9,280	-13,440	13,440	49,955	52,943	1,000	558,000	200,000	571,022	215,467
410,000	490,000	900,000	0,157	97,959	58,669	0,000	53,370	17,014	0,150	17,015	53,370	480,000	111422,962	111800,673	111801,673	111805,194	111805,608	111806,088	111806,107	40462,963	40680,673	40681,673	40685,194	40685,608	40686,088	40686,107	12,154	12,070	12,158	12,070	-13,440	13,440	NaN	14,326	1,000	576,000	218,000	571,022	215,467
320,000	1110,000	1430,000	7,494	52,252	65,662	5,000	54,160	23,956	1,591	18,757	53,054	580,000	111422,962	111806,983	111807,984	111810,437	111810,766	111811,346	111811,888	40462,963	40686,983	40687,984	40690,437	40690,766	40691,346	40691,888	17,714	16,434	13,605	13,142	-13,440	13,440	25,674	0,135	1,000	767,000	396,000	571,022	215,467
330,000	890,000	1220,000	1,058	22,472	47,771	8,000	52,269	19,097	12,295	4,871	54,995	200,000	111422,962	111813,273	111814,274	111815,280	111815,618	111815,818	111816,516	40462,963	40693,273	40694,274	40695,280	40695,618	40695,818	40696,516	13,445	13,894	3,345	4,003	-13,440	13,440	28,761	27,835	1,000	552,000	183,000	571,022	215,467
300,000	720,000	1020,000	0,391	69,444	53,210	4,000	53,185	17,967	0,613	16,552	53,261	500,000	111422,962	111817,606	111818,606	111820,586	111820,897	111821,397	111821,627	40462,963	40697,606	40698,606	40700,586	40700,897	40701,397	40701,627	13,024	12,630	12,024	11,845	-13,440	13,440	19,174	23,192	1,000	577,000	228,000	571,022	215,467
380,000	830,000	1210,000	0,070	16,867	50,663	6,000	52,737	18,442	13,103	4,062	55,165	140,000	111422,962	111822,626	111823,627	111825,639	111826,027	111826,167	111826,867	40462,963	40702,626	40703,627	40705,639	40706,027	40706,167	40706,867	13,136	13,106	2,680	3,411	-13,440	13,440	31,317	30,339	1,000	569,000	214,000	571,022	215,467
350,000	1020,000	1370,000	0,572	60,784	53,783	9,000	52,734	17,841	0,535	17,700	52,733	620,000	111422,962	111827,954	111828,954	111830,627	111830,987	111831,607	111832,016	40462,963	40707,954	40708,954	40710,627	40710,987	40711,607	40712,016	12,686	12,825	12,575	12,740	-13,440	13,440	0,708	0,501	1,000	589,000	225,000	571,022	215,467
380,000	610,000	990,000	0,070	91,803	56,631	1,000	53,497	17,571	0,377	17,542	53,479	560,000	111422,962	111833,047	111834,048	111835,147	111835,537	111836,097	111836,156	40462,963	40713,047	40714,048	40715,147	40715,537	40716,097	40716,156	12,574	12,291	12,546	12,291	-13,440	13,440	0,446	0,167	1,000	569,000	214,000	571,022	215,467
410,000	710,000	1120,000	0,289	80,282	51,662	3,000	53,250	17,136	0,070	17,096	53,256	570,000	111422,962	111837,358	111838,358	111841,480	111841,897	111842,467	111842,618	40462,963	40717,358	40718,358	40721,480	40721,897	40722,467	40722,618	12,208	12,207	12,180	12,179	-13,440	13,440	0,045	0,462	1,000	567,000	206,000	571,022	215,467
440,000	770,000	1210,000	1,170	50,649	48,775	3,000	53,213	19,633	3,718	13,447	53,688	390,000	111422,962	111843,744	111844,744	111845,964	111846,409	111846,799	111847,187	40462,963	40723,744	40724,744	40725,964	40726,409	40726,799	40727,187	14,434	13,473	9,725	9,878	-13,440	13,440	42,251	43,658	1,000	532,000	201,000	571,022	215,467
320,000	960,000	1280,000	0,351	68,750	52,758	5,000	52,195	18,723	1,125	18,290	52,057	660,000	111422,962	111848,385	111849,386	111852,970	111853,296	111853,956	111854,267	40462,963	40728,385	40729,386	40732,970	40733,296	40733,956	40734,267	13,165	13,585	12,771	13,436	-13,440	13,440	3,658	4,732	1,000	583,000	212,000	571,022	215,467
400,000	780,000	1180,000	0,667	67,949	49,279	2,000	52,992	18,707	0,373	17,538	53,118	530,000	111422,962	111855,379	111856,380	111858,355	111858,757	111859,287	111859,547	40462,963	40735,379	40736,381	40738,355	40738,757	40739,287	40739,547	13,416	13,276	12,626	12,611	-13,440	13,440	24,374	23,849	1,000	555,000	198,000	571,022	215,467
470,000	630,000	1100,000	0,202	87,302	59,133	2,000	54,044	16,576	0,632	16,534	54,061	550,000	111422,962	111900,640	111901,643	111903,026	111903,497	111904,047	111904,137	40462,963	40740,640	40741,643	40743,026	40743,497	40744,047	40744,137	12,123	11,475	12,078	11,476	-13,440	13,440	0,362	0,601	1,000	564,000	214,000	571,022	215,467
360,000	630,000	990,000	0,405	96,825	56,731	1,000	52,669	17,582	0,405	17,571	52,669	610,000	111422,962	111905,212	111906,212	111909,276	111909,647	111910,257	111910,287	40462,963	40745,212	40746,212	40749,276	40749,647	40750,257	40750,287	12,407	12,685	12,404	12,685	-13,440	13,440	NaN	0,322	1,000	585,000	219,000	571,022	215,467
430,000	760,000	1190,000	1,051	46,053	54,810	3,000	53,261	19,360	4,048	13,117	53,898	350,000	111422,962	111911,372	111912,372	111913,684	111914,118	111914,468	111914,887	40462,963	40751,372	40752,372	40753,684	40754,118	40754,468	40754,887	14,150	13,417	9,499	9,678	-13,440	13,440	48,133	49,409	1,000	538,000	198,000	571,022	215,467
340,000	920,000	1260,000	0,412	16,304	47,215	6,000	53,454	18,021	13,632	3,533	55,477	150,000	111422,962	111916,193	111917,192	111920,431	111920,777	111920,927	111921,708	40462,963	40756,193	40757,192	40760,431	40760,777	40760,927	40761,708	13,164	12,459	2,351	2,955	-13,440	13,440	29,061	28,811	1,000	562,000	227,000	571,022	215,467
440,000	630,000	1070,000	0,209	22,222	50,731	4,000	53,079	16,674	13,050	4,116	55,847	140,000	111422,962	111922,697	111923,698	111925,892	111926,336	111926,476	111926,976	40462,963	40762,697	40763,698	40765,892	40766,336	40766,476	40766,976	11,871	11,898	2,893	3,296	-13,440	13,440	29,206	32,527	1,000	576,000	221,000	571,022	215,467
330,000	830,000	1160,000	0,209	84,337	48,548	3,000	52,267	18,723	1,517	18,682	52,272	700,000	111422,962	111928,080	111929,082	111931,589	111931,927	111932,627	111932,766	40462,963	40768,080	40769,082	40771,589	40771,927	40772,627	40772,766	13,219	13,557	13,191	13,527	-13,440	13,440	0,059	0,060	1,000	566,000	210,000	571,022	215,467
550,000	870,000	1420,000	0,195	66,667	58,610	5,000	52,593	18,422	0,042	17,207	52,593	580,000	111422,962	111933,898	111934,898	111936,113	111936,667	111937,247	111937,547	40462,963	40773,898	40774,899	40776,113	40776,668	40777,248	40777,547	13,140	13,168	12,179	12,432	-13,440	13,440	6,451	0,049	1,000	565,000	212,000	571,022	215,467
