1850,000	280,000	2130,000	20,149	96,429	7,026	0,000	23,427	1,277	23,923	1,257	23,208	270,000	142621,864	142655,634	142656,634	142659,074	142700,932	142701,202	142701,221	51981,864	52015,634	52016,634	52019,074	52020,932	52021,202	52021,221	1,419	0,808	1,389	0,799	13,440	13,440	NaN	3,676	1,000	327,000	684,000	868,978	215,467
600,000	830,000	1430,000	9,918	36,145	22,961	5,000	73,259	9,141	23,707	1,473	80,511	300,000	142621,864	142702,283	142703,284	142705,343	142705,951	142706,251	142706,792	51981,864	52022,283	52023,284	52025,343	52025,951	52026,251	52026,792	7,892	7,292	1,290	1,555	13,440	13,440	13,832	7,490	1,000	593,000	435,000	868,978	215,467
770,000	660,000	1430,000	0,183	19,697	5,433	8,000	72,231	1,111	24,775	0,405	73,829	130,000	142621,864	142707,943	142708,944	142712,091	142712,872	142713,002	142713,542	51981,864	52027,944	52028,944	52032,091	52032,872	52033,002	52033,542	0,787	1,238	0,326	0,468	13,440	13,440	3,085	3,011	1,000	875,000	213,000	868,978	215,467
870,000	560,000	1430,000	3,585	48,214	34,829	3,000	40,414	11,183	22,004	3,176	35,929	270,000	142621,864	142716,292	142717,292	142719,155	142720,031	142720,301	142720,602	51981,864	52036,292	52037,292	52039,155	52040,031	52040,301	52040,602	9,398	7,112	2,742	2,041	13,440	13,440	10,859	14,991	1,000	811,000	329,000	868,978	215,467
1450,000	-20,000	1430,000	1,268	-0,000	0,000	0,000	0,000	0,000	25,180	0,000	0,000	0,000	142621,864	142728,557	142729,557	142732,505	142733,961	142733,961	142733,952	51981,864	52048,557	52049,557	52052,505	52053,961	52053,961	52053,952	0,000	0,000	0,000	0,000	13,440	13,440	NaN	NaN	1,000	912,000	229,000	868,978	215,467
260,000	40,000	300,000	21,187	0,000	0,598	0,000	22,438	0,027	25,178	0,002	22,467	0,000	142621,864	142736,517	142737,517	142740,531	142740,803	142740,803	142740,853	51981,864	52056,517	52057,517	52060,531	52060,803	52060,803	52060,854	0,000	0,029	0,000	0,003	13,440	13,440	0,027	NaN	1,000	288,000	695,000	868,978	215,467
780,000	650,000	1430,000	1,810	23,077	31,246	7,000	36,392	15,204	22,462	2,719	31,549	150,000	142621,864	142743,008	142744,009	142746,123	142746,912	142747,062	142747,573	51981,864	52063,008	52064,009	52066,123	52066,912	52067,062	52067,573	10,944	11,042	1,770	2,130	13,440	13,440	0,541	18,998	1,000	816,000	252,000	868,978	215,467
630,000	800,000	1430,000	0,500	17,500	33,341	10,000	38,208	17,685	22,367	2,813	32,877	140,000	142621,864	142752,438	142753,437	142756,319	142756,951	142757,091	142757,761	51981,864	52072,438	52073,437	52076,319	52076,951	52077,091	52077,761	13,203	12,294	2,082	2,059	13,440	13,440	6,877	18,088	1,000	884,000	225,000	868,978	215,467
510,000	920,000	1430,000	0,914	19,565	33,263	8,000	35,889	17,550	21,931	3,249	31,609	180,000	142621,864	142800,282	142801,282	142802,681	142803,201	142803,381	142804,131	51981,864	52080,282	52081,282	52082,681	52083,202	52083,382	52084,131	12,298	12,924	2,259	2,504	13,440	13,440	16,602	19,825	1,000	843,000	235,000	868,978	215,467
590,000	840,000	1430,000	1,529	23,810	31,255	6,000	35,592	16,759	22,001	3,179	31,609	200,000	142621,864	142806,940	142807,940	142809,918	142810,511	142810,711	142811,362	51981,864	52086,940	52087,940	52089,918	52090,511	52090,711	52091,362	11,515	12,511	2,067	2,555	13,440	13,440	9,211	14,844	1,000	824,000	246,000	868,978	215,467
450,000	980,000	1430,000	0,428	35,714	32,288	8,000	37,728	16,917	17,156	8,024	35,023	350,000	142621,864	142814,490	142815,489	142817,943	142818,401	142818,751	142819,391	51981,864	52094,490	52095,489	52097,943	52098,401	52098,751	52099,391	12,231	12,071	5,629	6,013	13,440	13,440	24,426	27,287	1,000	858,000	226,000	868,978	215,467
360,000	1070,000	1430,000	0,780	27,103	28,334	10,000	36,252	17,252	20,270	4,910	33,139	290,000	142621,864	142822,125	142823,125	142826,479	142826,841	142827,131	142827,922	51981,864	52102,125	52103,125	52106,479	52106,841	52107,131	52107,922	12,081	12,668	3,572	3,647	13,440	13,440	12,792	19,227	1,000	846,000	231,000	868,978	215,467
390,000	1040,000	1430,000	0,944	13,462	26,198	11,000	36,399	17,052	23,659	1,521	31,332	140,000	142621,864	142830,841	142831,841	142832,856	142833,252	142833,392	142834,303	51981,864	52110,841	52111,841	52112,856	52113,252	52113,392	52114,303	12,018	12,439	1,020	1,187	13,440	13,440	4,311	9,698	1,000	841,000	234,000	868,978	215,467
460,000	970,000	1430,000	0,090	13,402	25,142	12,000	37,049	17,837	23,424	1,757	31,475	130,000	142621,864	142837,940	142838,940	142840,457	142840,921	142841,051	142841,902	51981,864	52117,940	52118,940	52120,457	52120,921	52121,051	52121,902	12,736	12,895	1,100	1,415	13,440	13,440	3,373	13,551	1,000	871,000	213,000	868,978	215,467
300,000	1130,000	1430,000	0,865	13,274	25,843	14,000	37,515	18,632	22,691	2,489	32,043	150,000	142621,864	142844,220	142845,222	142847,583	142847,893	142848,043	142849,032	51981,864	52124,220	52125,222	52127,583	52127,893	52128,043	52129,032	13,330	13,349	1,522	1,959	13,440	13,440	7,484	14,376	1,000	891,000	194,000	868,978	215,467
450,000	980,000	1430,000	1,503	15,306	29,515	14,000	36,501	16,051	23,045	2,135	32,146	150,000	142621,864	142851,551	142852,553	142854,174	142854,632	142854,782	142855,622	51981,864	52131,551	52132,553	52134,174	52134,632	52134,782	52135,622	11,348	11,669	1,489	1,598	13,440	13,440	5,543	13,265	1,000	838,000	259,000	868,978	215,467
250,000	1180,000	1430,000	1,175	12,712	27,305	11,000	36,537	17,066	25,022	0,158	29,808	150,000	142621,864	142858,754	142859,754	142902,794	142903,052	142903,202	142904,241	51981,864	52138,754	52139,754	52142,794	52143,052	52143,202	52144,241	12,431	12,268	0,090	0,164	13,440	13,440	5,728	0,529	1,000	847,000	251,000	868,978	215,467
580,000	850,000	1430,000	1,814	30,588	24,907	8,000	36,692	15,713	21,407	3,773	32,605	260,000	142621,864	142907,050	142908,050	142910,563	142911,152	142911,412	142912,012	51981,864	52147,050	52148,050	52150,563	52151,152	52151,412	52152,012	11,526	11,242	2,844	2,760	13,440	13,440	2,229	16,311	1,000	833,000	269,000	868,978	215,467
480,000	950,000	1430,000	0,522	22,105	28,003	8,000	37,430	17,105	21,797	3,383	32,724	210,000	142621,864	142916,354	142917,354	142919,972	142920,463	142920,673	142921,422	51981,864	52156,354	52157,354	52159,972	52160,463	52160,673	52161,422	12,558	12,142	2,488	2,508	13,440	13,440	12,293	19,630	1,000	868,000	234,000	868,978	215,467
650,000	780,000	1430,000	1,837	32,051	29,673	5,000	35,676	15,497	21,416	3,764	31,098	250,000	142621,864	142923,757	142924,758	142926,292	142926,951	142927,201	142927,741	51981,864	52163,757	52164,758	52166,292	52166,951	52167,201	52167,741	10,889	11,490	2,495	2,985	13,440	13,440	0,691	17,343	1,000	817,000	255,000	868,978	215,467
530,000	900,000	1430,000	0,091	22,222	30,817	8,000	37,547	17,507	22,185	2,995	32,695	200,000	142621,864	142930,415	142931,415	142932,610	142933,141	142933,341	142934,051	51981,864	52170,415	52171,415	52172,610	52173,141	52173,341	52174,051	12,747	12,469	2,150	2,243	13,440	13,440	6,679	16,405	1,000	871,000	218,000	868,978	215,467
530,000	900,000	1430,000	1,199	32,222	29,828	10,000	36,398	16,863	21,053	4,127	32,303	290,000	142621,864	142936,695	142937,695	142941,218	142941,752	142942,042	142942,661	51981,864	52176,695	52177,695	52181,218	52181,752	52182,042	52182,662	12,265	12,145	3,032	3,086	13,440	13,440	9,293	22,587	1,000	847,000	252,000	868,978	215,467
430,000	1000,000	1430,000	1,239	17,000	26,600	10,000	36,111	16,219	22,272	2,908	32,352	170,000	142621,864	142945,894	142946,894	142950,301	142950,743	142950,913	142951,752	51981,864	52185,894	52186,894	52190,301	52190,743	52190,913	52191,752	11,226	12,021	2,023	2,226	13,440	13,440	8,200	16,208	1,000	830,000	236,000	868,978	215,467
490,000	940,000	1430,000	2,039	14,894	24,451	12,000	35,215	15,885	24,082	1,098	29,927	140,000	142621,864	142954,316	142955,316	142958,031	142958,532	142958,672	142959,481	51981,864	52194,316	52195,316	52198,031	52198,532	52198,672	52199,481	10,995	11,858	0,661	0,898	13,440	13,440	5,758	6,836	1,000	811,000	259,000	868,978	215,467
480,000	950,000	1430,000	0,621	14,737	28,052	11,000	38,814	17,869	22,275	2,905	33,093	140,000	142621,864	143002,035	143003,035	143005,671	143006,163	143006,303	143007,122	51981,864	52202,035	52203,035	52205,671	52206,163	52206,303	52207,122	13,481	12,309	2,113	2,154	13,440	13,440	12,576	21,766	1,000	891,000	217,000	868,978	215,467
410,000	1020,000	1430,000	0,646	13,725	32,479	12,000	37,394	18,524	22,722	2,458	31,449	140,000	142621,864	143009,449	143010,449	143011,850	143012,261	143012,401	143013,292	51981,864	52209,449	52210,449	52211,850	52212,261	52212,401	52213,292	13,506	13,194	1,638	1,918	13,440	13,440	11,242	18,598	1,000	891,000	209,000	868,978	215,467
520,000	910,000	1430,000	1,143	27,473	26,430	10,000	36,458	16,748	22,671	2,509	30,337	250,000	142621,864	143015,792	143016,793	143018,717	143019,243	143019,493	143020,161	51981,864	52215,792	52216,793	52218,717	52219,243	52219,493	52220,162	12,510	11,960	1,976	1,855	13,440	13,440	8,969	12,727	1,000	846,000	249,000	868,978	215,467
790,000	640,000	1430,000	2,660	21,875	29,491	4,000	35,632	14,309	22,721	2,459	31,772	140,000	142621,864	143023,016	143024,016	143026,547	143027,341	143027,481	143027,992	51981,864	52223,016	52224,016	52226,547	52227,341	52227,481	52227,992	9,953	10,595	1,646	1,890	13,440	13,440	3,313	14,900	1,000	798,000	278,000	868,978	215,467
30,000	270,000	300,000	19,423	44,444	0,566	1,000	29,020	0,082	25,154	0,026	28,774	120,000	142621,864	143031,187	143032,188	143033,745	143033,946	143034,066	143034,221	51981,864	52231,187	52232,188	52233,746	52233,946	52234,066	52234,221	0,170	0,000	0,057	0,000	13,440	13,440	0,398	0,081	1,000	389,000	712,000	868,978	215,467
430,000	1000,000	1430,000	0,228	18,000	29,857	10,000	36,460	17,751	23,748	1,432	30,609	180,000	142621,864	143038,558	143039,558	143042,033	143042,472	143042,652	143043,481	51981,864	52238,558	52239,558	52242,034	52242,472	52242,652	52243,481	12,704	12,892	0,933	1,146	13,440	13,440	0,515	8,909	1,000	866,000	223,000	868,978	215,467
360,000	1070,000	1430,000	0,796	17,757	30,667	13,000	36,241	17,202	22,403	2,777	31,522	190,000	142621,864	143046,035	143047,035	143049,215	143049,583	143049,773	143050,662	51981,864	52246,035	52247,035	52249,215	52249,583	52249,773	52250,662	12,180	12,575	1,898	2,132	13,440	13,440	11,050	16,913	1,000	846,000	232,000	868,978	215,467
440,000	990,000	1430,000	0,717	16,162	38,344	11,000	39,907	19,215	22,258	2,922	34,813	160,000	142621,864	143053,429	143054,429	143056,991	143057,441	143057,601	143058,442	51981,864	52253,429	52254,429	52256,991	52257,441	52257,601	52258,442	14,657	13,114	2,428	2,033	13,440	13,440	19,627	19,825	1,000	893,000	224,000	868,978	215,467
410,000	1020,000	1430,000	0,490	23,529	35,728	10,000	36,511	17,904	20,794	4,386	32,405	240,000	142621,864	143100,496	143101,496	143103,976	143104,391	143104,631	143105,422	51981,864	52260,496	52261,496	52263,977	52264,391	52264,631	52265,423	13,043	12,830	3,333	3,217	13,440	13,440	20,884	22,312	1,000	858,000	229,000	868,978	215,467
370,000	1060,000	1430,000	0,696	24,528	35,190	12,000	37,514	18,333	20,490	4,690	33,146	260,000	142621,864	143107,847	143108,848	143112,594	143112,972	143113,232	143114,042	51981,864	52267,847	52268,848	52272,594	52272,972	52273,232	52274,042	13,277	13,049	3,218	3,609	13,440	13,440	15,051	20,320	1,000	889,000	230,000	868,978	215,467
540,000	890,000	1430,000	1,979	24,719	24,074	10,000	37,408	15,176	21,558	3,622	33,568	220,000	142621,864	143119,619	143120,619	143124,529	143125,072	143125,292	143125,973	51981,864	52279,619	52280,619	52284,529	52285,072	52285,292	52285,973	10,785	10,960	2,461	2,771	13,440	13,440	10,485	19,002	1,000	819,000	265,000	868,978	215,467
550,000	880,000	1430,000	1,021	20,455	32,468	8,000	36,948	16,617	23,685	1,495	31,903	180,000	142621,864	143128,712	143129,714	143133,361	143133,912	143134,092	143134,801	51981,864	52288,712	52289,714	52293,361	52293,912	52294,092	52294,801	12,078	11,955	1,195	1,125	13,440	13,440	0,041	11,478	1,000	851,000	247,000	868,978	215,467
490,000	940,000	1430,000	1,201	20,213	26,494	11,000	37,864	16,101	22,061	3,119	33,654	190,000	142621,864	143137,492	143138,492	143140,843	143141,343	143141,533	143142,292	51981,864	52297,492	52298,492	52300,843	52301,343	52301,533	52302,292	11,832	11,377	2,280	2,318	13,440	13,440	10,696	18,127	1,000	859,000	257,000	868,978	215,467
430,000	1000,000	1430,000	0,653	21,000	33,766	8,000	37,361	16,824	21,742	3,438	33,486	210,000	142621,864	143145,515	143146,515	143148,582	143149,022	143149,232	143150,032	51981,864	52305,515	52306,515	52308,582	52309,022	52309,232	52310,032	11,941	12,187	2,388	2,617	13,440	13,440	9,399	17,862	1,000	855,000	234,000	868,978	215,467
490,000	940,000	1430,000	0,804	24,468	25,756	8,000	37,218	16,700	21,718	3,462	33,342	230,000	142621,864	143153,422	143154,423	143156,527	143157,022	143157,252	143157,972	51981,864	52313,422	52314,423	52316,527	52317,022	52317,252	52317,972	11,858	12,090	2,390	2,636	13,440	13,440	6,485	15,043	1,000	845,000	231,000	868,978	215,467
520,000	910,000	1430,000	0,460	26,374	32,879	6,000	36,605	17,919	21,478	3,702	32,540	240,000	142621,864	143200,563	143201,563	143204,340	143204,861	143205,101	143205,782	51981,864	52320,563	52321,563	52324,340	52324,861	52325,101	52325,782	12,632	13,074	2,602	2,832	13,440	13,440	14,154	19,006	1,000	853,000	212,000	868,978	215,467
