390,000	1040,000	1430,000	0,881	16,346	29,979	10,000	53,865	19,044	14,140	3,026	57,175	170,000	135241,041	135254,508	135255,507	135257,552	135257,952	135258,122	135259,002	49961,041	49974,508	49975,507	49977,552	49977,952	49978,122	49979,002	14,121	12,943	2,395	2,018	-13,440	13,440	15,646	21,246	1,000	540,000	211,000	571,022	215,467
390,000	1040,000	1430,000	1,202	16,346	22,885	9,000	53,712	16,058	15,946	1,219	57,431	170,000	135241,041	135302,006	135303,006	135306,657	135307,052	135307,222	135308,102	49961,041	49982,006	49983,007	49986,657	49987,052	49987,222	49988,102	11,634	11,489	0,984	0,832	-13,440	13,440	2,347	6,901	1,000	606,000	240,000	571,022	215,467
390,000	1040,000	1430,000	1,586	21,154	23,061	10,000	52,561	16,624	14,177	2,988	55,534	220,000	135241,041	135311,372	135312,372	135313,555	135313,953	135314,173	135315,001	49961,041	49991,372	49992,372	49993,555	49993,953	49994,173	49995,001	11,751	12,108	2,105	2,300	-13,440	13,440	6,839	14,784	1,000	614,000	252,000	571,022	215,467
430,000	1000,000	1430,000	0,530	18,000	30,626	12,000	54,036	18,864	14,082	3,083	56,895	180,000	135241,041	135318,418	135319,419	135323,268	135323,702	135323,882	135324,711	49961,041	49998,418	49999,419	50003,268	50003,702	50003,882	50004,711	14,016	12,725	2,345	2,141	-13,440	13,440	17,262	21,017	1,000	559,000	230,000	571,022	215,467
30,000	1400,000	1430,000	1,382	8,571	20,281	19,000	52,654	17,051	17,120	0,045	56,635	120,000	135241,041	135327,797	135328,797	135330,621	135330,822	135330,942	135332,231	49961,041	50007,797	50008,797	50010,621	50010,822	50010,942	50012,231	12,113	12,446	0,031	0,000	-13,440	13,440	11,048	0,068	1,000	613,000	241,000	571,022	215,467
300,000	1130,000	1430,000	2,560	23,009	23,431	12,000	54,207	15,557	13,632	3,533	56,470	260,000	135241,041	135335,694	135336,693	135340,524	135340,832	135341,092	135341,972	49961,041	50015,694	50016,694	50020,524	50020,832	50021,092	50021,972	11,605	10,568	2,840	2,216	-13,440	13,440	9,884	17,509	1,000	626,000	288,000	571,022	215,467
730,000	700,000	1430,000	7,196	54,286	24,878	6,000	54,900	10,722	13,575	3,591	56,324	380,000	135241,041	135346,887	135347,888	135349,486	135350,221	135350,601	135350,932	49961,041	50026,887	50027,888	50029,486	50030,221	50030,601	50030,932	8,029	7,435	2,909	2,363	-13,440	13,440	5,102	15,796	1,000	744,000	404,000	571,022	215,467
410,000	1020,000	1430,000	1,045	19,608	29,765	7,000	51,865	17,282	13,942	3,223	55,873	200,000	135241,041	135355,467	135356,467	135359,270	135359,681	135359,881	135400,712	49961,041	50035,467	50036,467	50039,270	50039,681	50039,881	50040,712	11,826	13,025	2,394	2,343	-13,440	13,440	17,698	18,576	1,000	608,000	219,000	571,022	215,467
350,000	1080,000	1430,000	2,248	25,000	26,159	12,000	52,597	15,788	13,406	3,759	55,523	270,000	135241,041	135403,774	135404,774	135406,698	135407,051	135407,321	135408,142	49961,041	50043,774	50044,774	50046,698	50047,051	50047,321	50048,142	11,119	11,640	2,764	2,855	-13,440	13,440	7,790	12,643	1,000	636,000	262,000	571,022	215,467
130,000	1300,000	1430,000	0,369	10,769	34,453	12,000	52,224	19,117	16,883	0,282	56,581	140,000	135241,041	135411,723	135412,723	135414,319	135414,520	135414,660	135415,821	49961,041	50051,723	50052,724	50054,319	50054,520	50054,660	50055,821	13,614	13,753	0,277	0,133	-13,440	13,440	1,358	1,544	1,000	561,000	207,000	571,022	215,467
380,000	1050,000	1430,000	0,763	18,095	35,355	7,000	51,034	19,257	14,115	3,050	54,819	190,000	135241,041	135418,717	135419,717	135422,007	135422,392	135422,582	135423,451	49961,041	50058,717	50059,717	50062,007	50062,392	50062,582	50063,451	13,076	14,634	1,976	2,599	-13,440	13,440	18,734	19,305	1,000	577,000	189,000	571,022	215,467
340,000	1090,000	1430,000	1,109	29,358	27,962	11,000	52,707	16,468	13,100	4,065	55,949	320,000	135241,041	135426,477	135427,478	135429,505	135429,851	135430,171	135430,952	49961,041	50066,477	50067,478	50069,505	50069,851	50070,171	50070,952	11,760	11,861	3,228	2,712	-13,440	13,440	7,625	14,928	1,000	596,000	246,000	571,022	215,467
330,000	1100,000	1430,000	1,272	18,182	23,184	11,000	52,880	16,633	13,894	3,271	56,649	200,000	135241,041	135435,561	135436,561	135438,720	135439,051	135439,251	135440,163	49961,041	50075,561	50076,561	50078,720	50079,051	50079,251	50080,163	11,765	12,069	2,566	2,186	-13,440	13,440	19,237	19,121	1,000	609,000	240,000	571,022	215,467
310,000	1120,000	1430,000	0,567	16,071	29,581	10,000	53,307	16,967	14,313	2,852	57,262	180,000	135241,041	135445,066	135446,065	135450,014	135450,332	135450,512	135451,462	49961,041	50085,066	50086,065	50090,014	50090,332	50090,512	50091,462	12,251	12,043	2,423	1,721	-13,440	13,440	11,427	15,633	1,000	585,000	230,000	571,022	215,467
440,000	990,000	1430,000	2,827	20,202	21,378	12,000	52,683	14,943	14,606	2,559	55,962	200,000	135241,041	135454,737	135455,738	135458,412	135458,863	135459,063	135459,863	49961,041	50094,737	50095,738	50098,412	50098,863	50099,063	50099,863	10,398	11,135	1,857	1,912	-13,440	13,440	7,535	15,027	1,000	652,000	275,000	571,022	215,467
410,000	1020,000	1430,000	2,395	25,490	21,004	12,000	52,486	15,419	13,559	3,606	55,495	260,000	135241,041	135503,862	135504,862	135507,410	135507,822	135508,082	135508,851	49961,041	50103,862	50104,862	50107,410	50107,822	50108,082	50108,851	10,722	11,517	2,520	2,822	-13,440	13,440	2,407	11,955	1,000	643,000	261,000	571,022	215,467
30,000	1400,000	1430,000	0,317	10,000	32,451	12,000	52,142	18,558	17,105	0,060	56,436	140,000	135241,041	135511,908	135512,908	135515,290	135515,491	135515,631	135516,901	49961,041	50111,908	50112,908	50115,290	50115,491	50115,631	50116,901	13,132	13,521	0,068	0,056	-13,440	13,440	1,909	0,266	1,000	582,000	218,000	571,022	215,467
520,000	910,000	1430,000	0,353	20,879	37,399	6,000	53,316	18,462	14,167	2,998	56,484	190,000	135241,041	135519,289	135520,289	135523,903	135524,431	135524,621	135525,352	49961,041	50119,289	50120,289	50123,904	50124,431	50124,621	50125,352	13,501	12,819	2,333	2,088	-13,440	13,440	14,681	16,476	1,000	561,000	223,000	571,022	215,467
360,000	1070,000	1430,000	0,929	20,561	24,412	9,000	53,013	17,625	13,681	3,485	55,732	220,000	135241,041	135527,931	135528,931	135532,623	135532,992	135533,212	135534,071	49961,041	50127,931	50128,931	50132,623	50132,992	50133,212	50134,072	12,689	12,522	2,525	2,586	-13,440	13,440	11,688	15,797	1,000	592,000	241,000	571,022	215,467
360,000	1070,000	1430,000	1,441	28,972	24,897	6,000	52,357	16,707	13,179	3,987	55,673	310,000	135241,041	135537,299	135538,299	135541,317	135541,681	135541,991	135542,761	49961,041	50137,299	50138,298	50141,317	50141,681	50141,991	50142,762	11,664	12,331	2,926	2,951	-13,440	13,440	11,437	14,978	1,000	616,000	240,000	571,022	215,467
430,000	1000,000	1430,000	1,086	29,000	28,512	10,000	51,956	17,009	13,233	3,933	54,964	290,000	135241,041	135545,638	135546,638	135547,761	135548,201	135548,491	135549,211	49961,041	50145,638	50146,638	50147,761	50148,201	50148,491	50149,211	11,897	12,554	2,796	3,013	-13,440	13,440	5,937	12,718	1,000	600,000	241,000	571,022	215,467
430,000	1000,000	1430,000	0,373	21,000	32,461	10,000	52,747	18,435	13,843	3,323	56,043	210,000	135241,041	135552,305	135553,305	135556,354	135556,791	135557,001	135557,802	49961,041	50152,305	50153,306	50156,354	50156,791	50157,001	50157,802	13,282	13,024	2,574	2,280	-13,440	13,440	15,051	19,690	1,000	558,000	218,000	571,022	215,467
380,000	1050,000	1430,000	3,457	16,190	25,288	12,000	53,464	14,551	14,297	2,868	56,649	170,000	135241,041	135601,893	135602,893	135605,636	135606,021	135606,191	135607,081	49961,041	50161,893	50162,893	50165,636	50166,021	50166,191	50167,081	10,348	10,562	2,227	2,019	-13,440	13,440	15,350	19,742	1,000	668,000	291,000	571,022	215,467
450,000	980,000	1430,000	0,368	22,449	28,350	8,000	52,776	17,946	13,783	3,382	55,908	220,000	135241,041	135610,126	135611,127	135612,444	135612,902	135613,122	135613,892	49961,041	50170,126	50171,127	50172,444	50172,902	50173,122	50173,892	12,816	12,948	2,488	2,536	-13,440	13,440	12,716	18,953	1,000	584,000	217,000	571,022	215,467
370,000	1060,000	1430,000	1,781	17,925	20,014	13,000	53,049	16,355	14,984	2,181	56,540	190,000	135241,041	135616,165	135617,165	135620,826	135621,201	135621,391	135622,271	49961,041	50176,165	50177,165	50180,826	50181,201	50181,391	50182,271	11,748	11,781	1,763	1,454	-13,440	13,440	2,108	12,634	1,000	617,000	259,000	571,022	215,467
370,000	1060,000	1430,000	2,346	27,358	21,742	10,000	52,534	15,253	13,501	3,664	54,898	290,000	135241,041	135626,078	135627,078	135629,990	135630,361	135630,651	135631,432	49961,041	50186,078	50187,078	50189,990	50190,361	50190,651	50191,432	10,692	11,282	2,445	3,022	-13,440	13,440	5,006	13,652	1,000	635,000	269,000	571,022	215,467
450,000	980,000	1430,000	2,175	24,490	22,574	9,000	52,867	15,127	13,913	3,252	55,790	240,000	135241,041	135635,413	135636,413	135639,130	135639,591	135639,831	135640,581	49961,041	50195,414	50196,414	50199,130	50199,591	50199,831	50200,581	10,710	11,100	2,343	2,476	-13,440	13,440	0,951	14,729	1,000	632,000	263,000	571,022	215,467
450,000	980,000	1430,000	3,571	31,633	19,261	11,000	53,327	13,098	13,952	3,214	55,677	310,000	135241,041	135644,991	135645,991	135647,438	135647,891	135648,201	135648,882	49961,041	50204,991	50205,991	50207,438	50207,891	50208,201	50208,882	9,304	9,655	2,266	2,476	-13,440	13,440	4,102	10,581	1,000	670,000	295,000	571,022	215,467
380,000	1050,000	1430,000	4,824	19,048	16,051	15,000	54,229	13,391	14,573	2,592	56,309	200,000	135241,041	135654,705	135655,704	135659,691	135700,083	135700,283	135701,142	49961,041	50214,705	50215,704	50219,691	50220,083	50220,283	50221,142	9,811	9,381	1,814	2,017	-13,440	13,440	1,887	14,917	1,000	703,000	325,000	571,022	215,467
370,000	1060,000	1430,000	1,165	33,019	25,190	6,000	52,688	16,320	10,650	6,515	54,750	350,000	135241,041	135705,111	135706,111	135708,223	135708,602	135708,952	135709,671	49961,041	50225,111	50226,111	50228,223	50228,602	50228,952	50229,671	11,424	12,008	4,554	4,963	-13,440	13,440	15,267	16,964	1,000	607,000	236,000	571,022	215,467
390,000	1040,000	1430,000	2,715	41,346	21,666	7,000	51,778	15,074	12,067	5,098	54,351	430,000	135241,041	135712,986	135713,986	135716,476	135716,871	135717,301	135717,922	49961,041	50232,986	50233,986	50236,476	50236,871	50237,301	50237,922	10,322	11,504	3,616	3,882	-13,440	13,440	2,233	12,417	1,000	652,000	268,000	571,022	215,467
30,000	50,000	80,000	18,327	0,000	0,552	0,000	56,696	0,024	17,165	0,000	56,671	0,000	135241,041	135721,010	135722,010	135723,095	135723,295	135723,295	135723,351	49961,041	50241,010	50242,010	50243,095	50243,295	50243,295	50243,351	0,030	0,000	0,003	0,000	-13,440	13,440	0,048	NaN	1,000	1030,000	678,000	571,022	215,467
390,000	1040,000	1430,000	1,745	23,077	25,956	9,000	51,981	16,106	13,517	3,648	54,701	240,000	135241,041	135728,151	135729,151	135732,388	135732,782	135733,022	135733,832	49961,041	50248,151	50249,151	50252,388	50252,782	50253,022	50253,833	11,264	11,779	2,562	2,769	-13,440	13,440	8,956	15,950	1,000	607,000	266,000	571,022	215,467
330,000	1100,000	1430,000	0,673	32,727	30,601	7,000	51,777	17,845	12,775	4,390	54,764	360,000	135241,041	135736,677	135737,677	135741,297	135741,631	135741,991	135742,742	49961,041	50256,677	50257,678	50261,297	50261,631	50261,991	50262,742	12,302	13,455	2,963	3,557	-13,440	13,440	8,757	16,641	1,000	593,000	206,000	571,022	215,467
270,000	1160,000	1430,000	0,156	8,621	36,593	8,000	52,078	18,765	17,029	0,136	56,583	100,000	135241,041	135746,234	135747,234	135748,939	135749,212	135749,312	135750,382	49961,041	50266,234	50267,234	50268,939	50269,212	50269,312	50270,382	13,275	13,610	0,163	0,041	-13,440	13,440	1,100	0,883	1,000	570,000	210,000	571,022	215,467
30,000	20,000	50,000	0,306	0,000	0,000	0,000	70,346	0,000	17,165	0,000	70,346	0,000	135241,041	135753,250	135754,250	135756,119	135756,320	135756,320	135756,342	49961,041	50273,250	50274,250	50276,119	50276,320	50276,320	50276,342	0,000	0,000	0,000	0,000	-13,440	13,440	NaN	NaN	1,000	574,000	205,000	571,022	215,467
110,000	1320,000	1430,000	0,586	12,121	24,029	14,000	52,913	18,499	17,104	0,062	56,801	160,000	135241,041	135758,993	135759,994	135803,323	135803,524	135803,684	135804,854	49961,041	50278,993	50279,994	50283,324	50283,524	50283,684	50284,854	13,391	13,197	0,068	0,059	-13,440	13,440	13,991	0,390	1,000	589,000	226,000	571,022	215,467
360,000	1070,000	1430,000	0,301	25,234	23,842	8,000	53,027	17,792	13,469	3,696	56,377	270,000	135241,041	135808,424	135809,425	135813,204	135813,571	135813,841	135814,653	49961,041	50288,424	50289,425	50293,204	50293,571	50293,841	50294,653	12,879	12,583	2,863	2,488	-13,440	13,440	4,143	15,119	1,000	573,000	226,000	571,022	215,467
220,000	1210,000	1430,000	0,561	34,711	24,897	12,000	51,515	17,566	13,285	3,880	54,257	420,000	135241,041	135817,780	135818,780	135821,744	135821,971	135822,391	135823,191	49961,041	50297,781	50298,780	50301,744	50301,971	50302,391	50303,191	12,113	13,285	2,645	3,139	-13,440	13,440	0,516	16,623	1,000	588,000	205,000	571,022	215,467
370,000	1060,000	1430,000	1,218	21,698	25,442	8,000	52,239	15,910	14,316	2,850	55,522	230,000	135241,041	135826,212	135827,212	135829,816	135830,192	135830,422	135831,261	49961,041	50306,213	50307,213	50309,816	50310,192	50310,422	50311,261	11,077	11,851	2,066	2,109	-13,440	13,440	5,864	14,008	1,000	606,000	241,000	571,022	215,467
