3010,000	380,000	3390,000	3,122	47,368	8,396	4,000	70,676	1,071	24,670	0,510	71,015	180,000	123215,600	123244,918	123245,919	123249,160	123252,174	123252,354	123252,564	45135,600	45164,918	45165,919	45169,160	45172,174	45172,354	45172,564	0,787	0,928	0,335	0,539	13,440	13,440	4,472	1,040	1,000	953,000	288,000	868,978	215,467
460,000	970,000	1430,000	0,215	27,835	39,146	10,000	37,353	17,706	18,284	6,896	33,779	270,000	123215,600	123254,484	123255,484	123259,459	123259,925	123260,195	123300,904	45135,600	45174,484	45175,484	45179,459	45179,925	45180,195	45180,904	12,554	12,799	4,493	5,445	13,440	13,440	22,589	26,942	1,000	865,000	222,000	868,978	215,467
1080,000	350,000	1430,000	21,773	60,000	7,837	3,000	26,240	1,640	24,160	1,021	25,699	210,000	123215,600	123302,634	123303,634	123307,034	123308,125	123308,335	123308,484	45135,600	45182,634	45183,634	45187,034	45188,125	45188,335	45188,484	1,176	1,277	0,727	0,793	13,440	13,440	2,106	2,944	1,000	393,000	826,000	868,978	215,467
30,000	20,000	50,000	19,082	0,000	0,000	0,000	29,181	0,000	25,180	0,000	29,181	0,000	123215,600	123309,831	123310,831	123313,596	123313,798	123313,798	123313,824	45135,600	45189,831	45190,831	45193,596	45193,798	45193,798	45193,824	0,000	0,000	0,000	0,000	13,440	13,440	NaN	NaN	1,000	387,000	693,000	868,978	215,467
330,000	30,000	360,000	18,646	0,000	0,000	0,000	30,052	0,000	25,180	0,000	30,052	0,000	123215,600	123317,109	123318,110	123320,593	123320,924	123320,924	123320,964	45135,600	45197,109	45198,110	45200,593	45200,925	45200,925	45200,964	0,000	0,000	0,000	0,000	13,440	13,440	NaN	NaN	1,000	395,000	679,000	868,978	215,467
360,000	1070,000	1430,000	0,442	10,280	34,706	14,000	38,103	17,163	22,974	2,206	32,599	110,000	123215,600	123323,399	123324,399	123327,898	123328,264	123328,374	123329,346	45135,600	45203,399	45204,399	45207,898	45208,264	45208,374	45209,346	12,614	12,038	1,452	1,756	13,440	13,440	19,032	20,547	1,000	863,000	230,000	868,978	215,467
640,000	790,000	1430,000	0,216	21,519	41,244	12,000	38,656	16,758	20,494	4,686	34,019	170,000	123215,600	123331,285	123332,285	123333,930	123334,576	123334,746	123335,375	45135,600	45211,285	45212,285	45213,930	45214,576	45214,746	45215,375	12,181	11,772	2,864	3,740	13,440	13,440	19,605	27,315	1,000	873,000	222,000	868,978	215,467
380,000	1050,000	1430,000	0,265	31,429	38,002	12,000	36,997	18,162	16,117	9,063	33,316	330,000	123215,600	123336,819	123337,819	123340,795	123341,184	123341,514	123342,244	45135,600	45216,819	45217,819	45220,795	45221,184	45221,514	45222,244	13,246	12,933	6,043	6,989	13,440	13,440	24,906	25,771	1,000	873,000	224,000	868,978	215,467
360,000	1070,000	1430,000	0,032	11,215	35,723	12,000	37,108	18,090	22,441	2,739	31,536	120,000	123215,600	123343,498	123344,498	123347,566	123347,934	123348,054	123349,015	45135,600	45223,498	45224,498	45227,566	45227,934	45228,054	45229,015	12,995	12,963	1,657	2,251	13,440	13,440	23,138	22,278	1,000	870,000	216,000	868,978	215,467
360,000	1020,000	1380,000	0,142	23,529	37,420	11,000	37,942	17,822	18,295	6,885	33,923	240,000	123215,600	123350,220	123351,220	123353,378	123353,744	123353,984	123354,774	45135,600	45230,220	45231,220	45233,378	45233,744	45233,984	45234,775	12,944	12,604	4,506	5,392	13,440	13,440	31,026	33,172	1,000	874,000	215,000	868,978	215,467
60,000	20,000	80,000	19,183	0,000	0,000	0,000	29,144	0,000	25,180	0,000	29,144	0,000	123215,600	123355,890	123356,890	123358,218	123358,419	123358,419	123358,444	45135,600	45235,890	45236,890	45238,218	45238,419	45238,419	45238,444	0,000	0,000	0,000	0,000	13,440	13,440	NaN	NaN	1,000	392,000	703,000	868,978	215,467
360,000	1070,000	1430,000	1,719	10,280	41,213	10,000	38,772	19,178	22,615	2,565	33,129	110,000	123215,600	123401,151	123402,151	123405,182	123405,545	123405,655	123406,624	45135,600	45241,151	45242,151	45245,182	45245,545	45245,655	45246,624	13,957	13,520	1,582	2,071	13,440	13,440	16,893	22,412	1,000	820,000	252,000	868,978	215,467
740,000	20,000	760,000	18,725	0,000	0,000	0,000	30,251	0,000	25,180	0,000	30,251	0,000	123215,600	123407,599	123408,599	123409,616	123410,365	123410,365	123410,395	45135,600	45247,599	45248,599	45249,616	45250,365	45250,365	45250,395	0,000	0,000	0,000	0,000	13,440	13,440	NaN	NaN	1,000	403,000	691,000	868,978	215,467
510,000	870,000	1380,000	0,329	17,241	41,311	12,000	38,449	16,968	21,210	3,970	34,193	150,000	123215,600	123412,860	123413,860	123416,067	123416,584	123416,734	123417,465	45135,600	45252,860	45253,860	45256,067	45256,584	45256,734	45257,465	12,207	11,983	2,521	3,149	13,440	13,440	24,334	28,160	1,000	871,000	227,000	868,978	215,467
380,000	1050,000	1430,000	0,076	12,381	37,306	12,000	37,466	17,425	22,285	2,895	32,971	130,000	123215,600	123418,699	123419,699	123421,279	123421,664	123421,794	123422,724	45135,600	45258,699	45259,699	45261,279	45261,664	45261,794	45262,724	12,302	12,572	1,794	2,347	13,440	13,440	20,692	21,310	1,000	868,000	218,000	868,978	215,467
410,000	1020,000	1430,000	0,246	25,490	42,902	12,000	37,226	18,261	18,892	6,288	33,191	260,000	123215,600	123423,929	123424,929	123426,373	123426,785	123427,045	123427,815	45135,600	45263,929	45264,929	45266,373	45266,786	45267,046	45267,815	13,018	13,186	4,070	4,994	13,440	13,440	22,747	26,785	1,000	877,000	212,000	868,978	215,467
310,000	1120,000	1430,000	0,219	15,179	33,098	13,000	36,381	18,128	21,158	4,022	31,749	170,000	123215,600	123428,876	123429,876	123431,966	123432,284	123432,455	123433,414	45135,600	45268,876	45269,877	45271,966	45272,285	45272,455	45273,414	12,625	13,317	2,448	3,295	13,440	13,440	19,002	23,829	1,000	862,000	212,000	868,978	215,467
300,000	1050,000	1350,000	0,186	12,381	44,155	11,000	37,349	17,870	22,563	2,617	31,976	130,000	123215,600	123434,745	123435,745	123436,856	123437,165	123437,295	123438,224	45135,600	45274,745	45275,745	45276,856	45277,165	45277,295	45278,225	12,883	12,769	1,647	2,137	13,440	13,440	21,784	20,667	1,000	868,000	222,000	868,978	215,467
450,000	790,000	1240,000	0,408	26,582	37,295	9,000	37,241	17,439	19,125	6,055	33,298	210,000	123215,600	123439,377	123440,377	123444,258	123444,714	123444,924	123445,514	45135,600	45279,377	45280,377	45284,258	45284,714	45284,924	45285,514	12,381	12,577	3,848	4,841	13,440	13,440	31,069	35,915	1,000	859,000	226,000	868,978	215,467
400,000	820,000	1220,000	0,507	25,610	35,270	6,000	37,237	18,569	20,414	4,766	31,929	210,000	123215,600	123446,675	123447,675	123449,870	123450,274	123450,484	123451,104	45135,600	45286,675	45287,675	45289,870	45290,274	45290,484	45291,104	13,420	13,280	2,946	3,888	13,440	13,440	19,731	25,158	1,000	887,000	215,000	868,978	215,467
190,000	1240,000	1430,000	2,011	8,871	32,128	15,000	34,737	16,936	25,093	0,087	30,082	110,000	123215,600	123452,871	123453,872	123455,350	123455,552	123455,662	123456,795	45135,600	45292,871	45293,872	45295,350	45295,552	45295,662	45296,795	11,174	12,974	0,058	0,067	13,440	13,440	5,237	0,489	1,000	798,000	224,000	868,978	215,467
340,000	1090,000	1430,000	0,635	13,761	47,946	12,000	37,844	16,191	20,830	4,350	33,230	150,000	123215,600	123459,790	123500,790	123503,298	123503,644	123503,794	123504,745	45135,600	45299,790	45300,790	45303,298	45303,644	45303,794	45304,745	11,637	11,514	2,595	3,569	13,440	13,440	30,063	31,519	1,000	849,000	226,000	868,978	215,467
30,000	20,000	50,000	18,565	0,000	0,000	0,000	30,568	0,000	25,180	0,000	30,568	0,000	123215,600	123506,690	123507,690	123509,246	123509,446	123509,446	123509,475	45135,600	45306,690	45307,690	45309,246	45309,446	45309,446	45309,475	0,000	0,000	0,000	0,000	13,440	13,440	NaN	NaN	1,000	404,000	684,000	868,978	215,467
340,000	1090,000	1430,000	0,515	11,927	34,515	12,000	36,542	17,713	22,177	3,004	31,278	130,000	123215,600	123512,456	123513,457	123515,041	123515,384	123515,514	123516,484	45135,600	45312,456	45313,457	45315,041	45315,384	45315,514	45316,484	12,555	12,847	1,812	2,480	13,440	13,440	23,036	25,320	1,000	854,000	226,000	868,978	215,467
530,000	900,000	1430,000	0,667	23,333	33,747	9,000	38,163	16,002	19,572	5,609	34,484	210,000	123215,600	123518,441	123519,441	123522,426	123522,965	123523,175	123523,874	45135,600	45318,441	45319,441	45322,426	45322,965	45323,175	45323,874	11,403	11,429	3,531	4,427	13,440	13,440	20,843	26,184	1,000	852,000	232,000	868,978	215,467
350,000	1080,000	1430,000	0,242	18,519	33,854	10,000	37,515	17,635	21,555	3,625	32,592	200,000	123215,600	123525,456	123526,457	123530,210	123530,564	123530,764	123531,655	45135,600	45325,456	45326,457	45330,210	45330,564	45330,764	45331,655	12,717	12,603	2,338	2,897	13,440	13,440	18,759	23,481	1,000	870,000	224,000	868,978	215,467
300,000	1130,000	1430,000	0,114	22,124	52,066	12,000	37,176	17,908	17,291	7,889	33,867	250,000	123215,600	123532,629	123533,630	123535,588	123535,895	123536,145	123537,034	45135,600	45332,630	45333,630	45335,588	45335,895	45336,145	45337,034	12,631	12,966	5,097	6,271	13,440	13,440	37,897	35,755	1,000	867,000	219,000	868,978	215,467
370,000	760,000	1130,000	0,031	21,053	40,814	6,000	37,628	17,436	20,725	4,455	33,324	160,000	123215,600	123538,120	123539,120	123541,265	123541,644	123541,804	123542,414	45135,600	45338,120	45339,120	45341,266	45341,644	45341,804	45342,414	12,293	12,545	2,663	3,611	13,440	13,440	24,921	28,182	1,000	868,000	216,000	868,978	215,467
320,000	690,000	1010,000	2,449	44,928	37,736	6,000	36,027	15,305	15,823	9,357	34,085	310,000	123215,600	123543,538	123544,539	123547,677	123548,005	123548,315	123548,706	45135,600	45343,538	45344,539	45347,677	45348,005	45348,315	45348,706	10,380	11,364	5,972	7,344	13,440	13,440	23,903	31,433	1,000	796,000	263,000	868,978	215,467
350,000	1080,000	1430,000	0,110	19,444	44,476	11,000	37,786	17,495	19,387	5,793	33,915	210,000	123215,600	123550,554	123551,554	123554,658	123555,014	123555,224	123556,104	45135,600	45350,554	45351,554	45354,658	45355,014	45355,224	45356,104	12,490	12,515	3,746	4,585	13,440	13,440	28,265	28,650	1,000	866,000	218,000	868,978	215,467
440,000	990,000	1430,000	0,226	20,202	36,140	9,000	37,223	17,947	21,299	3,881	32,313	200,000	123215,600	123557,159	123558,159	123559,373	123559,815	123560,015	123600,816	45135,600	45357,159	45358,159	45359,373	45359,815	45360,015	45360,816	12,852	12,922	2,466	3,136	13,440	13,440	16,073	19,651	1,000	877,000	216,000	868,978	215,467
320,000	850,000	1170,000	0,245	15,294	48,468	5,000	37,135	17,578	22,080	3,100	32,520	130,000	123215,600	123601,886	123602,886	123606,502	123606,824	123606,954	123607,684	45135,600	45361,886	45362,886	45366,502	45366,824	45366,954	45367,684	12,320	12,770	1,869	2,560	13,440	13,440	23,864	23,034	1,000	861,000	219,000	868,978	215,467
330,000	930,000	1260,000	0,076	16,129	38,538	9,000	37,141	17,998	21,895	3,285	32,176	150,000	123215,600	123608,648	123609,649	123612,856	123613,194	123613,345	123614,136	45135,600	45368,648	45369,649	45372,856	45373,195	45373,345	45374,136	12,827	12,968	2,066	2,668	13,440	13,440	22,246	24,772	1,000	868,000	218,000	868,978	215,467
330,000	960,000	1290,000	0,103	28,125	48,397	7,000	37,407	17,745	17,254	7,926	34,273	270,000	123215,600	123615,200	123616,201	123619,312	123619,645	123619,915	123620,614	45135,600	45375,200	45376,201	45379,312	45379,645	45379,915	45380,614	12,630	12,771	5,265	6,211	13,440	13,440	35,556	35,037	1,000	868,000	219,000	868,978	215,467
310,000	920,000	1230,000	0,265	22,826	47,683	8,000	37,879	17,170	18,881	6,299	34,461	210,000	123215,600	123621,565	123622,565	123623,809	123624,125	123624,335	123625,054	45135,600	45381,565	45382,566	45383,809	45384,125	45384,335	45385,055	12,180	12,320	4,060	5,006	13,440	13,440	31,026	32,663	1,000	865,000	224,000	868,978	215,467
480,000	950,000	1430,000	0,367	16,842	43,930	11,000	37,140	17,586	20,457	4,723	32,791	160,000	123215,600	123626,133	123627,133	123630,058	123630,544	123630,704	123631,504	45135,600	45386,133	45387,133	45390,058	45390,544	45390,704	45391,504	12,156	12,816	2,697	3,870	13,440	13,440	25,423	24,078	1,000	856,000	214,000	868,978	215,467
330,000	820,000	1150,000	0,737	18,293	31,849	10,000	37,348	16,594	21,161	4,019	33,728	150,000	123215,600	123632,707	123633,708	123637,674	123638,014	123638,164	123638,845	45135,600	45392,707	45393,708	45397,674	45398,014	45398,164	45398,845	11,450	12,124	2,431	3,251	13,440	13,440	25,644	27,520	1,000	845,000	226,000	868,978	215,467
340,000	670,000	1010,000	0,268	46,269	50,509	4,000	36,735	17,888	14,108	11,072	34,797	310,000	123215,600	123640,278	123641,278	123643,162	123643,504	123643,814	123644,184	45135,600	45400,278	45401,278	45403,162	45403,504	45403,814	45404,184	12,348	13,163	7,297	8,638	13,440	13,440	43,546	42,645	1,000	862,000	209,000	868,978	215,467
340,000	1090,000	1430,000	0,225	13,761	45,785	12,000	37,066	17,433	22,187	2,993	32,704	150,000	123215,600	123645,300	123646,301	123648,207	123648,554	123648,704	123649,654	45135,600	45405,300	45406,301	45408,207	45408,554	45408,704	45409,654	12,216	12,763	1,927	2,459	13,440	13,440	20,940	22,917	1,000	861,000	216,000	868,978	215,467
320,000	1110,000	1430,000	0,245	20,721	39,999	11,000	37,347	17,391	18,559	6,621	33,555	230,000	123215,600	123651,315	123652,315	123655,612	123655,934	123656,164	123657,054	45135,600	45411,315	45412,315	45415,612	45415,934	45416,164	45417,054	12,268	12,548	4,109	5,315	13,440	13,440	28,361	29,153	1,000	861,000	219,000	868,978	215,467
