470,000	960,000	1430,000	6,100	12,500	16,915	8,000	39,977	12,477	24,334	0,847	31,091	120,000	134446,521	134509,113	134510,112	134513,568	134514,043	134514,163	134515,012	49486,521	49509,113	49510,113	49513,568	49514,043	49514,163	49515,012	11,583	7,151	1,065	0,389	13,440	13,440	5,792	7,759	1,000	831,000	429,000	868,978	215,467
460,000	970,000	1430,000	7,388	17,526	14,493	14,000	35,262	10,238	24,290	0,890	30,373	170,000	134446,521	134523,458	134524,457	134527,797	134528,262	134528,432	134529,241	49486,521	49523,458	49524,458	49527,797	49528,262	49528,432	49529,241	7,610	7,342	0,601	0,714	13,440	13,440	6,957	5,914	1,000	683,000	401,000	868,978	215,467
450,000	980,000	1430,000	3,076	29,592	22,264	10,000	36,418	14,193	22,319	2,861	32,200	290,000	134446,521	134535,072	134536,071	134537,519	134537,973	134538,263	134538,963	49486,521	49535,072	49536,072	49537,519	49537,973	49538,263	49538,963	10,327	10,248	2,098	2,163	13,440	13,440	0,705	13,887	1,000	788,000	289,000	868,978	215,467
420,000	1010,000	1430,000	2,586	12,871	22,278	11,000	36,559	15,116	24,214	0,966	30,992	130,000	134446,521	134543,168	134544,168	134546,711	134547,141	134547,271	134548,163	49486,521	49543,168	49544,169	49546,711	49547,141	49547,271	49548,163	11,022	10,840	0,746	0,698	13,440	13,440	0,838	7,765	1,000	810,000	286,000	868,978	215,467
390,000	1040,000	1430,000	1,203	31,731	22,841	8,000	36,866	16,355	20,831	4,349	33,483	330,000	134446,521	134553,900	134554,900	134558,292	134558,694	134559,024	134559,741	49486,521	49553,900	49554,900	49558,292	49558,694	49559,024	49559,741	11,762	11,796	3,267	3,135	13,440	13,440	1,937	12,025	1,000	839,000	246,000	868,978	215,467
420,000	1010,000	1430,000	0,552	20,792	27,394	10,000	37,312	16,919	22,303	2,877	33,177	210,000	134446,521	134603,824	134604,825	134606,303	134606,731	134606,941	134607,752	49486,521	49563,824	49564,825	49566,303	49566,731	49566,941	49567,752	12,132	12,162	2,109	2,098	13,440	13,440	9,612	15,222	1,000	857,000	231,000	868,978	215,467
340,000	1090,000	1430,000	0,481	19,266	30,553	9,000	37,230	18,539	21,666	3,514	32,824	210,000	134446,521	134614,400	134615,401	134617,288	134617,631	134617,841	134618,731	49486,521	49574,400	49575,401	49577,288	49577,631	49577,841	49578,731	13,360	13,286	2,574	2,623	13,440	13,440	14,494	16,626	1,000	886,000	214,000	868,978	215,467
400,000	1030,000	1430,000	0,962	20,388	29,430	9,000	36,806	16,568	21,755	3,425	33,325	210,000	134446,521	134621,793	134622,793	134623,826	134624,231	134624,441	134625,272	49486,521	49581,793	49582,793	49583,826	49584,231	49584,441	49585,272	11,520	12,157	2,366	2,612	13,440	13,440	14,704	19,218	1,000	838,000	230,000	868,978	215,467
390,000	930,000	1320,000	0,537	21,505	35,124	6,000	38,039	18,244	21,586	3,594	34,079	200,000	134446,521	134629,237	134630,238	134633,159	134633,553	134633,753	134634,494	49486,521	49589,238	49590,238	49593,159	49593,553	49593,753	49594,494	13,250	12,914	2,726	2,596	13,440	13,440	13,802	19,333	1,000	888,000	217,000	868,978	215,467
390,000	1040,000	1430,000	0,568	24,038	28,143	11,000	36,429	17,407	21,512	3,668	31,983	250,000	134446,521	134637,985	134638,986	134642,202	134642,601	134642,851	134643,652	49486,521	49597,985	49598,986	49602,202	49602,601	49602,851	49603,652	12,383	12,664	2,523	2,823	13,440	13,440	14,387	16,950	1,000	854,000	229,000	868,978	215,467
340,000	1090,000	1430,000	0,688	22,936	32,025	8,000	36,939	17,172	21,197	3,983	32,474	250,000	134446,521	134647,122	134648,122	134650,961	134651,301	134651,551	134652,401	49486,521	49607,122	49608,122	49610,961	49611,301	49611,551	49612,401	12,268	12,408	2,669	3,113	13,440	13,440	16,412	16,817	1,000	853,000	234,000	868,978	215,467
280,000	1150,000	1430,000	0,103	29,565	33,818	9,000	36,525	18,260	18,350	6,830	32,893	340,000	134446,521	134656,605	134657,604	134700,150	134700,431	134700,771	134701,592	49486,521	49616,605	49617,604	49620,151	49620,431	49620,771	49621,592	13,090	13,215	4,755	5,213	13,440	13,440	24,644	27,688	1,000	870,000	219,000	868,978	215,467
350,000	1080,000	1430,000	0,507	16,667	36,080	8,000	38,163	18,072	21,980	3,200	33,781	180,000	134446,521	134705,005	134706,006	134708,713	134709,071	134709,251	134710,163	49486,521	49625,005	49626,006	49628,713	49629,071	49629,251	49630,163	13,109	12,797	2,324	2,379	13,440	13,440	20,285	21,472	1,000	887,000	216,000	868,978	215,467
390,000	1040,000	1430,000	0,075	23,077	36,013	11,000	37,061	18,006	21,161	4,019	32,666	240,000	134446,521	134713,407	134714,407	134716,496	134716,891	134717,131	134717,942	49486,521	49633,407	49634,407	49636,496	49636,892	49637,132	49637,942	12,864	12,998	2,745	3,116	13,440	13,440	16,452	18,558	1,000	870,000	213,000	868,978	215,467
320,000	1110,000	1430,000	0,195	22,523	34,529	11,000	36,492	18,001	21,368	3,812	32,133	250,000	134446,521	134721,177	134722,178	134724,215	134724,541	134724,791	134725,661	49486,521	49641,178	49642,178	49644,215	49644,541	49644,791	49645,661	12,794	13,110	2,692	2,925	13,440	13,440	16,870	20,844	1,000	863,000	219,000	868,978	215,467
90,000	20,000	110,000	19,104	0,000	0,000	0,000	29,366	0,000	25,180	0,000	29,366	0,000	134446,521	134729,841	134730,842	134734,347	134734,548	134734,548	134734,571	49486,521	49649,841	49650,842	49654,347	49654,548	49654,548	49654,571	0,000	0,000	0,000	0,000	13,440	13,440	NaN	NaN	1,000	395,000	702,000	868,978	215,467
420,000	870,000	1290,000	0,111	25,287	35,877	6,000	37,268	18,109	21,847	3,333	33,036	220,000	134446,521	134740,196	134741,196	134745,096	134745,522	134745,742	134746,402	49486,521	49660,196	49661,196	49665,096	49665,523	49665,743	49666,402	13,052	12,968	2,498	2,444	13,440	13,440	14,319	18,484	1,000	872,000	218,000	868,978	215,467
370,000	1060,000	1430,000	0,278	18,868	28,829	11,000	37,224	18,063	21,759	3,421	32,248	200,000	134446,521	134753,585	134754,585	134756,280	134756,652	134756,852	134757,721	49486,521	49673,586	49674,585	49676,280	49676,652	49676,852	49677,721	12,994	12,912	2,436	2,512	13,440	13,440	15,230	20,596	1,000	874,000	224,000	868,978	215,467
410,000	1020,000	1430,000	0,120	20,588	36,626	11,000	37,384	17,489	21,949	3,231	32,834	210,000	134446,521	134800,536	134801,538	134804,970	134805,381	134805,591	134806,412	49486,521	49680,536	49681,538	49684,970	49685,381	49685,591	49686,412	12,695	12,500	2,347	2,424	13,440	13,440	10,318	17,548	1,000	865,000	217,000	868,978	215,467
440,000	990,000	1430,000	0,094	20,202	35,629	9,000	36,960	17,690	21,724	3,457	32,973	200,000	134446,521	134809,179	134810,178	134811,975	134812,421	134812,621	134813,422	49486,521	49689,179	49690,178	49691,975	49692,421	49692,621	49693,422	12,512	12,856	2,453	2,624	13,440	13,440	15,079	17,978	1,000	866,000	217,000	868,978	215,467
410,000	1020,000	1430,000	0,604	22,549	33,512	11,000	36,678	19,128	21,771	3,409	31,970	230,000	134446,521	134819,564	134820,564	134823,387	134823,801	134824,031	134824,831	49486,521	49699,564	49700,564	49703,387	49703,801	49704,031	49704,831	13,866	13,708	2,664	2,451	13,440	13,440	19,226	19,362	1,000	890,000	211,000	868,978	215,467
390,000	1040,000	1430,000	0,215	20,192	33,710	9,000	37,016	17,943	21,825	3,355	32,581	210,000	134446,521	134829,289	134830,288	134833,059	134833,453	134833,663	134834,502	49486,521	49709,289	49710,289	49713,059	49713,453	49713,663	49714,502	12,979	12,864	2,544	2,462	13,440	13,440	16,967	18,745	1,000	865,000	222,000	868,978	215,467
360,000	780,000	1140,000	0,265	21,795	38,390	8,000	36,997	17,909	21,975	3,205	32,925	170,000	134446,521	134838,131	134839,130	134841,412	134841,782	134841,952	134842,571	49486,521	49718,131	49719,130	49721,412	49721,782	49721,952	49722,571	12,771	12,911	2,361	2,403	13,440	13,440	15,278	18,432	1,000	865,000	224,000	868,978	215,467
430,000	1000,000	1430,000	1,646	21,000	25,901	12,000	36,857	16,057	21,757	3,423	32,412	210,000	134446,521	134845,924	134846,924	134849,929	134850,363	134850,573	134851,372	49486,521	49725,924	49726,924	49729,929	49730,363	49730,573	49731,372	11,728	11,451	2,498	2,566	13,440	13,440	9,490	16,555	1,000	831,000	260,000	868,978	215,467
360,000	1070,000	1430,000	0,410	16,822	33,796	11,000	37,394	17,846	21,978	3,202	33,309	180,000	134446,521	134855,427	134856,427	134858,727	134859,092	134859,272	134900,172	49486,521	49735,427	49736,427	49738,727	49739,092	49739,272	49740,172	13,101	12,607	2,666	2,169	13,440	13,440	18,116	20,194	1,000	870,000	230,000	868,978	215,467
30,000	90,000	120,000	19,377	0,000	0,899	0,000	29,108	0,039	25,180	0,000	29,082	0,000	134446,521	134902,893	134903,894	134905,963	134906,164	134906,164	134906,261	49486,521	49742,893	49743,894	49745,963	49746,164	49746,164	49746,261	0,030	0,029	0,000	0,000	13,440	13,440	0,087	NaN	1,000	402,000	722,000	868,978	215,467
340,000	1090,000	1430,000	0,170	21,101	31,604	8,000	36,557	18,576	21,639	3,541	32,395	230,000	134446,521	134910,654	134911,654	134912,735	134913,081	134913,311	134914,183	49486,521	49750,654	49751,654	49752,735	49753,081	49753,311	49754,183	13,448	13,391	2,887	2,519	13,440	13,440	18,477	21,156	1,000	875,000	216,000	868,978	215,467
360,000	950,000	1310,000	0,317	18,947	35,960	8,000	36,258	18,562	22,160	3,020	31,689	180,000	134446,521	134917,500	134918,500	134921,650	134922,011	134922,191	134922,972	49486,521	49757,500	49758,500	49761,650	49762,011	49762,191	49762,972	13,108	13,530	2,173	2,278	13,440	13,440	15,334	16,009	1,000	875,000	225,000	868,978	215,467
340,000	880,000	1220,000	0,423	23,864	33,037	6,000	36,670	17,874	21,847	3,333	32,579	210,000	134446,521	134926,573	134927,574	134931,519	134931,862	134932,072	134932,752	49486,521	49766,574	49767,574	49771,519	49771,862	49772,072	49772,752	12,631	12,998	2,418	2,510	13,440	13,440	13,465	19,138	1,000	854,000	217,000	868,978	215,467
810,000	620,000	1430,000	1,202	20,968	41,477	6,000	35,906	15,807	23,904	1,276	31,498	130,000	134446,521	134935,521	134936,520	134937,589	134938,402	134938,532	134939,031	49486,521	49775,521	49776,520	49777,589	49778,402	49778,532	49779,031	11,008	11,805	1,017	0,922	13,440	13,440	19,769	9,936	1,000	830,000	233,000	868,978	215,467
310,000	1120,000	1430,000	0,289	13,393	35,806	12,000	36,155	18,164	22,398	2,782	32,257	150,000	134446,521	134942,095	134943,096	134946,447	134946,761	134946,911	134947,892	49486,521	49782,095	49783,096	49786,447	49786,761	49786,911	49787,892	12,754	13,297	2,169	2,033	13,440	13,440	17,516	20,121	1,000	862,000	223,000	868,978	215,467
430,000	1000,000	1430,000	0,591	20,000	29,146	12,000	37,388	16,926	21,802	3,378	33,672	200,000	134446,521	134951,661	134952,661	134954,237	134954,671	134954,871	134955,683	49486,521	49791,662	49792,661	49794,237	49794,671	49794,871	49795,683	12,166	12,130	2,565	2,434	13,440	13,440	13,136	15,925	1,000	856,000	232,000	868,978	215,467
260,000	1170,000	1430,000	0,169	23,077	35,560	11,000	35,881	18,448	21,494	3,686	32,560	270,000	134446,521	134958,172	134959,172	135002,285	135002,552	135002,823	135003,731	49486,521	49798,173	49799,172	49802,285	49802,553	49802,823	49803,731	12,697	13,727	2,728	2,777	13,440	13,440	17,833	19,437	1,000	863,000	216,000	868,978	215,467
430,000	890,000	1320,000	0,629	22,472	32,869	8,000	36,275	18,096	21,610	3,570	33,216	200,000	134446,521	135006,730	135007,730	135009,185	135009,622	135009,822	135010,522	49486,521	49806,730	49807,730	49809,185	49809,622	49809,822	49810,522	12,180	13,558	2,409	2,780	13,440	13,440	17,497	22,551	1,000	855,000	198,000	868,978	215,467
380,000	1050,000	1430,000	0,043	16,190	38,429	12,000	36,501	18,521	22,048	3,132	31,809	170,000	134446,521	135013,599	135014,599	135018,533	135018,921	135019,091	135019,981	49486,521	49813,599	49814,599	49818,533	49818,921	49819,091	49819,981	13,329	13,360	2,226	2,404	13,440	13,440	20,931	21,995	1,000	869,000	217,000	868,978	215,467
360,000	980,000	1340,000	0,512	15,306	36,152	7,000	37,308	18,517	22,720	2,460	32,786	150,000	134446,521	135023,637	135024,638	135028,461	135028,832	135028,982	135029,821	49486,521	49823,637	49824,638	49828,461	49828,832	49828,982	49829,821	13,332	13,251	1,918	1,758	13,440	13,440	17,952	19,289	1,000	887,000	218,000	868,978	215,467
460,000	970,000	1430,000	1,552	18,557	28,206	8,000	35,813	16,187	22,872	2,308	31,429	180,000	134446,521	135032,585	135033,587	135035,455	135035,921	135036,101	135036,902	49486,521	49832,585	49833,587	49835,455	49835,921	49836,101	49836,902	11,180	12,030	1,500	1,854	13,440	13,440	6,002	15,399	1,000	823,000	246,000	868,978	215,467
340,000	1090,000	1430,000	0,410	23,853	27,789	8,000	36,777	17,624	21,510	3,670	32,984	260,000	134446,521	135040,241	135041,240	135043,700	135044,041	135044,301	135045,141	49486,521	49840,241	49841,240	49843,700	49844,041	49844,301	49845,142	12,517	12,792	2,681	2,723	13,440	13,440	11,048	14,294	1,000	870,000	230,000	868,978	215,467
310,000	1120,000	1430,000	0,227	21,429	29,203	13,000	35,851	18,568	21,769	3,411	31,938	240,000	134446,521	135048,632	135049,631	135052,543	135052,862	135053,102	135053,991	49486,521	49848,632	49849,631	49852,543	49852,862	49853,102	49853,991	12,749	13,819	2,363	2,630	13,440	13,440	11,898	15,471	1,000	872,000	208,000	868,978	215,467
30,000	20,000	50,000	18,777	0,000	0,000	0,000	30,483	0,000	25,180	0,000	30,483	0,000	134446,521	135056,791	135057,790	135059,968	135100,169	135100,169	135100,192	49486,521	49856,791	49857,790	49859,968	49860,169	49860,169	49860,192	0,000	0,000	0,000	0,000	13,440	13,440	NaN	NaN	1,000	415,000	705,000	868,978	215,467
