370,000	1060,000	1430,000	1,726	15,094	27,885	11,000	54,586	18,084	14,790	2,375	56,821	160,000	102728,408	102747,157	102748,158	102751,081	102751,453	102751,613	102752,522	37648,408	37667,157	37668,158	37671,081	37671,453	37671,613	37672,522	14,034	11,529	2,023	1,473	-13,440	13,440	9,462	14,602	1,000	521,000	251,000	571,022	215,467
410,000	1020,000	1430,000	0,277	29,412	33,245	9,000	52,977	17,023	9,126	8,039	55,706	300,000	102728,408	102754,665	102755,666	102758,567	102758,983	102759,283	102800,012	37648,408	37674,665	37675,666	37678,567	37678,983	37679,283	37680,013	12,001	12,178	5,967	5,483	-13,440	13,440	21,298	22,880	1,000	566,000	207,000	571,022	215,467
370,000	1060,000	1430,000	0,456	12,264	31,236	14,000	52,840	18,556	13,854	3,312	56,577	130,000	102728,408	102801,056	102802,057	102804,395	102804,772	102804,902	102805,843	37648,408	37681,056	37682,057	37684,395	37684,772	37684,902	37685,843	13,135	13,243	2,436	2,326	-13,440	13,440	22,757	26,836	1,000	562,000	202,000	571,022	215,467
410,000	1020,000	1430,000	0,468	15,686	30,641	15,000	53,122	18,427	13,756	3,409	56,527	160,000	102728,408	102806,937	102807,939	102809,378	102809,793	102809,953	102810,823	37648,408	37686,937	37687,939	37689,378	37689,793	37689,953	37690,824	13,459	12,961	2,770	2,318	-13,440	13,440	12,647	21,293	1,000	555,000	211,000	571,022	215,467
330,000	1020,000	1350,000	0,803	15,686	31,671	12,000	53,291	19,008	13,837	3,329	55,987	160,000	102728,408	102811,805	102812,806	102814,342	102814,684	102814,844	102815,712	37648,408	37691,805	37692,806	37694,342	37694,684	37694,844	37695,713	13,979	13,167	2,448	2,603	-13,440	13,440	19,174	22,413	1,000	543,000	210,000	571,022	215,467
330,000	1100,000	1430,000	0,254	16,364	31,653	10,000	52,867	18,753	14,140	3,025	55,954	180,000	102728,408	102816,700	102817,701	102819,097	102819,432	102819,612	102820,543	37648,408	37696,700	37697,701	37699,097	37699,432	37699,612	37700,544	13,420	13,251	2,105	2,284	-13,440	13,440	8,395	15,469	1,000	562,000	215,000	571,022	215,467
300,000	910,000	1210,000	0,401	17,582	33,762	8,000	52,621	18,783	13,558	3,608	55,897	160,000	102728,408	102821,283	102822,284	102823,670	102823,973	102824,133	102824,892	37648,408	37701,283	37702,284	37703,670	37703,973	37704,133	37704,892	13,585	13,281	2,833	2,576	-13,440	13,440	21,920	24,329	1,000	557,000	218,000	571,022	215,467
30,000	20,000	50,000	19,185	0,000	0,000	0,000	57,025	0,000	17,165	0,000	57,025	0,000	102728,408	102825,916	102826,915	102829,694	102829,894	102829,894	102829,923	37648,408	37705,916	37706,915	37709,694	37709,894	37709,894	37709,923	0,000	0,000	0,000	0,000	-13,440	13,440	NaN	NaN	1,000	1062,000	689,000	571,022	215,467
280,000	840,000	1120,000	0,170	21,429	41,426	10,000	53,136	18,979	13,282	3,883	55,658	180,000	102728,408	102831,841	102832,842	102834,727	102835,012	102835,193	102835,864	37648,408	37711,842	37712,842	37714,727	37715,013	37715,193	37715,864	13,838	13,307	2,801	3,115	-13,440	13,440	17,164	22,925	1,000	565,000	215,000	571,022	215,467
340,000	1000,000	1340,000	0,336	12,000	42,780	12,000	53,651	18,188	14,257	2,908	56,184	120,000	102728,408	102836,992	102837,993	102839,547	102839,894	102840,014	102840,904	37648,408	37716,992	37717,993	37719,547	37719,894	37720,014	37720,904	13,363	12,263	2,042	2,146	-13,440	13,440	21,928	22,360	1,000	561,000	222,000	571,022	215,467
310,000	1030,000	1340,000	0,633	14,563	39,360	10,000	53,539	19,600	13,739	3,426	56,462	150,000	102728,408	102841,571	102842,570	102845,577	102845,894	102846,044	102846,933	37648,408	37721,571	37722,570	37725,577	37725,894	37726,044	37726,933	14,428	13,586	2,620	2,595	-13,440	13,440	25,568	26,738	1,000	553,000	202,000	571,022	215,467
380,000	1050,000	1430,000	0,677	14,286	31,800	12,000	53,848	19,025	13,578	3,587	56,782	150,000	102728,408	102847,721	102848,722	102852,039	102852,422	102852,572	102853,482	37648,408	37727,721	37728,722	37732,039	37732,422	37732,572	37733,482	14,002	12,907	2,655	2,502	-13,440	13,440	13,287	19,963	1,000	547,000	217,000	571,022	215,467
360,000	1070,000	1430,000	1,263	14,953	35,339	11,000	52,832	19,330	13,126	4,039	55,596	160,000	102728,408	102854,434	102855,433	102859,361	102859,723	102859,883	102900,803	37648,408	37734,434	37735,433	37739,361	37739,723	37739,883	37740,803	14,138	13,555	3,168	2,834	-13,440	13,440	27,900	28,017	1,000	602,000	248,000	571,022	215,467
300,000	1060,000	1360,000	0,539	15,094	47,826	10,000	52,418	18,477	12,627	4,539	54,619	160,000	102728,408	102901,406	102902,405	102906,189	102906,493	102906,653	102907,563	37648,408	37741,406	37742,405	37746,189	37746,493	37746,653	37747,563	13,248	13,219	3,333	3,440	-13,440	13,440	27,712	27,869	1,000	553,000	209,000	571,022	215,467
340,000	1090,000	1430,000	5,585	17,431	46,701	9,000	53,653	21,580	11,907	5,258	56,244	190,000	102728,408	102908,187	102909,187	102911,749	102912,093	102912,283	102913,193	37648,408	37748,187	37749,187	37751,749	37752,093	37752,283	37753,193	16,353	14,590	4,280	3,561	-13,440	13,440	4,818	25,667	1,000	718,000	349,000	571,022	215,467
380,000	1050,000	1430,000	4,111	17,143	43,706	9,000	52,842	21,305	12,161	5,004	55,544	180,000	102728,408	102913,785	102914,785	102916,011	102916,392	102916,572	102917,453	37648,408	37753,785	37754,785	37756,011	37756,392	37756,572	37757,453	15,717	14,902	3,864	3,628	-13,440	13,440	18,313	30,590	1,000	685,000	307,000	571,022	215,467
360,000	1070,000	1430,000	0,290	13,084	41,226	11,000	52,380	18,095	13,760	3,405	55,612	140,000	102728,408	102918,144	102919,144	102920,573	102920,943	102921,083	102922,022	37648,408	37758,144	37759,144	37760,573	37760,943	37761,083	37762,022	12,950	12,986	2,533	2,568	-13,440	13,440	26,632	26,817	1,000	581,000	218,000	571,022	215,467
320,000	1040,000	1360,000	0,538	14,423	34,244	12,000	52,913	18,129	13,498	3,668	55,762	150,000	102728,408	102922,624	102923,624	102927,162	102927,493	102927,643	102928,543	37648,408	37762,624	37763,624	37767,162	37767,493	37767,643	37768,543	13,164	12,769	2,796	2,754	-13,440	13,440	21,689	22,198	1,000	587,000	226,000	571,022	215,467
410,000	780,000	1190,000	0,153	17,949	48,600	8,000	52,545	19,054	14,044	3,121	54,795	140,000	102728,408	102929,131	102930,132	102933,730	102934,143	102934,283	102934,932	37648,408	37769,131	37770,132	37773,730	37774,143	37774,283	37774,932	13,755	13,502	2,067	2,733	-13,440	13,440	24,765	26,958	1,000	568,000	220,000	571,022	215,467
350,000	1080,000	1430,000	2,518	18,519	43,474	9,000	53,441	19,681	11,944	5,222	55,625	200,000	102728,408	102935,523	102936,524	102939,576	102939,933	102940,133	102941,025	37648,408	37775,524	37776,524	37779,576	37779,933	37780,133	37781,025	14,626	13,609	3,967	3,842	-13,440	13,440	25,108	25,633	1,000	632,000	281,000	571,022	215,467
340,000	1090,000	1430,000	5,583	28,440	45,213	9,000	53,041	21,254	7,516	9,650	54,831	310,000	102728,408	102941,741	102942,741	102944,502	102944,842	102945,152	102945,944	37648,408	37781,741	37782,741	37784,502	37784,842	37785,152	37785,944	15,509	15,021	7,116	7,056	-13,440	13,440	15,823	37,296	1,000	717,000	350,000	571,022	215,467
310,000	1120,000	1430,000	9,516	10,714	35,880	7,000	53,631	20,563	14,981	2,184	57,627	120,000	102728,408	102946,688	102947,688	102951,005	102951,322	102951,442	102952,453	37648,408	37786,688	37787,688	37791,006	37791,322	37791,442	37792,453	14,966	14,683	1,527	1,760	-13,440	13,440	14,806	17,359	1,000	811,000	454,000	571,022	215,467
350,000	1080,000	1430,000	0,131	19,444	43,926	8,000	52,668	18,701	12,920	4,245	54,754	210,000	102728,408	102953,157	102954,157	102955,879	102956,233	102956,443	102957,322	37648,408	37793,157	37794,157	37795,879	37796,233	37796,443	37797,322	13,491	13,239	2,823	3,580	-13,440	13,440	23,972	23,616	1,000	570,000	220,000	571,022	215,467
320,000	840,000	1160,000	0,666	14,286	36,277	9,000	53,434	18,340	15,064	2,101	56,789	120,000	102728,408	102958,323	102959,323	103003,123	103003,452	103003,572	103004,303	37648,408	37798,323	37799,323	37803,123	37803,452	37803,572	37804,303	13,253	12,857	1,493	1,646	-13,440	13,440	10,685	15,300	1,000	554,000	199,000	571,022	215,467
440,000	990,000	1430,000	0,316	19,192	41,566	5,000	53,648	18,487	13,605	3,560	56,415	190,000	102728,408	103004,902	103005,902	103007,342	103007,784	103007,974	103008,783	37648,408	37804,902	37805,902	37807,342	37807,784	37807,974	37808,783	13,665	12,620	2,723	2,556	-13,440	13,440	18,853	20,447	1,000	577,000	225,000	571,022	215,467
30,000	20,000	50,000	18,525	0,000	0,000	0,000	56,579	0,000	17,165	0,000	56,579	0,000	102728,408	103009,455	103010,455	103011,908	103012,109	103012,109	103012,133	37648,408	37809,455	37810,455	37811,908	37812,109	37812,109	37812,133	0,000	0,000	0,000	0,000	-13,440	13,440	NaN	NaN	1,000	1035,000	683,000	571,022	215,467
270,000	1160,000	1430,000	14,144	25,000	57,633	9,000	53,191	28,703	7,092	10,073	54,865	290,000	102728,408	103014,044	103015,046	103018,536	103018,812	103019,102	103019,983	37648,408	37814,044	37815,046	37818,536	37818,812	37819,102	37819,983	21,605	19,447	7,405	7,207	-13,440	13,440	2,792	40,204	1,000	942,000	555,000	571,022	215,467
290,000	960,000	1250,000	0,150	13,542	40,947	11,000	53,245	18,226	14,175	2,990	56,281	130,000	102728,408	103020,586	103021,587	103023,967	103024,263	103024,393	103025,234	37648,408	37820,586	37821,587	37823,967	37824,263	37824,393	37825,234	13,134	12,856	2,140	2,376	-13,440	13,440	25,333	24,132	1,000	575,000	219,000	571,022	215,467
330,000	1100,000	1430,000	3,542	10,909	34,664	14,000	53,090	21,648	14,501	2,665	55,830	120,000	102728,408	103025,835	103026,835	103028,218	103028,554	103028,674	103029,663	37648,408	37825,835	37826,835	37828,218	37828,554	37828,674	37829,663	15,843	15,006	1,944	1,876	-13,440	13,440	6,865	22,535	1,000	667,000	297,000	571,022	215,467
320,000	1110,000	1430,000	0,257	11,712	31,304	14,000	52,203	18,793	14,475	2,690	55,426	130,000	102728,408	103030,252	103031,251	103034,039	103034,363	103034,493	103035,482	37648,408	37830,252	37831,252	37834,039	37834,363	37834,493	37835,482	13,303	13,503	1,878	2,123	-13,440	13,440	18,051	20,972	1,000	562,000	214,000	571,022	215,467
320,000	970,000	1290,000	0,628	13,402	38,899	10,000	52,286	18,557	14,253	2,912	56,082	130,000	102728,408	103036,432	103037,433	103040,161	103040,485	103040,615	103041,463	37648,408	37836,432	37837,433	37840,161	37840,485	37840,615	37841,463	13,022	13,389	2,031	2,148	-13,440	13,440	19,495	22,996	1,000	554,000	201,000	571,022	215,467
340,000	1090,000	1430,000	0,192	23,853	34,250	11,000	52,827	17,396	10,720	6,446	55,439	260,000	102728,408	103042,566	103043,566	103046,319	103046,664	103046,924	103047,762	37648,408	37842,566	37843,566	37846,319	37846,664	37846,924	37847,762	12,459	12,520	4,853	4,620	-13,440	13,440	27,035	27,132	1,000	569,000	222,000	571,022	215,467
280,000	1150,000	1430,000	0,620	13,913	32,042	15,000	53,468	18,051	14,075	3,090	56,224	160,000	102728,408	103048,835	103049,835	103052,061	103052,343	103052,503	103053,504	37648,408	37848,835	37849,835	37852,061	37852,343	37852,503	37853,504	13,205	12,731	2,280	2,304	-13,440	13,440	16,618	20,431	1,000	549,000	215,000	571,022	215,467
350,000	1080,000	1430,000	9,435	12,037	35,337	11,000	52,525	22,688	14,470	2,696	56,310	130,000	102728,408	103054,359	103055,359	103057,916	103058,274	103058,404	103059,362	37648,408	37854,359	37855,359	37857,916	37858,274	37858,404	37859,362	16,352	16,249	1,775	2,159	-13,440	13,440	5,823	21,711	1,000	793,000	467,000	571,022	215,467
250,000	1180,000	1430,000	0,349	25,424	36,652	16,000	52,848	18,772	10,876	6,289	55,392	300,000	102728,408	103059,957	103100,957	103102,213	103102,473	103102,773	103103,663	37648,408	37859,957	37860,957	37862,213	37862,473	37862,773	37863,663	13,557	13,333	4,714	4,644	-13,440	13,440	23,693	29,519	1,000	563,000	206,000	571,022	215,467
310,000	850,000	1160,000	0,274	15,294	40,903	10,000	53,077	18,879	14,034	3,131	55,829	130,000	102728,408	103104,671	103105,671	103109,449	103109,763	103109,893	103110,622	37648,408	37864,672	37865,671	37869,449	37869,763	37869,893	37870,622	13,642	13,162	2,141	2,527	-13,440	13,440	22,778	23,713	1,000	573,000	225,000	571,022	215,467
310,000	1120,000	1430,000	6,576	13,393	36,738	9,000	53,605	22,752	12,801	4,365	55,602	150,000	102728,408	103111,235	103112,237	103114,670	103114,982	103115,132	103116,112	37648,408	37871,235	37872,237	37874,670	37874,982	37875,132	37876,112	17,083	15,272	3,057	3,306	-13,440	13,440	5,390	29,507	1,000	741,000	376,000	571,022	215,467
420,000	1010,000	1430,000	0,488	12,871	35,968	10,000	52,833	17,566	14,747	2,419	56,402	130,000	102728,408	103116,714	103117,715	103119,149	103119,572	103119,702	103120,594	37648,408	37876,714	37877,715	37879,149	37879,572	37879,702	37880,594	12,459	12,598	1,752	1,858	-13,440	13,440	18,706	16,835	1,000	583,000	228,000	571,022	215,467
320,000	960,000	1280,000	0,732	14,583	52,403	6,000	54,103	19,526	13,498	3,667	55,914	140,000	102728,408	103121,631	103122,631	103124,817	103125,144	103125,284	103126,113	37648,408	37881,631	37882,631	37884,817	37885,144	37885,284	37886,113	14,739	12,769	2,620	2,793	-13,440	13,440	25,952	25,179	1,000	545,000	215,000	571,022	215,467
320,000	1110,000	1430,000	0,408	15,315	33,336	13,000	53,552	18,672	14,033	3,132	56,387	170,000	102728,408	103126,788	103127,789	103130,636	103130,963	103131,133	103132,082	37648,408	37886,788	37887,789	37890,636	37890,963	37891,133	37892,082	13,669	12,893	2,271	2,384	-13,440	13,440	18,377	18,944	1,000	581,000	226,000	571,022	215,467
