30,000	220,000	250,000	18,327	95,455	1,504	0,000	56,872	0,156	17,012	0,154	56,872	210,000	142031,209	142043,364	142044,365	142045,717	142045,918	142046,128	142046,142	51631,209	51643,364	51644,365	51645,717	51645,918	51646,128	51646,142	0,114	0,112	0,113	0,112	-13,440	13,440	NaN	0,339	1,000	1036,000	672,000	571,022	215,467
800,000	330,000	1130,000	18,153	48,485	4,869	3,000	57,257	0,740	16,913	0,252	58,024	160,000	142031,209	142052,006	142053,006	142055,796	142056,601	142056,761	142056,941	51631,209	51652,006	51653,006	51655,796	51656,601	51656,761	51656,941	0,198	1,076	0,050	0,418	-13,440	13,440	4,523	0,335	1,000	1051,000	647,000	571,022	215,467
460,000	970,000	1430,000	0,715	13,402	34,449	11,000	54,509	20,190	14,132	3,033	56,908	130,000	142031,209	142058,108	142059,108	142101,762	142102,232	142102,362	142103,212	51631,209	51658,108	51659,108	51661,762	51662,232	51662,362	51663,212	15,299	13,312	2,247	2,189	-13,440	13,440	15,545	23,239	1,000	586,000	236,000	571,022	215,467
2560,000	990,000	3550,000	19,541	19,192	7,416	12,000	61,005	3,749	16,865	0,301	60,503	190,000	142031,209	142105,732	142106,732	142108,920	142111,482	142111,672	142112,482	51631,209	51665,732	51666,732	51668,920	51671,482	51671,672	51672,482	3,492	1,392	0,261	0,225	-13,440	13,440	2,485	0,038	1,000	1069,000	700,000	571,022	215,467
430,000	1000,000	1430,000	17,989	19,000	48,012	13,000	58,784	20,273	13,333	3,832	71,897	190,000	142031,209	142113,072	142114,072	142116,334	142116,772	142116,962	142117,783	51631,209	51673,072	51674,072	51676,334	51676,772	51676,962	51677,783	15,421	15,052	3,316	2,762	-13,440	13,440	22,017	26,699	1,000	1027,000	664,000	571,022	215,467
500,000	780,000	1280,000	0,873	25,641	42,334	6,000	53,492	19,548	13,416	3,749	55,961	200,000	142031,209	142119,217	142120,217	142121,758	142122,261	142122,461	142123,051	51631,209	51679,217	51680,217	51681,758	51682,261	51682,461	51683,051	14,458	13,306	2,696	2,836	-13,440	13,440	15,046	22,470	1,000	540,000	216,000	571,022	215,467
550,000	880,000	1430,000	0,737	17,045	27,263	10,000	51,341	17,812	14,230	2,935	54,932	150,000	142031,209	142125,392	142126,393	142127,914	142128,471	142128,621	142129,363	51631,209	51685,392	51686,393	51687,914	51688,471	51688,621	51689,363	12,148	13,310	2,001	2,259	-13,440	13,440	4,691	19,042	1,000	595,000	226,000	571,022	215,467
400,000	1030,000	1430,000	0,103	15,534	31,908	11,000	51,646	19,410	13,401	3,764	55,243	160,000	142031,209	142130,978	142131,978	142134,286	142134,692	142134,852	142135,731	51631,209	51690,978	51691,978	51694,286	51694,692	51694,852	51695,731	13,549	14,094	2,770	2,647	-13,440	13,440	18,589	19,864	1,000	570,000	219,000	571,022	215,467
30,000	760,000	790,000	0,214	22,368	6,259	8,000	62,469	2,351	16,266	0,899	63,705	170,000	142031,209	142137,416	142138,417	142141,401	142141,602	142141,772	142142,371	51631,209	51697,416	51698,417	51701,401	51701,602	51701,772	51702,371	1,687	1,717	0,598	0,713	-13,440	13,440	4,455	4,555	1,000	575,000	209,000	571,022	215,467
500,000	860,000	1360,000	0,208	18,605	33,824	8,000	52,653	17,835	13,885	3,280	55,746	160,000	142031,209	142147,182	142148,182	142149,987	142150,492	142150,652	142151,362	51631,209	51707,182	51708,182	51709,987	51710,492	51710,652	51711,362	12,717	12,884	2,399	2,600	-13,440	13,440	16,190	21,019	1,000	578,000	213,000	571,022	215,467
440,000	990,000	1430,000	0,240	12,121	43,861	11,000	54,234	19,405	14,933	2,232	56,747	120,000	142031,209	142153,545	142154,545	142157,270	142157,711	142157,831	142158,711	51631,209	51713,545	51714,545	51717,270	51717,711	51717,831	51718,711	14,610	12,856	1,616	1,567	-13,440	13,440	17,556	18,498	1,000	571,000	224,000	571,022	215,467
340,000	1090,000	1430,000	0,296	14,679	35,177	9,000	52,687	18,379	13,778	3,387	55,774	160,000	142031,209	142200,278	142201,279	142204,293	142204,643	142204,803	142205,741	51631,209	51720,278	51721,279	51724,293	51724,643	51724,803	51725,741	13,164	12,986	2,447	2,534	-13,440	13,440	18,587	19,571	1,000	571,000	226,000	571,022	215,467
400,000	1030,000	1430,000	0,471	12,621	39,771	14,000	53,550	23,565	14,540	2,625	56,240	130,000	142031,209	142207,103	142208,103	142210,465	142210,873	142211,003	142211,912	51631,209	51727,103	51728,103	51730,465	51730,873	51731,003	51731,912	17,797	15,577	2,031	1,802	-13,440	13,440	6,989	19,758	1,000	574,000	199,000	571,022	215,467
440,000	990,000	1430,000	0,663	21,212	26,675	11,000	53,045	16,711	14,045	3,120	55,689	210,000	142031,209	142214,233	142215,233	142216,948	142217,391	142217,601	142218,391	51631,209	51734,233	51735,233	51736,948	51737,391	51737,601	51738,392	11,980	11,970	2,251	2,393	-13,440	13,440	5,919	14,581	1,000	578,000	238,000	571,022	215,467
410,000	1020,000	1430,000	0,250	27,451	39,624	9,000	53,034	19,787	10,611	6,555	54,818	280,000	142031,209	142220,628	142221,628	142223,397	142223,812	142224,092	142224,843	51631,209	51740,629	51741,628	51743,397	51743,812	51744,092	51744,843	14,610	13,570	4,816	4,817	-13,440	13,440	22,063	24,141	1,000	564,000	210,000	571,022	215,467
420,000	1010,000	1430,000	0,148	32,673	33,994	10,000	53,408	17,923	10,472	6,693	55,349	330,000	142031,209	142227,497	142228,499	142229,820	142230,242	142230,572	142231,261	51631,209	51747,497	51748,499	51749,820	51750,242	51750,572	51751,261	13,009	12,619	4,831	5,011	-13,440	13,440	13,297	22,477	1,000	566,000	217,000	571,022	215,467
340,000	1090,000	1430,000	0,425	15,596	34,926	12,000	52,661	18,860	13,772	3,393	55,396	170,000	142031,209	142233,031	142234,031	142235,088	142235,431	142235,601	142236,533	51631,209	51753,031	51754,031	51755,088	51755,431	51755,601	51756,533	13,621	13,284	2,462	2,614	-13,440	13,440	15,572	18,502	1,000	556,000	217,000	571,022	215,467
390,000	970,000	1360,000	1,392	15,464	40,937	8,000	53,171	19,608	14,380	2,786	55,571	150,000	142031,209	142238,229	142239,229	142241,630	142242,022	142242,172	142243,002	51631,209	51758,229	51759,229	51761,630	51762,022	51762,172	51763,002	14,486	13,473	1,961	2,408	-13,440	13,440	19,532	17,708	1,000	524,000	200,000	571,022	215,467
400,000	840,000	1240,000	1,126	33,333	43,900	6,000	52,651	19,387	9,908	7,258	55,232	280,000	142031,209	142244,992	142245,992	142247,269	142247,674	142247,954	142248,522	51631,209	51764,992	51765,992	51767,269	51767,674	51767,954	51768,522	14,034	13,699	5,542	5,197	-13,440	13,440	29,684	29,895	1,000	535,000	198,000	571,022	215,467
380,000	1050,000	1430,000	0,330	40,000	34,608	7,000	52,821	17,475	8,919	8,246	54,762	420,000	142031,209	142250,295	142251,295	142253,230	142253,614	142254,033	142254,671	51631,209	51770,295	51771,295	51773,230	51773,614	51774,034	51774,671	12,500	12,614	6,010	6,072	-13,440	13,440	17,143	21,509	1,000	580,000	223,000	571,022	215,467
290,000	1140,000	1430,000	1,642	23,684	28,939	9,000	52,555	20,004	13,470	3,696	55,798	270,000	142031,209	142256,743	142257,743	142301,405	142301,701	142301,971	142302,852	51631,209	51776,743	51777,743	51781,405	51781,701	51781,971	51782,852	14,548	14,020	2,810	2,565	-13,440	13,440	6,236	18,225	1,000	519,000	189,000	571,022	215,467
310,000	1120,000	1430,000	0,345	13,393	31,557	14,000	53,013	18,060	15,352	1,814	56,319	150,000	142031,209	142304,777	142305,776	142309,685	142310,002	142310,152	142311,132	51631,209	51784,777	51785,776	51789,685	51790,002	51790,152	51791,132	13,053	12,740	1,317	1,463	-13,440	13,440	11,230	11,100	1,000	559,000	213,000	571,022	215,467
330,000	1100,000	1430,000	0,397	25,455	40,229	9,000	52,343	18,898	10,379	6,786	54,537	280,000	142031,209	142312,285	142313,285	142314,592	142314,931	142315,211	142316,041	51631,209	51792,285	51793,285	51794,592	51794,931	51795,211	51796,041	13,555	13,514	4,949	5,080	-13,440	13,440	26,140	26,981	1,000	557,000	214,000	571,022	215,467
290,000	1140,000	1430,000	0,586	23,684	34,192	11,000	52,485	19,410	13,109	4,056	55,612	270,000	142031,209	142317,925	142318,926	142322,360	142322,651	142322,921	142323,802	51631,209	51797,925	51798,926	51802,360	51802,651	51802,921	51803,802	14,058	13,706	3,160	2,924	-13,440	13,440	19,376	20,340	1,000	553,000	205,000	571,022	215,467
350,000	1080,000	1430,000	0,638	16,667	39,649	12,000	52,487	19,257	14,183	2,982	55,001	180,000	142031,209	142325,380	142326,380	142328,201	142328,552	142328,732	142329,641	51631,209	51805,380	51806,380	51808,201	51808,552	51808,732	51809,641	13,888	13,605	2,146	2,303	-13,440	13,440	11,198	16,727	1,000	549,000	210,000	571,022	215,467
320,000	1000,000	1320,000	0,681	13,000	45,735	9,000	51,924	19,735	14,831	2,334	55,036	130,000	142031,209	142331,124	142332,125	142334,056	142334,381	142334,511	142335,393	51631,209	51811,124	51812,125	51814,056	51814,382	51814,512	51815,393	14,092	14,148	1,664	1,943	-13,440	13,440	18,840	19,230	1,000	548,000	208,000	571,022	215,467
270,000	1020,000	1290,000	0,816	31,373	41,784	5,000	53,320	19,146	10,864	6,301	54,848	320,000	142031,209	142336,837	142337,837	142339,292	142339,571	142339,891	142340,601	51631,209	51816,837	51817,837	51819,292	51819,571	51819,891	51820,602	14,092	13,164	4,447	4,891	-13,440	13,440	28,628	28,157	1,000	542,000	215,000	571,022	215,467
340,000	1090,000	1430,000	0,437	28,440	29,864	9,000	52,419	18,695	11,842	5,323	55,459	310,000	142031,209	142342,067	142343,068	142344,700	142345,041	142345,351	142346,141	51631,209	51822,067	51823,068	51824,700	51825,041	51825,351	51826,141	13,348	13,387	3,995	3,818	-13,440	13,440	16,947	22,215	1,000	558,000	207,000	571,022	215,467
380,000	970,000	1350,000	0,503	14,433	39,583	10,000	52,707	19,251	14,494	2,671	56,089	140,000	142031,209	142347,790	142348,790	142351,965	142352,352	142352,492	142353,331	51631,209	51827,790	51828,790	51831,965	51832,352	51832,492	51833,331	13,811	13,584	1,948	1,968	-13,440	13,440	17,399	16,993	1,000	554,000	210,000	571,022	215,467
330,000	1100,000	1430,000	0,129	17,273	38,182	10,000	52,104	19,177	13,412	3,754	56,077	190,000	142031,209	142354,647	142355,647	142358,647	142358,982	142359,172	142400,092	51631,209	51834,647	51835,647	51838,648	51838,982	51839,172	51840,092	13,530	13,923	2,960	2,540	-13,440	13,440	23,247	24,540	1,000	572,000	211,000	571,022	215,467
440,000	990,000	1430,000	0,110	17,172	33,348	14,000	52,553	18,627	14,063	3,103	56,023	170,000	142031,209	142401,431	142402,431	142403,507	142403,951	142404,121	142404,951	51631,209	51841,431	51842,431	51843,507	51843,951	51844,121	51844,951	13,205	13,370	2,240	2,286	-13,440	13,440	15,753	19,109	1,000	568,000	213,000	571,022	215,467
450,000	980,000	1430,000	0,691	22,449	34,321	8,000	52,851	17,675	13,966	3,199	55,795	220,000	142031,209	142406,620	142407,620	142411,158	142411,612	142411,832	142412,602	51631,209	51846,620	51847,620	51851,158	51851,612	51851,832	51852,602	12,830	12,415	2,444	2,322	-13,440	13,440	13,279	17,387	1,000	570,000	240,000	571,022	215,467
310,000	1010,000	1320,000	0,312	48,515	40,111	8,000	52,454	19,464	4,443	12,722	53,150	490,000	142031,209	142414,296	142415,296	142417,780	142418,091	142418,581	142419,111	51631,209	51854,296	51855,296	51857,780	51858,091	51858,581	51859,111	13,923	13,895	9,106	9,276	-13,440	13,440	21,443	22,256	1,000	562,000	209,000	571,022	215,467
290,000	1140,000	1430,000	0,360	14,035	33,197	15,000	52,895	18,992	14,453	2,712	55,926	160,000	142031,209	142420,576	142421,575	142424,788	142425,083	142425,243	142426,232	51631,209	51860,576	51861,575	51864,788	51865,083	51865,243	51866,232	13,812	13,300	2,013	2,064	-13,440	13,440	18,273	20,573	1,000	560,000	222,000	571,022	215,467
80,000	1210,000	1290,000	0,271	20,661	39,896	9,000	52,223	19,268	13,218	3,947	55,112	250,000	142031,209	142427,884	142428,886	142430,354	142430,554	142430,804	142431,771	51631,209	51867,884	51868,886	51870,354	51870,555	51870,805	51871,771	13,838	13,726	2,958	2,970	-13,440	13,440	23,574	23,854	1,000	565,000	223,000	571,022	215,467
290,000	1140,000	1430,000	0,611	24,561	29,413	11,000	52,720	18,595	13,290	3,875	55,866	280,000	142031,209	142432,999	142433,999	142436,327	142436,622	142436,902	142437,771	51631,209	51872,999	51873,999	51876,327	51876,622	51876,902	51877,771	13,473	13,134	3,004	2,739	-13,440	13,440	15,116	19,820	1,000	551,000	207,000	571,022	215,467
470,000	960,000	1430,000	2,308	15,625	24,330	12,000	51,827	16,170	15,058	2,107	55,122	150,000	142031,209	142440,034	142441,034	142444,769	142445,241	142445,391	142446,211	51631,209	51880,034	51881,034	51884,769	51885,241	51885,391	51886,211	10,978	12,353	1,309	1,866	-13,440	13,440	3,245	13,471	1,000	645,000	251,000	571,022	215,467
390,000	930,000	1320,000	1,248	31,183	39,574	8,000	52,520	19,446	9,936	7,230	55,769	290,000	142031,209	142448,971	142449,971	142453,599	142453,991	142454,281	142454,931	51631,209	51888,971	51889,971	51893,599	51893,991	51894,281	51894,931	13,896	13,870	5,647	4,863	-13,440	13,440	23,939	28,414	1,000	537,000	187,000	571,022	215,467
440,000	990,000	1430,000	0,350	32,323	32,386	10,000	52,713	18,773	11,529	5,636	55,669	320,000	142031,209	142456,710	142457,710	142500,750	142501,191	142501,511	142502,191	51631,209	51896,711	51897,710	51900,751	51901,191	51901,511	51902,191	13,507	13,325	4,282	3,948	-13,440	13,440	18,342	24,558	1,000	579,000	225,000	571,022	215,467
330,000	1100,000	1430,000	0,170	30,000	35,531	10,000	52,088	18,802	9,122	8,043	54,889	330,000	142031,209	142503,946	142504,946	142508,067	142508,402	142508,731	142509,511	51631,209	51903,946	51904,946	51908,067	51908,402	51908,732	51909,512	13,331	13,558	6,108	5,611	-13,440	13,440	25,251	27,534	1,000	565,000	215,000	571,022	215,467
