350,000	1080,000	1430,000	1,323	22,222	34,801	9,000	35,487	16,967	24,263	0,917	29,216	240,000	133640,794	133648,827	133649,827	133653,739	133654,091	133654,331	133655,181	49000,794	49008,827	49009,827	49013,739	49014,091	49014,331	49015,181	12,086	12,484	0,648	0,721	13,440	13,440	5,268	5,782	1,000	835,000	248,000	868,978	215,467
660,000	770,000	1430,000	2,986	24,675	33,628	5,000	35,853	14,632	21,703	3,478	32,601	190,000	133640,794	133658,856	133659,855	133701,539	133702,201	133702,391	133702,981	49000,794	49018,856	49019,855	49021,539	49022,201	49022,391	49022,981	10,260	10,763	2,508	2,617	13,440	13,440	4,324	18,371	1,000	801,000	297,000	868,978	215,467
30,000	20,000	50,000	18,448	0,000	0,000	0,000	31,013	0,000	25,180	0,000	31,013	0,000	133640,794	133706,071	133707,072	133708,557	133708,757	133708,757	133708,782	49000,794	49026,071	49027,072	49028,557	49028,757	49028,757	49028,782	0,000	0,000	0,000	0,000	13,440	13,440	NaN	NaN	1,000	413,000	687,000	868,978	215,467
540,000	390,000	930,000	18,215	97,436	9,056	0,000	36,131	1,427	23,759	1,422	36,131	380,000	133640,794	133714,476	133715,476	133718,836	133719,383	133719,763	133719,782	49000,794	49034,476	49035,476	49038,836	49039,383	49039,763	49039,782	1,072	0,987	1,071	0,984	13,440	13,440	NaN	6,670	1,000	425,000	687,000	868,978	215,467
30,000	1400,000	1430,000	18,944	10,714	29,291	17,000	43,236	11,199	24,169	1,011	49,521	150,000	133640,794	133721,334	133722,335	133724,426	133724,627	133724,777	133726,032	49000,794	49041,334	49042,335	49044,426	49044,627	49044,777	49046,032	5,898	9,926	0,538	0,796	13,440	13,440	2,354	2,872	1,000	397,000	696,000	868,978	215,467
1240,000	190,000	1430,000	9,842	94,737	36,004	0,000	32,047	5,008	20,571	4,609	31,464	180,000	133640,794	133726,624	133727,626	133731,369	133732,612	133732,792	133732,812	49000,794	49046,624	49047,626	49051,369	49052,612	49052,792	49052,812	3,144	4,136	2,846	3,830	13,440	13,440	NaN	25,343	1,000	612,000	453,000	868,978	215,467
350,000	760,000	1110,000	0,731	25,000	51,537	6,000	36,425	17,573	19,349	5,831	32,895	190,000	133640,794	133740,139	133741,139	133744,987	133745,341	133745,531	133746,111	49000,794	49060,140	49061,139	49064,988	49065,341	49065,531	49066,111	12,463	12,801	3,957	4,607	13,440	13,440	23,004	29,471	1,000	856,000	238,000	868,978	215,467
570,000	860,000	1430,000	0,861	22,093	40,406	6,000	37,420	17,135	22,028	3,152	31,698	190,000	133640,794	133751,822	133752,823	133756,403	133756,981	133757,171	133757,852	49000,794	49071,822	49072,823	49076,403	49076,981	49077,171	49077,852	12,648	12,137	2,065	2,554	13,440	13,440	19,272	18,461	1,000	867,000	246,000	868,978	215,467
660,000	770,000	1430,000	0,618	44,156	40,250	3,000	36,507	16,715	17,855	7,325	33,283	340,000	133640,794	133800,423	133801,423	133803,017	133803,681	133804,021	133804,461	49000,794	49080,423	49081,423	49083,017	49083,681	49084,021	49084,461	11,678	12,334	4,776	5,801	13,440	13,440	19,266	28,274	1,000	847,000	215,000	868,978	215,467
320,000	1110,000	1430,000	0,794	45,946	29,083	8,000	38,548	17,450	16,643	8,538	36,135	510,000	133640,794	133808,054	133809,053	133811,214	133811,543	133812,053	133812,662	49000,794	49088,054	49089,053	49091,214	49091,543	49092,053	49092,662	13,395	11,936	6,748	5,943	13,440	13,440	20,198	24,353	1,000	886,000	238,000	868,978	215,467
480,000	950,000	1430,000	0,505	23,158	34,839	8,000	36,866	17,257	21,550	3,630	31,835	220,000	133640,794	133817,366	133818,365	133821,456	133821,941	133822,161	133822,901	49000,794	49097,366	49098,365	49101,456	49101,941	49102,161	49102,901	12,388	12,469	2,271	2,977	13,440	13,440	11,130	15,224	1,000	862,000	232,000	868,978	215,467
360,000	1070,000	1430,000	0,755	22,430	34,760	10,000	37,286	18,955	21,771	3,409	32,421	240,000	133640,794	133830,751	133831,750	133835,215	133835,582	133835,822	133836,662	49000,794	49110,751	49111,750	49115,215	49115,582	49115,822	49116,662	13,392	13,784	2,165	2,769	13,440	13,440	13,241	16,835	1,000	882,000	192,000	868,978	215,467
500,000	930,000	1430,000	0,431	13,978	33,458	13,000	37,325	17,207	23,995	1,185	31,015	130,000	133640,794	133838,751	133839,753	133843,508	133844,011	133844,141	133844,951	49000,794	49118,751	49119,753	49123,508	49124,011	49124,141	49124,951	12,525	12,308	0,719	1,026	13,440	13,440	0,926	8,948	1,000	857,000	225,000	868,978	215,467
510,000	920,000	1430,000	0,786	16,304	36,755	8,000	37,000	17,237	22,830	2,350	32,602	150,000	133640,794	133848,832	133849,832	133853,530	133854,042	133854,192	133854,971	49000,794	49128,832	49129,832	49133,530	49134,042	49134,192	49134,971	12,274	12,493	1,683	1,844	13,440	13,440	7,852	14,493	1,000	850,000	236,000	868,978	215,467
60,000	20,000	80,000	19,639	0,000	0,000	0,000	27,875	0,000	25,180	0,000	27,875	0,000	133640,794	133859,590	133900,590	133901,672	133901,873	133901,873	133901,902	49000,794	49139,590	49140,591	49141,673	49141,873	49141,873	49141,902	0,000	0,000	0,000	0,000	13,440	13,440	NaN	NaN	1,000	375,000	709,000	868,978	215,467
30,000	320,000	350,000	18,706	43,750	3,394	4,000	29,798	0,388	24,893	0,287	29,843	140,000	133640,794	133902,491	133903,490	133906,643	133906,843	133906,983	133907,171	49000,794	49142,491	49143,490	49146,643	49146,843	49146,983	49147,171	0,112	0,366	0,086	0,266	13,440	13,440	0,937	1,331	1,000	392,000	679,000	868,978	215,467
200,000	1230,000	1430,000	18,808	15,447	40,019	14,000	59,831	15,923	24,231	0,949	72,131	190,000	133640,794	133907,762	133908,763	133910,164	133910,371	133910,561	133911,612	49000,794	49147,762	49148,763	49150,164	49150,371	49150,561	49151,612	11,504	13,294	0,666	1,126	13,440	13,440	0,157	0,365	1,000	406,000	698,000	868,978	215,467
30,000	20,000	50,000	17,594	0,000	0,000	0,000	33,172	0,000	25,180	0,000	33,172	0,000	133640,794	133912,204	133913,204	133916,721	133916,921	133916,921	133916,951	49000,794	49152,204	49153,205	49156,721	49156,921	49156,921	49156,951	0,000	0,000	0,000	0,000	13,440	13,440	NaN	NaN	1,000	436,000	667,000	868,978	215,467
430,000	780,000	1210,000	0,282	16,667	38,005	8,000	37,288	18,206	23,062	2,118	31,264	130,000	133640,794	133917,634	133918,634	133919,905	133920,341	133920,471	133921,132	49000,794	49157,635	49158,634	49159,905	49160,341	49160,471	49161,132	13,194	13,025	1,251	1,784	13,440	13,440	8,986	14,347	1,000	879,000	215,000	868,978	215,467
390,000	110,000	500,000	18,804	90,909	1,009	0,000	29,736	0,074	25,108	0,072	29,736	100,000	133640,794	133923,334	133924,335	133926,160	133926,551	133926,651	133926,672	49000,794	49163,334	49164,335	49166,160	49166,551	49166,651	49166,672	0,000	0,085	0,000	0,083	13,440	13,440	NaN	0,926	1,000	397,000	689,000	868,978	215,467
410,000	1020,000	1430,000	0,650	25,490	34,534	9,000	35,774	17,317	19,849	5,331	31,186	260,000	133640,794	133936,114	133937,114	133938,563	133938,981	133939,241	133940,011	49000,794	49176,114	49177,115	49178,563	49178,981	49179,241	49180,011	11,866	12,949	3,038	4,512	13,440	13,440	22,149	31,772	1,000	846,000	213,000	868,978	215,467
450,000	860,000	1310,000	1,346	34,884	40,107	8,000	37,273	16,930	18,202	6,978	35,136	300,000	133640,794	133942,334	133943,335	133945,629	133946,082	133946,382	133946,951	49000,794	49182,335	49183,335	49185,629	49186,082	49186,382	49186,951	12,716	11,843	5,725	4,856	13,440	13,440	25,415	28,031	1,000	842,000	255,000	868,978	215,467
390,000	820,000	1210,000	0,407	28,049	42,915	6,000	36,870	18,558	21,446	3,734	32,030	230,000	133640,794	133949,998	133950,997	133953,944	133954,342	133954,572	133955,171	49000,794	49189,998	49190,997	49193,944	49194,342	49194,572	49195,171	13,332	13,388	2,497	2,998	13,440	13,440	22,050	23,623	1,000	883,000	219,000	868,978	215,467
410,000	1020,000	1430,000	1,734	15,686	44,726	6,000	35,147	16,198	25,086	0,095	29,366	160,000	133640,794	133957,826	133958,827	134000,828	134001,242	134001,402	134002,271	49000,794	49197,826	49198,827	49200,828	49201,242	49201,402	49202,271	11,210	12,131	0,022	0,103	13,440	13,440	16,509	0,517	1,000	812,000	239,000	868,978	215,467
310,000	1120,000	1430,000	0,573	20,536	37,469	10,000	37,833	18,482	19,909	5,271	34,442	230,000	133640,794	134005,367	134006,368	134010,005	134010,322	134010,552	134011,453	49000,794	49205,367	49206,368	49210,005	49210,322	49210,552	49211,453	14,035	12,799	4,515	3,592	13,440	13,440	29,850	29,251	1,000	887,000	225,000	868,978	215,467
340,000	1090,000	1430,000	0,320	11,009	44,473	12,000	36,450	18,414	23,916	1,264	31,054	120,000	133640,794	134013,502	134014,501	134017,809	134018,153	134018,273	134019,252	49000,794	49213,502	49214,501	49217,809	49218,153	49218,273	49219,252	13,109	13,402	1,001	1,052	13,440	13,440	5,331	8,576	1,000	859,000	210,000	868,978	215,467
440,000	810,000	1250,000	1,369	14,815	45,148	8,000	38,777	18,715	24,441	0,739	30,451	120,000	133640,794	134021,559	134022,558	134024,241	134024,691	134024,811	134025,512	49000,794	49221,559	49222,558	49224,241	49224,691	49224,811	49225,512	14,685	12,577	0,541	0,624	13,440	13,440	10,752	5,943	1,000	911,000	240,000	868,978	215,467
640,000	790,000	1430,000	1,020	34,177	41,495	6,000	35,960	16,996	19,728	5,453	32,823	270,000	133640,794	134029,112	134030,112	134032,148	134032,791	134033,061	134033,592	49000,794	49229,113	49230,112	49232,148	49232,791	49233,061	49233,592	12,026	12,495	3,959	4,134	13,440	13,440	14,170	22,647	1,000	834,000	225,000	868,978	215,467
520,000	810,000	1330,000	1,780	17,284	47,924	8,000	36,761	16,122	21,506	3,674	34,310	140,000	133640,794	134038,526	134039,526	134042,886	134043,412	134043,552	134044,231	49000,794	49238,526	49239,526	49242,886	49243,412	49243,552	49244,231	10,998	11,842	2,595	2,730	13,440	13,440	20,624	24,295	1,000	818,000	253,000	868,978	215,467
370,000	1060,000	1430,000	0,110	16,981	43,022	10,000	38,379	17,595	20,160	5,020	34,841	180,000	133640,794	134048,486	134049,487	134053,198	134053,571	134053,752	134054,641	49000,794	49248,486	49249,487	49253,198	49253,572	49253,752	49254,642	13,041	12,318	3,827	3,705	13,440	13,440	24,996	32,888	1,000	872,000	213,000	868,978	215,467
540,000	890,000	1430,000	0,945	19,101	33,349	10,000	37,548	17,276	21,382	3,798	32,719	170,000	133640,794	134056,737	134057,738	134100,261	134100,801	134100,971	134101,702	49000,794	49256,737	49257,738	49260,261	49260,801	49260,971	49261,702	12,909	12,057	2,887	2,789	13,440	13,440	30,253	29,685	1,000	845,000	239,000	868,978	215,467
340,000	1010,000	1350,000	0,417	20,792	31,042	10,000	37,938	18,253	21,485	3,696	33,002	210,000	133640,794	134105,290	134106,290	134109,263	134109,611	134109,821	134110,631	49000,794	49265,290	49266,290	49269,263	49269,611	49269,821	49270,632	13,561	12,803	2,760	2,790	13,440	13,440	15,783	21,362	1,000	877,000	203,000	868,978	215,467
370,000	1060,000	1430,000	0,396	11,321	34,520	9,000	36,573	17,151	24,226	0,954	31,973	120,000	133640,794	134112,920	134113,921	134117,245	134117,621	134117,741	134118,692	49000,794	49272,920	49273,921	49277,245	49277,621	49277,741	49278,692	12,047	12,610	0,810	0,732	13,440	13,440	6,835	6,908	1,000	856,000	210,000	868,978	215,467
520,000	910,000	1430,000	0,961	15,385	39,262	10,000	35,689	17,434	24,243	0,937	30,745	140,000	133640,794	134122,498	134123,498	134124,565	134125,092	134125,232	134126,012	49000,794	49282,498	49283,498	49284,565	49285,092	49285,232	49286,012	11,863	13,148	0,479	0,885	13,440	13,440	3,464	6,109	1,000	835,000	212,000	868,978	215,467
320,000	1070,000	1390,000	0,778	19,626	55,108	8,000	36,993	17,347	19,807	5,373	33,389	210,000	133640,794	134130,032	134131,032	134132,380	134132,701	134132,911	134133,781	49000,794	49290,032	49291,032	49292,380	49292,701	49292,911	49293,781	12,291	12,601	3,574	4,274	13,440	13,440	32,333	33,255	1,000	843,000	225,000	868,978	215,467
350,000	1080,000	1430,000	0,512	20,370	39,902	11,000	36,719	17,799	19,920	5,260	32,484	220,000	133640,794	134136,850	134137,850	134141,137	134141,492	134141,712	134142,582	49000,794	49296,850	49297,850	49301,137	49301,492	49301,712	49302,582	12,851	12,818	3,547	4,118	13,440	13,440	25,834	27,490	1,000	858,000	230,000	868,978	215,467
480,000	950,000	1430,000	1,110	14,737	35,167	12,000	37,940	16,340	22,145	3,035	33,170	140,000	133640,794	134146,232	134147,233	134150,047	134150,531	134150,671	134151,491	49000,794	49306,232	49307,233	49310,047	49310,531	49310,671	49311,491	11,973	11,476	2,033	2,344	13,440	13,440	18,821	18,155	1,000	854,000	252,000	868,978	215,467
380,000	1050,000	1430,000	0,358	21,905	39,427	10,000	36,013	18,469	19,522	5,659	32,439	230,000	133640,794	134158,917	134159,917	134201,709	134202,091	134202,321	134203,152	49000,794	49318,917	49319,917	49321,709	49322,091	49322,321	49323,152	12,874	13,642	3,844	4,451	13,440	13,440	29,468	30,376	1,000	858,000	209,000	868,978	215,467
400,000	400,000	800,000	10,173	52,500	29,125	2,000	35,089	8,084	21,661	3,519	33,455	210,000	133640,794	134206,315	134207,316	134211,043	134211,453	134211,663	134211,862	49000,794	49326,315	49327,316	49331,043	49331,453	49331,663	49331,862	6,100	5,675	2,800	2,539	13,440	13,440	8,691	16,365	1,000	614,000	472,000	868,978	215,467
420,000	900,000	1320,000	0,148	24,444	35,110	6,000	37,630	17,979	21,421	3,760	33,067	220,000	133640,794	134221,541	134222,540	134226,483	134226,911	134227,131	134227,821	49000,794	49341,541	49342,540	49346,483	49346,911	49347,131	49347,821	13,082	12,802	2,668	2,934	13,440	13,440	18,488	24,489	1,000	865,000	212,000	868,978	215,467
