30,000	20,000	50,000	20,322	0,000	0,000	0,000	27,111	0,000	25,180	0,000	27,111	0,000	101622,393	101641,107	101642,122	101644,373	101644,573	101644,573	101644,603	36982,393	37001,108	37002,122	37004,373	37004,573	37004,573	37004,603	0,000	0,000	0,000	0,000	13,440	13,440	NaN	NaN	1,000	385,000	752,000	868,978	215,467
980,000	450,000	1430,000	11,958	37,778	14,355	3,000	31,544	4,993	23,270	1,910	31,025	170,000	101622,393	101645,538	101646,538	101647,876	101648,863	101649,033	101649,323	36982,393	37005,538	37006,538	37007,877	37008,863	37009,033	37009,323	2,706	4,234	0,972	1,657	13,440	13,440	1,942	11,190	1,000	541,000	486,000	868,978	215,467
360,000	1070,000	1430,000	0,523	16,822	25,844	12,000	36,959	17,516	22,132	3,048	30,637	180,000	101622,393	101656,060	101657,060	101658,448	101658,815	101658,995	101659,893	36982,393	37016,060	37017,060	37018,448	37018,815	37018,995	37019,893	12,712	12,546	1,664	2,634	13,440	13,440	14,565	17,172	1,000	853,000	225,000	868,978	215,467
400,000	1030,000	1430,000	0,524	20,388	33,581	8,000	37,425	18,154	22,172	3,008	31,159	210,000	101622,393	101701,636	101702,636	101705,600	101706,004	101706,214	101707,042	36982,393	37021,637	37022,636	37025,600	37026,004	37026,214	37027,042	13,299	12,915	1,787	2,476	13,440	13,440	6,116	14,771	1,000	886,000	223,000	868,978	215,467
350,000	740,000	1090,000	0,119	45,946	51,824	4,000	36,950	17,827	13,176	12,004	34,946	340,000	101622,393	101708,064	101709,065	101710,789	101711,143	101711,483	101711,893	36982,393	37028,064	37029,065	37030,789	37031,143	37031,483	37031,893	12,353	13,053	7,845	9,297	13,440	13,440	32,888	38,068	1,000	865,000	214,000	868,978	215,467
320,000	1110,000	1430,000	4,713	16,216	39,952	7,000	37,537	21,838	21,132	4,048	31,163	180,000	101622,393	101713,041	101714,040	101715,971	101716,303	101716,483	101717,424	36982,393	37033,041	37034,040	37035,971	37036,303	37036,483	37037,424	15,665	15,873	2,474	3,323	13,440	13,440	5,948	23,359	1,000	738,000	320,000	868,978	215,467
240,000	1190,000	1430,000	8,148	27,731	51,757	9,000	38,211	24,489	18,373	6,807	32,440	330,000	101622,393	101718,021	101719,020	101720,716	101720,963	101721,293	101722,162	36982,393	37038,021	37039,020	37040,716	37040,963	37041,293	37042,162	17,687	17,694	4,314	5,539	13,440	13,440	4,707	26,972	1,000	658,000	414,000	868,978	215,467
30,000	800,000	830,000	0,494	17,500	35,922	8,000	44,205	13,992	24,835	0,345	43,452	140,000	101622,393	101722,828	101723,828	101725,416	101725,616	101725,756	101726,423	36982,393	37042,828	37043,828	37045,416	37045,616	37045,756	37046,423	10,014	9,731	0,257	0,219	13,440	13,440	1,858	0,761	1,000	868,000	233,000	868,978	215,467
300,000	20,000	320,000	18,605	0,000	0,000	0,000	30,469	0,000	25,180	0,000	30,469	0,000	101622,393	101727,586	101728,587	101730,420	101730,723	101730,723	101730,752	36982,393	37047,586	37048,587	37050,420	37050,723	37050,723	37050,752	0,000	0,000	0,000	0,000	13,440	13,440	NaN	NaN	1,000	403,000	685,000	868,978	215,467
370,000	1060,000	1430,000	0,478	26,415	52,189	8,000	34,620	18,763	17,144	8,036	31,831	280,000	101622,393	101732,583	101733,584	101736,759	101737,132	101737,412	101738,204	36982,393	37052,583	37053,584	37056,759	37057,132	37057,412	37058,204	12,657	14,175	5,218	6,442	13,440	13,440	31,657	31,134	1,000	852,000	216,000	868,978	215,467
350,000	1080,000	1430,000	10,378	22,222	51,234	8,000	40,057	29,529	17,357	7,823	34,414	240,000	101622,393	101739,243	101740,243	101741,650	101742,003	101742,243	101743,095	36982,393	37059,243	37060,243	37061,650	37062,003	37062,243	37063,095	21,734	20,758	5,306	6,069	13,440	13,440	0,740	34,643	1,000	599,000	467,000	868,978	215,467
320,000	860,000	1180,000	0,542	70,930	51,083	4,000	45,542	16,195	10,649	14,531	45,409	610,000	101622,393	101743,686	101744,687	101746,449	101746,772	101747,382	101747,643	36982,393	37063,686	37064,687	37066,449	37066,772	37067,382	37067,643	11,760	10,974	10,502	9,924	13,440	13,440	7,528	0,452	1,000	861,000	233,000	868,978	215,467
70,000	1360,000	1430,000	11,306	9,559	47,916	13,000	38,909	27,383	25,113	0,067	30,546	130,000	101622,393	101748,263	101749,263	101752,783	101752,984	101753,114	101754,353	36982,393	37068,263	37069,263	37072,783	37072,984	37073,114	37074,353	20,004	19,620	0,132	0,028	13,440	13,440	41,840	0,287	1,000	583,000	498,000	868,978	215,467
320,000	1110,000	1430,000	1,266	14,414	43,541	10,000	36,272	19,630	21,360	3,820	29,930	160,000	101622,393	101757,818	101758,818	101800,504	101800,834	101800,994	101801,952	36982,393	37077,818	37078,818	37080,504	37080,834	37080,994	37081,952	13,988	14,324	2,221	3,193	13,440	13,440	28,697	28,692	1,000	835,000	245,000	868,978	215,467
380,000	1050,000	1430,000	6,725	14,286	50,809	7,000	39,363	23,065	20,955	4,225	31,852	150,000	101622,393	101802,965	101803,965	101806,420	101806,803	101806,953	101807,863	36982,393	37082,965	37083,965	37086,420	37086,803	37086,953	37087,863	17,270	16,124	2,509	3,495	13,440	13,440	3,260	26,255	1,000	690,000	374,000	868,978	215,467
400,000	1030,000	1430,000	1,055	14,563	33,253	10,000	37,821	17,656	22,015	3,165	32,536	150,000	101622,393	101813,643	101814,644	101816,517	101816,922	101817,072	101817,963	36982,393	37093,643	37094,644	37096,517	37096,922	37097,072	37097,963	12,622	12,661	1,893	2,588	13,440	13,440	22,425	23,187	1,000	839,000	238,000	868,978	215,467
410,000	920,000	1330,000	0,282	15,217	42,403	8,000	37,344	18,271	21,644	3,536	32,572	140,000	101622,393	101818,822	101819,822	101822,003	101822,424	101822,564	101823,353	36982,393	37098,822	37099,822	37102,003	37102,424	37102,564	37103,353	12,968	13,165	2,235	2,846	13,440	13,440	25,059	26,644	1,000	879,000	216,000	868,978	215,467
350,000	1080,000	1430,000	3,418	18,519	44,607	15,000	37,862	21,581	19,245	5,935	32,093	200,000	101622,393	101824,083	101825,083	101827,351	101827,704	101827,904	101828,792	36982,393	37104,083	37105,083	37107,351	37107,704	37107,904	37108,792	15,651	15,488	3,736	4,788	13,440	13,440	17,970	28,890	1,000	773,000	290,000	868,978	215,467
340,000	830,000	1170,000	0,556	22,892	41,467	6,000	37,271	17,507	19,913	5,267	33,087	190,000	101622,393	101829,407	101830,407	101832,609	101832,952	101833,142	101833,792	36982,393	37109,407	37110,407	37112,609	37112,952	37113,142	37113,792	12,487	12,573	3,351	4,215	13,440	13,440	24,133	26,344	1,000	866,000	235,000	868,978	215,467
310,000	1120,000	1430,000	6,312	15,179	50,077	5,000	37,863	22,305	20,571	4,609	30,207	170,000	101622,393	101834,700	101835,702	101837,881	101838,204	101838,374	101839,333	36982,393	37114,700	37115,702	37117,881	37118,204	37118,374	37119,333	16,453	15,943	2,633	3,889	13,440	13,440	2,673	26,301	1,000	694,000	356,000	868,978	215,467
320,000	1110,000	1430,000	15,808	13,514	66,012	8,000	40,381	33,261	21,098	4,083	31,870	150,000	101622,393	101839,982	101840,982	101844,697	101845,024	101845,174	101846,143	36982,393	37119,982	37120,982	37124,697	37125,024	37125,174	37126,143	24,776	23,162	2,622	3,334	13,440	13,440	4,392	32,149	1,000	460,000	601,000	868,978	215,467
330,000	1100,000	1430,000	9,178	14,545	45,417	8,000	39,820	24,643	20,506	4,674	32,909	160,000	101622,393	101846,731	101847,732	101849,940	101850,274	101850,434	101851,382	36982,393	37126,731	37127,732	37129,940	37130,274	37130,434	37131,382	18,571	17,124	3,121	3,683	13,440	13,440	6,186	31,955	1,000	638,000	446,000	868,978	215,467
370,000	920,000	1290,000	0,562	23,913	46,214	8,000	37,166	18,703	17,748	7,432	34,146	220,000	101622,393	101853,107	101854,109	101855,370	101855,743	101855,963	101856,673	36982,393	37133,107	37134,109	37135,370	37135,743	37135,963	37136,673	13,308	13,476	5,151	5,688	13,440	13,440	30,111	35,200	1,000	886,000	205,000	868,978	215,467
440,000	650,000	1090,000	0,058	98,462	54,861	0,000	37,260	18,027	7,153	18,027	37,260	640,000	101622,393	101857,666	101858,666	101900,056	101900,503	101901,143	101901,164	36982,393	37137,666	37138,666	37140,056	37140,503	37141,143	37141,164	12,857	12,971	12,859	12,972	13,440	13,440	NaN	6,437	1,000	871,000	215,000	868,978	215,467
360,000	1070,000	1430,000	3,729	14,019	45,101	9,000	39,247	19,091	20,986	4,194	33,386	150,000	101622,393	101901,793	101902,794	101905,305	101905,674	101905,824	101906,753	36982,393	37141,793	37142,794	37145,305	37145,674	37145,824	37146,753	14,142	13,374	2,587	3,368	13,440	13,440	17,001	25,322	1,000	766,000	299,000	868,978	215,467
390,000	750,000	1140,000	0,535	21,333	45,414	6,000	37,363	18,513	20,910	4,270	32,245	160,000	101622,393	101907,349	101908,349	101909,849	101910,245	101910,405	101911,004	36982,393	37147,349	37148,349	37149,849	37150,245	37150,405	37151,004	13,416	13,191	2,733	3,421	13,440	13,440	27,119	29,331	1,000	888,000	215,000	868,978	215,467
330,000	790,000	1120,000	0,090	21,519	46,184	8,000	36,399	18,350	20,347	4,833	31,918	170,000	101622,393	101911,908	101912,909	101916,211	101916,552	101916,722	101917,352	36982,393	37151,908	37152,909	37156,211	37156,552	37156,722	37157,352	12,883	13,390	3,036	3,918	13,440	13,440	25,875	28,445	1,000	867,000	218,000	868,978	215,467
360,000	1070,000	1430,000	10,644	13,084	55,423	5,000	38,959	27,764	21,038	4,142	31,294	140,000	101622,393	101918,124	101919,123	101921,442	101921,814	101921,954	101922,893	36982,393	37158,124	37159,123	37161,442	37161,814	37161,954	37162,893	20,364	19,750	2,538	3,401	13,440	13,440	4,116	29,026	1,000	588,000	469,000	868,978	215,467
240,000	840,000	1080,000	0,284	44,048	50,758	6,000	36,286	18,472	14,057	11,124	33,784	370,000	101622,393	101923,481	101924,482	101926,148	101926,394	101926,764	101927,243	36982,393	37163,481	37164,482	37166,148	37166,394	37166,764	37167,243	13,165	13,446	7,553	8,654	13,440	13,440	39,629	40,277	1,000	859,000	214,000	868,978	215,467
380,000	1050,000	1430,000	0,469	25,714	41,373	7,000	38,387	18,261	16,314	8,866	35,416	270,000	101622,393	101928,403	101929,403	101930,717	101931,102	101931,372	101932,163	36982,393	37168,403	37169,403	37170,717	37171,103	37171,373	37172,164	13,349	12,763	6,168	6,605	13,440	13,440	34,848	33,205	1,000	880,000	228,000	868,978	215,467
360,000	650,000	1010,000	0,198	24,615	48,805	4,000	36,536	18,595	20,606	4,574	30,924	160,000	101622,393	101933,024	101934,024	101937,691	101938,053	101938,213	101938,712	36982,393	37173,024	37174,024	37177,691	37178,053	37178,213	37178,712	13,136	13,528	2,713	3,782	13,440	13,440	31,185	32,383	1,000	876,000	215,000	868,978	215,467
350,000	870,000	1220,000	0,313	39,080	54,768	6,000	36,399	19,127	14,298	10,882	34,412	340,000	101622,393	101939,609	101940,609	101943,042	101943,392	101943,732	101944,273	36982,393	37179,609	37180,609	37183,042	37183,392	37183,732	37184,273	13,868	13,784	7,972	8,101	13,440	13,440	42,267	46,147	1,000	880,000	214,000	868,978	215,467
380,000	730,000	1110,000	0,469	41,096	51,219	3,000	38,009	17,668	13,680	11,500	36,253	300,000	101622,393	101944,880	101945,880	101948,503	101948,892	101949,192	101949,633	36982,393	37184,880	37185,880	37188,503	37188,892	37189,192	37189,633	12,799	12,489	8,135	8,549	13,440	13,440	46,044	45,616	1,000	880,000	228,000	868,978	215,467
310,000	1120,000	1430,000	16,501	25,000	62,223	8,000	39,429	33,710	13,271	11,910	34,339	280,000	101622,393	101950,917	101951,917	101954,235	101954,553	101954,833	101955,682	36982,393	37190,918	37191,917	37194,235	37194,553	37194,833	37195,682	24,245	24,139	7,883	9,268	13,440	13,440	1,412	46,186	1,000	445,000	621,000	868,978	215,467
290,000	1140,000	1430,000	12,672	28,947	59,495	5,000	39,459	27,608	11,662	13,518	35,234	330,000	101622,393	101956,431	101957,431	101959,468	101959,762	101960,092	102000,912	36982,393	37196,431	37197,431	37199,468	37199,762	37200,092	37200,912	20,509	19,514	9,483	10,127	13,440	13,440	7,040	46,487	1,000	536,000	519,000	868,978	215,467
390,000	1040,000	1430,000	8,554	14,423	46,916	7,000	39,617	23,133	19,783	5,397	33,145	150,000	101622,393	102001,515	102002,515	102006,494	102006,892	102007,042	102007,943	36982,393	37201,515	37202,515	37206,494	37206,892	37207,042	37207,943	17,119	16,265	3,325	4,354	13,440	13,440	11,076	40,366	1,000	643,000	419,000	868,978	215,467
340,000	1090,000	1430,000	9,763	23,853	59,152	6,000	39,925	24,899	14,912	10,268	35,201	260,000	101622,393	102008,546	102009,546	102013,086	102013,434	102013,694	102014,533	36982,393	37208,546	37209,546	37213,086	37213,434	37213,694	37214,533	18,735	17,328	7,210	7,789	13,440	13,440	20,576	45,363	1,000	614,000	451,000	868,978	215,467
130,000	1300,000	1430,000	10,639	15,385	57,519	10,000	39,268	28,271	25,063	0,117	29,571	200,000	101622,393	102015,292	102016,291	102017,397	102017,598	102017,798	102018,904	36982,393	37215,292	37216,291	37217,397	37217,598	37217,798	37218,904	21,194	19,879	0,194	0,063	13,440	13,440	28,200	0,254	1,000	591,000	472,000	868,978	215,467
30,000	1400,000	1430,000	0,846	9,286	44,328	15,000	37,628	18,491	24,939	0,241	30,607	130,000	101622,393	102019,870	102020,872	102022,508	102022,709	102022,839	102024,112	36982,393	37219,870	37220,872	37222,508	37222,709	37222,839	37224,112	13,602	13,117	0,257	0,180	13,440	13,440	1,589	1,228	1,000	847,000	236,000	868,978	215,467
330,000	760,000	1090,000	0,240	18,421	57,077	8,000	37,463	17,668	20,690	4,490	32,728	140,000	101622,393	102025,195	102026,194	102028,228	102028,563	102028,703	102029,333	36982,393	37225,195	37226,194	37228,228	37228,563	37228,703	37229,333	12,630	12,658	2,984	3,523	13,440	13,440	34,895	37,310	1,000	869,000	224,000	868,978	215,467
