30,000	590,000	620,000	0,789	50,847	6,946	3,000	69,053	1,823	23,897	1,283	70,437	300,000	152829,269	152901,168	152902,168	152903,594	152903,795	152904,095	152904,387	55709,269	55741,168	55742,168	55743,594	55743,795	55744,095	55744,387	1,294	1,718	1,014	0,984	13,440	13,440	2,811	2,841	1,000	896,000	223,000	868,978	215,467
30,000	100,000	130,000	19,142	0,000	0,608	0,000	29,657	0,042	25,180	0,000	29,470	0,000	152829,269	152910,686	152911,687	152913,708	152913,909	152913,909	152914,018	55709,269	55750,686	55751,687	55753,708	55753,909	55753,909	55754,018	0,086	0,000	0,003	0,000	13,440	13,440	0,525	NaN	1,000	390,000	699,000	868,978	215,467
30,000	80,000	110,000	0,707	0,000	0,906	0,000	76,599	0,063	25,178	0,002	76,904	0,000	152829,269	152914,610	152915,609	152917,654	152917,855	152917,855	152917,936	55709,269	55754,610	55755,610	55757,654	55757,855	55757,855	55757,936	0,030	0,030	0,000	0,000	13,440	13,440	0,592	NaN	1,000	894,000	213,000	868,978	215,467
460,000	970,000	1430,000	4,249	37,113	18,951	8,000	34,199	13,728	20,168	5,013	31,760	360,000	152829,269	152920,447	152921,448	152923,697	152924,167	152924,527	152925,147	55709,269	55760,447	55761,448	55763,697	55764,167	55764,527	55765,147	8,910	10,607	3,013	4,065	13,440	13,440	3,928	13,352	1,000	737,000	289,000	868,978	215,467
500,000	930,000	1430,000	4,454	37,634	19,054	12,000	34,347	13,409	20,315	4,865	31,361	350,000	152829,269	152928,271	152929,271	152931,300	152931,807	152932,157	152932,748	55709,269	55768,271	55769,271	55771,300	55771,807	55772,157	55772,748	8,850	10,283	2,907	3,963	13,440	13,440	4,795	16,576	1,000	737,000	303,000	868,978	215,467
470,000	960,000	1430,000	5,549	15,625	19,061	15,000	34,024	12,390	23,735	1,445	30,819	150,000	152829,269	152936,505	152937,506	152940,571	152941,048	152941,198	152942,017	55709,269	55776,505	55777,506	55780,571	55781,048	55781,198	55782,017	8,109	9,532	0,807	1,213	13,440	13,440	0,680	10,279	1,000	712,000	335,000	868,978	215,467
550,000	880,000	1430,000	8,259	34,091	16,703	9,000	33,339	9,702	21,760	3,420	31,553	300,000	152829,269	152945,247	152946,247	152949,390	152949,948	152950,247	152950,836	55709,269	55785,247	55786,247	55789,390	55789,948	55790,248	55790,836	6,202	7,572	2,097	2,747	13,440	13,440	5,550	14,184	1,000	643,000	403,000	868,978	215,467
680,000	750,000	1430,000	9,271	28,000	15,662	9,000	32,863	8,793	23,516	1,664	30,430	210,000	152829,269	152957,282	152958,282	153000,647	153001,339	153001,549	153002,097	55709,269	55797,282	55798,282	55800,647	55801,339	55801,549	55802,097	5,693	6,851	0,966	1,392	13,440	13,440	2,335	9,494	1,000	617,000	428,000	868,978	215,467
620,000	810,000	1430,000	7,853	25,926	15,318	10,000	34,653	9,577	22,986	2,194	31,778	210,000	152829,269	153006,074	153007,076	153009,405	153010,027	153010,237	153010,846	55709,269	55806,074	55807,076	55809,405	55810,027	55810,237	55810,846	6,507	7,240	1,319	1,793	13,440	13,440	0,771	10,718	1,000	663,000	404,000	868,978	215,467
550,000	880,000	1430,000	7,933	14,773	13,396	14,000	34,245	9,575	24,253	0,927	30,994	130,000	152829,269	153014,408	153015,407	153018,030	153018,587	153018,717	153019,476	55709,269	55814,408	55815,407	55818,030	55818,587	55818,717	55819,477	6,507	7,234	0,554	0,746	13,440	13,440	4,373	7,107	1,000	661,000	406,000	868,978	215,467
500,000	930,000	1430,000	6,639	33,333	17,095	8,000	34,397	10,649	22,476	2,705	31,858	310,000	152829,269	153028,114	153029,114	153031,125	153031,627	153031,937	153032,567	55709,269	55828,114	55829,114	55831,125	55831,627	55831,937	55832,567	7,188	8,096	1,735	2,137	13,440	13,440	3,977	10,544	1,000	688,000	367,000	868,978	215,467
570,000	860,000	1430,000	10,985	23,256	13,609	12,000	31,760	7,119	24,331	0,849	28,984	200,000	152829,269	153035,496	153036,497	153039,806	153040,387	153040,587	153041,257	55709,269	55835,496	55836,497	55839,806	55840,387	55840,587	55841,257	4,528	5,652	0,297	0,827	13,440	13,440	5,579	5,609	1,000	571,000	468,000	868,978	215,467
520,000	910,000	1430,000	7,971	39,560	14,530	11,000	34,030	9,962	21,342	3,839	31,252	360,000	152829,269	153044,581	153045,581	153048,435	153048,958	153049,318	153049,877	55709,269	55844,581	55845,581	55848,435	55848,958	55849,318	55849,877	6,922	7,457	2,497	3,016	13,440	13,440	1,605	11,386	1,000	661,000	408,000	868,978	215,467
30,000	20,000	50,000	19,287	0,000	0,000	0,000	29,082	0,000	25,180	0,000	29,082	0,000	152829,269	153053,006	153054,006	153057,017	153057,217	153057,217	153057,248	55709,269	55853,006	55854,006	55857,017	55857,218	55857,218	55857,248	0,000	0,000	0,000	0,000	13,440	13,440	NaN	NaN	1,000	396,000	712,000	868,978	215,467
540,000	890,000	1430,000	7,327	16,854	14,424	12,000	33,821	10,273	23,885	1,295	30,762	150,000	152829,269	153103,556	153104,555	153107,802	153108,347	153108,497	153109,246	55709,269	55863,556	55864,556	55867,802	55868,347	55868,497	55869,246	6,753	7,912	0,764	1,059	13,440	13,440	2,997	8,922	1,000	667,000	380,000	868,978	215,467
520,000	910,000	1430,000	6,852	25,275	17,349	6,000	35,920	10,481	22,055	3,125	33,957	230,000	152829,269	153113,206	153114,206	153117,749	153118,278	153118,508	153119,197	55709,269	55873,206	55874,206	55877,749	55878,278	55878,508	55879,197	7,507	7,578	2,524	2,120	13,440	13,440	6,170	15,896	1,000	699,000	390,000	868,978	215,467
500,000	930,000	1430,000	7,431	21,505	15,736	12,000	34,039	10,297	23,629	1,551	31,070	200,000	152829,269	153123,019	153124,018	153126,620	153127,128	153127,328	153128,067	55709,269	55883,019	55884,018	55886,621	55887,128	55887,328	55888,067	6,938	7,836	1,001	1,224	13,440	13,440	5,922	8,672	1,000	677,000	397,000	868,978	215,467
500,000	930,000	1430,000	7,148	17,204	14,766	14,000	33,296	11,018	23,790	1,390	29,834	160,000	152829,269	153131,944	153132,944	153135,201	153135,707	153135,867	153136,647	55709,269	55891,944	55892,944	55895,201	55895,707	55895,867	55896,647	7,350	8,452	0,831	1,154	13,440	13,440	0,748	9,488	1,000	677,000	382,000	868,978	215,467
450,000	980,000	1430,000	8,369	15,306	12,913	16,000	33,469	9,520	24,332	0,848	30,080	150,000	152829,269	153140,174	153141,174	153144,005	153144,457	153144,607	153145,448	55709,269	55900,174	55901,174	55904,005	55904,457	55904,607	55905,448	6,414	7,253	0,486	0,698	13,440	13,440	6,590	5,539	1,000	651,000	418,000	868,978	215,467
600,000	830,000	1430,000	8,733	16,867	13,209	13,000	32,712	9,373	23,952	1,228	29,980	140,000	152829,269	153150,287	153151,287	153154,838	153155,448	153155,588	153156,288	55709,269	55910,287	55911,287	55914,838	55915,448	55915,588	55916,288	6,066	7,301	0,734	1,005	13,440	13,440	0,944	9,855	1,000	638,000	423,000	868,978	215,467
590,000	840,000	1430,000	9,660	17,857	12,270	11,000	33,541	7,820	24,203	0,978	31,269	150,000	152829,269	153159,952	153200,952	153204,469	153205,068	153205,218	153205,918	55709,269	55919,952	55920,952	55924,469	55925,068	55925,218	55925,918	5,127	6,063	0,599	0,812	13,440	13,440	3,536	6,994	1,000	604,000	434,000	868,978	215,467
500,000	930,000	1430,000	10,514	17,204	11,266	15,000	33,419	7,178	24,438	0,742	30,517	160,000	152829,269	153209,960	153210,959	153214,728	153215,238	153215,398	153216,176	55709,269	55929,960	55930,960	55934,728	55935,238	55935,398	55936,176	4,930	5,446	0,419	0,638	13,440	13,440	4,038	5,049	1,000	598,000	473,000	868,978	215,467
470,000	960,000	1430,000	7,437	20,833	14,872	14,000	34,008	10,373	23,532	1,648	30,826	200,000	152829,269	153219,962	153220,962	153224,379	153224,858	153225,058	153225,828	55709,269	55939,962	55940,962	55944,379	55944,858	55945,058	55945,828	6,989	7,893	0,989	1,349	13,440	13,440	5,206	7,334	1,000	673,000	393,000	868,978	215,467
630,000	800,000	1430,000	12,997	16,250	9,316	12,000	32,373	5,163	24,928	0,252	29,887	130,000	152829,269	153229,670	153230,671	153233,668	153234,310	153234,440	153235,116	55709,269	55949,670	55950,671	55953,668	55954,310	55954,440	55955,116	3,633	3,872	0,155	0,213	13,440	13,440	7,201	1,916	1,000	543,000	543,000	868,978	215,467
570,000	860,000	1430,000	11,712	19,767	9,359	13,000	31,541	6,454	24,164	1,016	30,247	170,000	152829,269	153239,940	153240,940	153243,580	153244,158	153244,328	153245,026	55709,269	55959,940	55960,940	55963,580	55964,158	55964,328	55965,026	3,835	5,258	0,503	0,907	13,440	13,440	1,562	6,065	1,000	549,000	482,000	868,978	215,467
690,000	740,000	1430,000	10,853	22,973	11,854	11,000	33,552	6,547	24,338	0,842	31,398	170,000	152829,269	153250,816	153251,816	153254,437	153255,137	153255,307	153255,887	55709,269	55970,816	55971,816	55974,437	55975,137	55975,307	55975,887	4,379	5,026	0,517	0,705	13,440	13,440	4,066	6,056	1,000	589,000	481,000	868,978	215,467
450,000	980,000	1430,000	9,497	33,673	15,184	8,000	34,425	8,226	23,797	1,383	31,201	330,000	152829,269	153300,817	153301,817	153305,315	153305,767	153306,097	153306,756	55709,269	55980,817	55981,817	55985,315	55985,767	55986,097	55986,757	6,019	5,969	1,061	1,016	13,440	13,440	4,627	6,770	1,000	629,000	453,000	868,978	215,467
650,000	780,000	1430,000	10,088	47,436	14,309	5,000	32,305	8,067	21,437	3,743	30,793	370,000	152829,269	153311,193	153312,193	153315,607	153316,266	153316,636	153317,058	55709,269	55991,193	55992,193	55995,607	55996,267	55996,637	55997,058	5,143	6,378	2,312	3,027	13,440	13,440	0,757	9,673	1,000	602,000	455,000	868,978	215,467
590,000	840,000	1430,000	8,291	20,238	16,953	11,000	33,187	9,724	24,342	0,838	29,603	170,000	152829,269	153321,505	153322,505	153324,255	153324,847	153325,016	153325,697	55709,269	56001,505	56002,505	56004,255	56004,847	56005,017	56005,697	6,566	7,450	0,508	0,698	13,440	13,440	7,022	5,401	1,000	652,000	415,000	868,978	215,467
630,000	800,000	1430,000	8,481	40,000	15,995	10,000	33,177	9,045	22,524	2,656	31,611	320,000	152829,269	153329,003	153330,003	153332,594	153333,226	153333,546	153334,038	55709,269	56009,003	56010,004	56012,594	56013,227	56013,547	56014,038	5,815	7,101	1,784	2,066	13,440	13,440	4,480	10,804	1,000	642,000	414,000	868,978	215,467
570,000	860,000	1430,000	7,393	38,372	17,457	10,000	34,161	10,044	22,144	3,036	31,648	330,000	152829,269	153337,662	153338,663	153342,286	153342,857	153343,187	153343,726	55709,269	56017,662	56018,663	56022,286	56022,857	56023,187	56023,726	7,020	7,533	2,144	2,301	13,440	13,440	5,782	10,423	1,000	677,000	395,000	868,978	215,467
430,000	20,000	450,000	18,844	0,000	0,000	0,000	29,825	0,000	25,180	0,000	29,825	0,000	152829,269	153347,066	153348,066	153351,602	153352,037	153352,037	153352,068	55709,269	56027,066	56028,066	56031,602	56032,037	56032,037	56032,068	0,000	0,000	0,000	0,000	13,440	13,440	NaN	NaN	1,000	395,000	689,000	868,978	215,467
420,000	20,000	440,000	18,466	0,000	0,000	0,000	30,778	0,000	25,180	0,000	30,778	0,000	152829,269	153357,199	153358,198	153401,578	153402,007	153402,007	153402,036	55709,269	56037,199	56038,198	56041,578	56042,007	56042,007	56042,037	0,000	0,000	0,000	0,000	13,440	13,440	NaN	NaN	1,000	405,000	680,000	868,978	215,467
670,000	760,000	1430,000	12,613	26,316	11,248	10,000	30,779	6,036	24,238	0,942	29,112	200,000	152829,269	153407,491	153408,491	153412,017	153412,697	153412,897	153413,467	55709,269	56047,491	56048,491	56052,017	56052,697	56052,897	56053,467	3,613	4,918	0,422	0,865	13,440	13,440	2,648	5,970	1,000	537,000	517,000	868,978	215,467
710,000	720,000	1430,000	9,061	18,056	13,749	11,000	34,260	8,109	24,050	1,130	32,276	130,000	152829,269	153421,935	153422,936	153426,674	153427,389	153427,519	153428,116	55709,269	56061,935	56062,936	56066,674	56067,389	56067,519	56068,116	5,350	6,225	0,764	0,885	13,440	13,440	2,021	9,389	1,000	626,000	427,000	868,978	215,467
860,000	570,000	1430,000	15,841	24,561	7,285	3,000	30,620	2,484	24,693	0,487	29,445	140,000	152829,269	153435,770	153436,771	153440,275	153441,136	153441,277	153441,717	55709,269	56075,770	56076,771	56080,275	56081,137	56081,277	56081,717	1,578	1,980	0,175	0,457	13,440	13,440	1,886	3,164	1,000	468,000	611,000	868,978	215,467
450,000	60,000	510,000	19,023	0,000	0,576	0,000	29,326	0,025	25,180	0,000	29,362	0,000	152829,269	153445,858	153446,858	153450,817	153451,277	153451,277	153451,349	55709,269	56085,858	56086,858	56090,817	56091,277	56091,277	56091,349	0,000	0,029	0,000	0,000	13,440	13,440	0,055	NaN	1,000	391,000	694,000	868,978	215,467
900,000	530,000	1430,000	12,158	37,736	15,668	3,000	31,255	5,820	23,609	1,571	29,185	200,000	152829,269	153457,199	153458,200	153459,369	153500,278	153500,478	153500,816	55709,269	56097,199	56098,200	56099,369	56100,278	56100,478	56100,816	3,734	4,611	0,759	1,395	13,440	13,440	6,524	7,973	1,000	548,000	505,000	868,978	215,467
610,000	820,000	1430,000	11,199	15,854	13,550	10,000	31,568	6,996	24,457	0,723	29,119	130,000	152829,269	153505,814	153506,814	153509,311	153509,928	153510,058	153510,757	55709,269	56105,814	56106,814	56109,311	56109,928	56110,058	56110,757	4,431	5,560	0,300	0,679	13,440	13,440	5,215	6,394	1,000	567,000	475,000	868,978	215,467
960,000	470,000	1430,000	15,587	31,915	11,323	5,000	30,317	2,562	24,827	0,353	29,320	150,000	152829,269	153514,684	153515,684	153518,522	153519,486	153519,636	153519,967	55709,269	56114,684	56115,684	56118,523	56119,486	56119,636	56119,967	1,514	2,128	0,122	0,344	13,440	13,440	7,578	1,823	1,000	467,000	597,000	868,978	215,467
