400,000	1030,000	1430,000	1,456	17,476	26,484	9,000	39,367	16,005	22,315	2,865	33,219	180,000	113015,360	113031,514	113032,522	113035,999	113036,403	113036,583	113037,444	41415,361	41431,514	41432,522	41435,999	41436,403	41436,583	41437,444	12,657	10,638	2,196	2,062	13,440	13,440	5,736	12,964	1,000	874,000	267,000	868,978	215,467
350,000	1080,000	1430,000	0,374	12,037	37,642	12,000	39,220	17,792	21,859	3,321	34,007	130,000	113015,360	113039,054	113040,054	113042,037	113042,394	113042,523	113043,483	41415,361	41439,054	41440,054	41442,037	41442,394	41442,524	41443,483	13,330	12,217	2,348	2,519	13,440	13,440	26,386	27,295	1,000	858,000	223,000	868,978	215,467
320,000	1110,000	1430,000	10,972	31,532	48,644	11,000	40,709	28,036	12,389	12,791	36,920	350,000	113015,360	113044,588	113045,587	113046,615	113046,943	113047,293	113048,063	41415,361	41444,588	41445,587	41446,615	41446,944	41447,294	41448,063	21,098	19,330	9,404	9,242	13,440	13,440	3,399	37,957	1,000	586,000	484,000	868,978	215,467
380,000	1050,000	1430,000	0,324	22,857	33,810	11,000	38,622	16,836	22,373	2,807	34,429	240,000	113015,360	113048,651	113049,652	113051,770	113052,154	113052,394	113053,214	41415,361	41448,651	41449,652	41451,770	41452,154	41452,394	41453,214	12,260	11,849	1,999	2,057	13,440	13,440	7,024	10,251	1,000	869,000	227,000	868,978	215,467
380,000	1050,000	1430,000	0,722	19,048	36,242	10,000	37,053	16,989	22,815	2,365	31,398	200,000	113015,360	113101,001	113102,000	113105,952	113106,332	113106,532	113107,392	41415,361	41461,001	41462,000	41465,952	41466,332	41466,532	41467,392	12,231	12,236	1,408	1,938	13,440	13,440	4,829	10,957	1,000	855,000	237,000	868,978	215,467
380,000	1050,000	1430,000	0,353	28,571	41,650	8,000	37,385	18,655	18,003	7,177	32,901	300,000	113015,360	113109,307	113110,308	113111,892	113112,283	113112,583	113113,342	41415,361	41469,308	41470,308	41471,892	41472,283	41472,583	41473,342	13,941	13,078	4,962	5,508	13,440	13,440	29,326	31,017	1,000	869,000	228,000	868,978	215,467
360,000	1070,000	1430,000	0,695	15,888	37,603	9,000	37,117	18,318	21,968	3,212	31,804	170,000	113015,360	113114,328	113115,329	113119,211	113119,572	113119,742	113120,652	41415,361	41474,328	41475,329	41479,211	41479,572	41479,742	41480,652	13,159	13,174	2,049	2,601	13,440	13,440	19,773	19,551	1,000	849,000	230,000	868,978	215,467
460,000	830,000	1290,000	0,329	19,277	47,954	7,000	37,091	18,156	21,942	3,238	32,430	160,000	113015,360	113121,302	113122,302	113123,919	113124,382	113124,542	113125,222	41415,361	41481,302	41482,302	41483,919	41484,382	41484,542	41485,222	12,996	13,053	2,213	2,520	13,440	13,440	18,647	19,917	1,000	877,000	224,000	868,978	215,467
390,000	1040,000	1430,000	0,198	31,731	46,966	6,000	36,980	18,367	16,873	8,307	34,238	330,000	113015,360	113126,184	113127,184	113130,101	113130,494	113130,824	113131,543	41415,361	41486,184	41487,184	41490,101	41490,494	41490,824	41491,544	13,078	13,257	5,724	6,383	13,440	13,440	32,498	32,186	1,000	876,000	216,000	868,978	215,467
360,000	1070,000	1430,000	4,946	12,150	38,335	11,000	38,952	20,814	21,968	3,212	31,870	130,000	113015,360	113132,599	113133,599	113134,751	113135,113	113135,243	113136,193	41415,361	41492,599	41493,599	41494,751	41495,113	41495,243	41496,194	15,716	14,481	2,134	2,518	13,440	13,440	7,461	24,393	1,000	740,000	335,000	868,978	215,467
430,000	1000,000	1430,000	0,013	17,000	38,184	9,000	37,394	17,738	22,232	2,948	32,793	170,000	113015,360	113149,098	113150,098	113153,279	113153,714	113153,884	113154,722	41415,361	41509,098	41510,098	41513,279	41513,714	41513,884	41514,722	12,713	12,745	2,019	2,273	13,440	13,440	15,244	14,451	1,000	869,000	215,000	868,978	215,467
310,000	1060,000	1370,000	0,429	23,585	43,417	11,000	36,546	18,255	21,695	3,485	31,442	250,000	113015,360	113156,418	113157,418	113200,213	113200,535	113200,785	113201,603	41415,361	41516,418	41517,418	41520,213	41520,535	41520,785	41521,603	13,080	13,220	2,305	2,804	13,440	13,440	19,611	19,954	1,000	859,000	227,000	868,978	215,467
320,000	1110,000	1430,000	0,134	16,216	30,188	12,000	37,102	18,205	21,020	4,160	31,766	180,000	113015,360	113204,271	113205,271	113209,203	113209,533	113209,712	113210,652	41415,361	41524,271	41525,271	41529,203	41529,533	41529,713	41530,652	13,072	13,102	2,524	3,395	13,440	13,440	26,382	26,550	1,000	873,000	218,000	868,978	215,467
720,000	710,000	1430,000	0,609	22,535	39,509	6,000	36,807	17,104	22,374	2,806	32,036	160,000	113015,360	113212,999	113213,998	113215,008	113215,732	113215,892	113216,452	41415,361	41532,999	41533,998	41535,009	41535,732	41535,892	41536,453	12,193	12,347	1,856	2,197	13,440	13,440	1,608	18,014	1,000	855,000	232,000	868,978	215,467
310,000	1030,000	1340,000	0,699	16,505	29,832	12,000	36,918	17,541	21,986	3,194	31,784	170,000	113015,360	113218,437	113219,437	113221,725	113222,042	113222,212	113223,086	41415,361	41538,437	41539,437	41541,725	41542,042	41542,212	41543,086	12,633	12,575	2,068	2,541	13,440	13,440	18,719	22,632	1,000	855,000	236,000	868,978	215,467
410,000	1020,000	1430,000	0,637	13,725	33,009	8,000	38,114	18,417	21,889	3,291	33,402	140,000	113015,360	113225,305	113226,305	113229,280	113229,696	113229,836	113230,723	41415,361	41545,305	41546,305	41549,280	41549,696	41549,836	41550,723	13,418	12,997	2,142	2,595	13,440	13,440	23,315	25,662	1,000	890,000	207,000	868,978	215,467
380,000	1050,000	1430,000	0,192	17,143	38,783	10,000	37,761	17,514	20,406	4,774	32,962	180,000	113015,360	113233,381	113234,383	113238,125	113238,512	113238,692	113239,572	41415,361	41553,381	41554,383	41558,125	41558,512	41558,692	41559,572	12,678	12,433	2,978	3,845	13,440	13,440	25,903	26,877	1,000	867,000	222,000	868,978	215,467
410,000	1010,000	1420,000	0,341	12,871	36,188	12,000	38,230	17,371	22,046	3,134	33,926	130,000	113015,360	113242,045	113243,045	113245,912	113246,332	113246,462	113247,353	41415,361	41562,045	41563,045	41565,912	41566,332	41566,462	41567,353	12,544	12,263	2,149	2,387	13,440	13,440	25,014	22,643	1,000	875,000	226,000	868,978	215,467
360,000	1070,000	1430,000	0,184	15,888	33,697	10,000	37,194	18,274	21,645	3,535	31,859	170,000	113015,360	113249,029	113250,029	113251,891	113252,253	113252,423	113253,333	41415,361	41569,029	41570,029	41571,891	41572,253	41572,423	41573,333	13,303	13,051	2,367	2,829	13,440	13,440	22,745	24,112	1,000	875,000	218,000	868,978	215,467
380,000	1050,000	1430,000	0,173	16,190	36,169	8,000	36,878	18,412	21,778	3,402	31,688	170,000	113015,360	113254,783	113255,782	113259,591	113259,973	113260,143	113301,033	41415,361	41574,783	41575,782	41579,591	41579,973	41580,143	41581,033	13,334	13,173	2,323	2,662	13,440	13,440	19,444	23,741	1,000	874,000	219,000	868,978	215,467
480,000	950,000	1430,000	0,321	18,947	33,360	8,000	36,638	17,156	24,520	0,660	31,201	180,000	113015,360	113302,796	113303,798	113305,125	113305,612	113305,792	113306,573	41415,361	41582,796	41583,798	41585,125	41585,612	41585,792	41586,573	12,059	12,584	0,420	0,525	13,440	13,440	4,983	3,407	1,000	859,000	221,000	868,978	215,467
430,000	1000,000	1430,000	0,273	13,000	41,716	7,000	37,578	18,065	22,101	3,079	32,131	130,000	113015,360	113308,582	113309,581	113313,460	113313,894	113314,024	113314,903	41415,361	41588,582	41589,581	41593,460	41593,894	41594,024	41594,903	13,106	12,837	2,091	2,386	13,440	13,440	25,396	25,738	1,000	878,000	219,000	868,978	215,467
350,000	1080,000	1430,000	0,311	15,741	33,304	12,000	36,823	18,551	21,640	3,540	31,052	170,000	113015,360	113316,469	113317,469	113318,957	113319,313	113319,483	113320,402	41415,361	41596,469	41597,469	41598,957	41599,313	41599,483	41600,402	13,698	13,135	2,446	2,719	13,440	13,440	22,668	24,227	1,000	876,000	224,000	868,978	215,467
810,000	620,000	1430,000	0,791	24,194	34,826	8,000	36,886	15,381	22,374	2,806	32,030	150,000	113015,360	113322,454	113323,454	113324,715	113325,532	113325,682	113326,162	41415,361	41602,454	41603,454	41604,715	41605,532	41605,682	41606,162	10,935	11,273	1,699	2,296	13,440	13,440	11,306	20,929	1,000	847,000	233,000	868,978	215,467
380,000	1050,000	1430,000	0,370	14,286	27,958	14,000	38,117	17,162	21,828	3,352	32,856	150,000	113015,360	113328,230	113329,230	113331,516	113331,902	113332,052	113332,963	41415,361	41608,230	41609,230	41611,516	41611,902	41612,052	41612,963	12,605	12,052	2,272	2,544	13,440	13,440	18,347	22,709	1,000	865,000	228,000	868,978	215,467
400,000	1030,000	1430,000	0,090	12,621	35,962	12,000	37,829	17,422	22,295	2,885	33,292	130,000	113015,360	113335,151	113336,153	113337,868	113338,273	113338,403	113339,313	41415,361	41615,151	41616,153	41617,868	41618,273	41618,403	41619,313	12,584	12,375	2,010	2,218	13,440	13,440	20,604	20,255	1,000	867,000	218,000	868,978	215,467
360,000	940,000	1300,000	0,310	13,830	33,987	16,000	38,257	18,097	21,868	3,312	32,909	130,000	113015,360	113341,651	113342,652	113345,556	113345,922	113346,052	113346,872	41415,361	41621,651	41622,653	41625,556	41625,922	41626,052	41626,872	13,528	12,544	2,410	2,495	13,440	13,440	25,954	28,138	1,000	880,000	216,000	868,978	215,467
410,000	1020,000	1430,000	0,220	16,667	33,105	10,000	37,981	17,989	22,354	2,826	33,325	170,000	113015,360	113349,074	113350,074	113351,755	113352,174	113352,344	113353,202	41415,361	41629,074	41630,074	41631,755	41632,174	41632,344	41633,202	12,970	12,798	1,955	2,135	13,440	13,440	7,812	14,151	1,000	876,000	212,000	868,978	215,467
460,000	970,000	1430,000	0,215	19,588	35,543	10,000	37,248	17,536	20,979	4,201	34,054	190,000	113015,360	113354,998	113355,998	113359,729	113400,193	113400,383	113401,173	41415,361	41634,998	41635,998	41639,729	41640,193	41640,383	41641,173	12,376	12,676	3,034	3,131	13,440	13,440	21,681	21,073	1,000	865,000	222,000	868,978	215,467
380,000	1000,000	1380,000	0,147	14,000	30,593	11,000	37,525	17,813	21,573	3,607	33,728	140,000	113015,360	113402,947	113403,948	113405,634	113406,023	113406,163	113407,033	41415,361	41642,948	41643,948	41645,634	41646,024	41646,164	41647,033	12,546	12,855	2,462	2,747	13,440	13,440	26,139	28,073	1,000	874,000	214,000	868,978	215,467
420,000	960,000	1380,000	0,410	30,208	35,222	6,000	36,870	18,653	17,612	7,568	33,194	290,000	113015,360	113408,272	113409,273	113411,593	113412,024	113412,314	113412,993	41415,361	41648,272	41649,273	41651,593	41652,024	41652,314	41652,993	13,247	13,501	4,953	5,910	13,440	13,440	25,634	24,721	1,000	878,000	204,000	868,978	215,467
370,000	900,000	1270,000	0,151	18,889	39,929	8,000	36,625	18,225	20,692	4,488	32,450	170,000	113015,360	113415,686	113416,686	113418,912	113419,293	113419,463	113420,203	41415,361	41655,686	41656,686	41658,912	41659,293	41659,463	41660,203	12,798	13,276	2,942	3,536	13,440	13,440	23,725	25,249	1,000	866,000	211,000	868,978	215,467
450,000	930,000	1380,000	0,397	33,333	40,352	6,000	39,080	17,690	15,477	9,703	37,476	310,000	113015,360	113421,567	113422,567	113426,222	113426,682	113426,992	113427,624	41415,361	41661,567	41662,567	41666,222	41666,682	41666,992	41667,624	13,164	12,150	7,370	6,795	13,440	13,440	31,641	31,619	1,000	873,000	229,000	868,978	215,467
350,000	1020,000	1370,000	0,240	17,647	40,698	12,000	36,610	18,354	21,319	3,861	31,810	180,000	113015,360	113429,390	113430,389	113433,682	113434,033	113434,213	113435,063	41415,361	41669,390	41670,389	41673,682	41674,033	41674,213	41675,063	13,221	13,247	2,714	3,015	13,440	13,440	26,361	27,215	1,000	865,000	223,000	868,978	215,467
380,000	1050,000	1430,000	0,489	17,143	32,000	9,000	37,462	18,478	21,852	3,329	31,963	180,000	113015,360	113436,826	113437,825	113439,404	113439,793	113439,973	113440,853	41415,361	41676,826	41677,825	41679,404	41679,793	41679,973	41680,853	13,614	13,048	2,317	2,556	13,440	13,440	14,201	17,715	1,000	886,000	219,000	868,978	215,467
370,000	1060,000	1430,000	0,149	24,528	47,135	10,000	37,123	18,062	17,573	7,607	35,678	260,000	113015,360	113442,705	113443,705	113446,871	113447,244	113447,504	113448,314	41415,361	41682,706	41683,705	41686,871	41687,244	41687,504	41688,314	12,714	13,163	5,697	5,590	13,440	13,440	35,234	35,282	1,000	873,000	212,000	868,978	215,467
3010,000	20,000	3030,000	18,689	0,000	0,000	0,000	30,502	0,000	25,180	0,000	30,502	0,000	113015,360	113449,500	113450,500	113451,659	113454,674	113454,674	113454,703	41415,361	41689,500	41690,500	41691,659	41694,674	41694,674	41694,703	0,000	0,000	0,000	0,000	13,440	13,440	NaN	NaN	1,000	410,000	696,000	868,978	215,467
490,000	940,000	1430,000	0,186	23,404	42,674	7,000	35,766	18,756	21,240	3,940	30,653	220,000	113015,360	113456,252	113457,252	113459,977	113500,473	113500,693	113501,423	41415,361	41696,252	41697,252	41699,977	41700,473	41700,693	41701,423	13,516	13,668	2,854	3,027	13,440	13,440	18,489	22,667	1,000	870,000	222,000	868,978	215,467
350,000	970,000	1320,000	0,202	22,680	39,074	8,000	37,170	18,077	19,124	6,056	34,302	220,000	113015,360	113503,193	113504,193	113506,760	113507,112	113507,332	113508,092	41415,361	41703,194	41704,193	41706,760	41707,112	41707,332	41708,092	12,630	13,106	4,133	4,547	13,440	13,440	28,501	28,614	1,000	876,000	214,000	868,978	215,467
390,000	1040,000	1430,000	0,257	15,385	41,651	10,000	36,995	18,605	21,502	3,678	31,965	160,000	113015,360	113509,348	113510,348	113513,247	113513,643	113513,803	113514,694	41415,361	41709,348	41710,348	41713,248	41713,643	41713,803	41714,695	13,388	13,351	2,460	2,899	13,440	13,440	25,417	25,265	1,000	878,000	217,000	868,978	215,467
