310,000	1120,000	1430,000	2,887	12,500	22,466	16,000	52,219	15,355	16,672	0,493	56,612	140,000	132929,323	132957,620	132958,620	133000,401	133000,722	133000,862	133001,851	48569,323	48597,620	48598,620	48600,401	48600,722	48600,862	48601,851	10,454	11,772	0,297	0,459	-13,440	13,440	12,606	2,863	1,000	663,000	261,000	571,022	215,467
30,000	1400,000	1430,000	14,161	8,571	6,571	19,000	56,169	2,950	17,109	0,056	58,110	120,000	132929,323	133011,809	133012,810	133014,333	133014,534	133014,654	133015,943	48569,323	48611,809	48612,810	48614,333	48614,534	48614,654	48615,943	1,824	2,628	0,054	0,069	-13,440	13,440	1,236	0,291	1,000	956,000	540,000	571,022	215,467
400,000	1030,000	1430,000	1,308	14,563	34,487	9,000	54,319	16,302	15,837	1,328	57,231	150,000	132929,323	133022,346	133023,348	133025,928	133026,331	133026,481	133027,373	48569,323	48622,346	48623,348	48625,928	48626,331	48626,481	48627,373	12,084	11,231	0,945	1,095	-13,440	13,440	5,022	10,057	1,000	601,000	251,000	571,022	215,467
280,000	1150,000	1430,000	0,170	24,348	29,005	15,000	52,968	18,164	13,654	3,511	55,247	280,000	132929,323	133031,461	133032,461	133034,119	133034,402	133034,682	133035,562	48569,323	48631,461	48632,461	48634,119	48634,402	48634,682	48635,562	13,141	12,909	2,382	2,973	-13,440	13,440	12,227	17,429	1,000	565,000	215,000	571,022	215,467
190,000	1230,000	1420,000	0,189	12,195	60,635	12,000	54,069	19,188	17,088	0,078	57,416	150,000	132929,323	133038,822	133039,822	133043,717	133043,918	133044,068	133045,151	48569,323	48638,822	48639,822	48643,717	48643,918	48644,068	48645,151	14,375	12,967	0,057	0,054	-13,440	13,440	4,095	0,501	1,000	576,000	220,000	571,022	215,467
410,000	1020,000	1430,000	1,424	12,745	24,927	8,000	53,529	15,287	16,396	0,769	56,864	130,000	132929,323	133049,124	133050,124	133052,536	133052,952	133053,082	133053,981	48569,323	48649,124	48650,124	48652,536	48652,952	48653,082	48653,981	11,042	11,023	0,554	0,614	-13,440	13,440	4,705	6,309	1,000	605,000	253,000	571,022	215,467
30,000	40,000	70,000	17,910	0,000	0,896	0,000	56,558	0,040	17,162	0,004	56,657	0,000	132929,323	133058,743	133059,743	133101,830	133102,031	133102,031	133102,081	48569,323	48658,743	48659,743	48661,830	48662,031	48662,031	48662,081	0,000	0,029	0,000	0,003	-13,440	13,440	0,041	NaN	1,000	1016,000	671,000	571,022	215,467
440,000	950,000	1390,000	0,252	56,842	37,765	3,000	52,957	17,653	4,092	13,073	53,409	540,000	132929,323	133105,874	133106,873	133110,795	133111,242	133111,782	133112,201	48569,323	48665,874	48666,873	48670,795	48671,242	48671,782	48672,201	12,602	12,684	9,175	9,845	-13,440	13,440	21,805	21,892	1,000	576,000	208,000	571,022	215,467
30,000	20,000	50,000	18,824	0,000	0,000	0,000	56,729	0,000	17,165	0,000	56,729	0,000	132929,323	133114,348	133115,349	133118,513	133118,714	133118,714	133118,744	48569,323	48674,348	48675,349	48678,513	48678,714	48678,714	48678,744	0,000	0,000	0,000	0,000	-13,440	13,440	NaN	NaN	1,000	1046,000	687,000	571,022	215,467
240,000	1190,000	1430,000	0,779	20,168	44,305	12,000	52,657	21,340	13,833	3,332	55,112	240,000	132929,323	133122,759	133123,759	133126,752	133127,001	133127,241	133128,201	48569,323	48682,759	48683,759	48686,752	48687,001	48687,241	48688,201	15,679	14,769	2,346	2,776	-13,440	13,440	15,087	19,808	1,000	545,000	206,000	571,022	215,467
340,000	1060,000	1400,000	0,690	36,792	39,605	8,000	52,735	17,411	9,338	7,827	54,439	390,000	132929,323	133131,077	133132,078	133135,938	133136,282	133136,672	133137,351	48569,323	48691,077	48692,078	48695,938	48696,282	48696,672	48697,351	12,405	12,516	5,557	6,065	-13,440	13,440	28,273	28,478	1,000	590,000	231,000	571,022	215,467
380,000	1050,000	1430,000	0,434	16,190	33,802	13,000	53,199	17,049	15,169	1,996	56,235	170,000	132929,323	133141,190	133142,189	133145,528	133145,912	133146,082	133146,971	48569,323	48701,190	48702,189	48705,528	48705,912	48706,082	48706,971	12,237	12,207	1,331	1,728	-13,440	13,440	12,840	12,497	1,000	585,000	222,000	571,022	215,467
340,000	1090,000	1430,000	0,635	11,009	66,833	8,000	52,969	19,428	16,757	0,408	56,682	120,000	132929,323	133150,704	133151,705	133153,373	133153,721	133153,841	133154,822	48569,323	48710,704	48711,705	48713,373	48713,721	48713,841	48714,822	14,176	13,559	0,290	0,347	-13,440	13,440	2,404	2,882	1,000	551,000	205,000	571,022	215,467
30,000	20,000	50,000	18,711	0,000	0,000	0,000	57,402	0,000	17,165	0,000	57,402	0,000	132929,323	133155,608	133156,608	133157,800	133158,001	133158,001	133158,022	48569,323	48715,608	48716,608	48717,800	48718,001	48718,001	48718,022	0,000	0,000	0,000	0,000	-13,440	13,440	NaN	NaN	1,000	1054,000	673,000	571,022	215,467
270,000	1160,000	1430,000	0,298	12,069	28,142	14,000	52,753	18,021	15,551	1,614	56,030	140,000	132929,323	133201,751	133202,750	133205,370	133205,641	133205,781	133206,811	48569,323	48721,751	48722,750	48725,370	48725,641	48725,781	48726,811	12,971	12,794	1,129	1,316	-13,440	13,440	5,249	12,910	1,000	570,000	226,000	571,022	215,467
30,000	1310,000	1340,000	0,120	24,427	34,256	13,000	52,391	18,582	13,932	3,234	55,351	320,000	132929,323	133209,248	133210,249	133212,557	133212,759	133213,079	133214,071	48569,323	48729,248	48730,249	48732,557	48732,759	48733,079	48734,071	13,277	13,360	2,335	2,612	-13,440	13,440	18,800	19,303	1,000	567,000	214,000	571,022	215,467
310,000	850,000	1160,000	0,191	38,824	35,293	6,000	53,684	17,593	9,975	7,191	55,231	330,000	132929,323	133217,378	133218,378	133220,235	133220,552	133220,882	133221,411	48569,323	48737,378	48738,378	48740,235	48740,552	48740,882	48741,411	12,798	12,351	5,083	5,611	-13,440	13,440	20,528	24,373	1,000	567,000	210,000	571,022	215,467
360,000	1070,000	1430,000	0,428	12,150	39,718	8,000	52,882	17,338	14,963	2,203	55,961	130,000	132929,323	133223,635	133224,635	133226,874	133227,242	133227,372	133228,322	48569,323	48743,635	48744,635	48746,874	48747,242	48747,372	48748,322	12,430	12,330	1,511	1,865	-13,440	13,440	16,033	17,213	1,000	578,000	229,000	571,022	215,467
320,000	1100,000	1420,000	0,395	11,818	33,213	14,000	52,191	17,319	14,826	2,339	55,517	130,000	132929,323	133231,376	133232,375	133235,706	133236,033	133236,163	133237,142	48569,323	48751,376	48752,375	48755,706	48756,033	48756,163	48757,142	12,096	12,712	1,557	2,036	-13,440	13,440	17,142	18,464	1,000	585,000	217,000	571,022	215,467
310,000	1120,000	1430,000	0,465	22,321	32,813	9,000	53,217	17,479	12,287	4,878	54,991	250,000	132929,323	133239,966	133240,966	133243,128	133243,441	133243,691	133244,571	48569,323	48759,966	48760,966	48763,128	48763,441	48763,691	48764,571	12,686	12,264	3,352	3,966	-13,440	13,440	24,511	23,587	1,000	571,000	232,000	571,022	215,467
30,000	1400,000	1430,000	0,150	31,429	30,668	12,000	52,426	17,939	13,086	4,079	54,868	440,000	132929,323	133247,758	133248,758	133249,990	133250,190	133250,630	133251,592	48569,323	48767,758	48768,758	48769,990	48770,190	48770,630	48771,592	12,769	12,971	2,766	3,399	-13,440	13,440	16,643	19,665	1,000	575,000	219,000	571,022	215,467
280,000	1150,000	1430,000	0,413	15,652	32,605	12,000	52,850	18,005	14,457	2,709	55,548	180,000	132929,323	133253,753	133254,754	133256,023	133256,312	133256,492	133257,472	48569,323	48773,753	48774,754	48776,023	48776,312	48776,492	48777,472	13,022	12,710	1,889	2,276	-13,440	13,440	15,809	15,474	1,000	573,000	230,000	571,022	215,467
290,000	1140,000	1430,000	0,513	15,789	38,713	11,000	53,443	18,584	14,728	2,437	56,067	180,000	132929,323	133300,308	133301,308	133304,824	133305,121	133305,301	133306,272	48569,323	48780,308	48781,308	48784,824	48785,121	48785,301	48786,272	13,670	12,797	1,719	1,970	-13,440	13,440	16,729	16,598	1,000	554,000	222,000	571,022	215,467
220,000	1210,000	1430,000	19,756	11,570	49,167	12,000	52,487	26,486	17,076	0,089	57,427	140,000	132929,323	133308,402	133309,402	133311,800	133312,022	133312,162	133313,241	48569,323	48788,402	48789,402	48791,800	48792,022	48792,162	48793,241	19,404	18,426	0,103	0,053	-13,440	13,440	11,771	0,324	1,000	1088,000	691,000	571,022	215,467
530,000	800,000	1330,000	1,494	43,750	50,671	2,000	54,237	19,435	10,524	6,641	56,439	350,000	132929,323	133317,802	133318,801	133321,780	133322,321	133322,671	133323,131	48569,323	48797,802	48798,801	48801,780	48802,321	48802,671	48803,131	14,570	13,050	5,100	4,690	-13,440	13,440	28,803	28,101	1,000	522,000	195,000	571,022	215,467
210,000	20,000	230,000	18,945	0,000	0,000	0,000	56,094	0,000	17,165	0,000	56,094	0,000	132929,323	133324,901	133325,902	133327,014	133327,231	133327,231	133327,261	48569,323	48804,901	48805,902	48807,014	48807,231	48807,231	48807,261	0,000	0,000	0,000	0,000	-13,440	13,440	NaN	NaN	1,000	1040,000	699,000	571,022	215,467
330,000	930,000	1260,000	1,050	20,430	34,898	6,000	52,999	16,884	14,858	2,307	56,168	190,000	132929,323	133330,749	133331,751	133335,320	133335,652	133335,842	133336,592	48569,323	48810,749	48811,751	48815,320	48815,652	48815,842	48816,592	12,013	12,182	1,596	1,898	-13,440	13,440	8,437	14,090	1,000	604,000	233,000	571,022	215,467
430,000	850,000	1280,000	0,640	29,412	52,363	5,000	52,566	19,432	13,950	3,215	55,414	250,000	132929,323	133338,563	133339,565	133343,474	133343,911	133344,161	133344,771	48569,323	48818,563	48819,565	48823,474	48823,911	48824,161	48824,771	13,980	13,810	2,244	2,625	-13,440	13,440	19,631	18,946	1,000	552,000	203,000	571,022	215,467
370,000	1060,000	1430,000	0,831	30,189	42,906	5,000	53,420	17,434	9,730	7,436	55,193	320,000	132929,323	133345,925	133346,925	133347,932	133348,311	133348,631	133349,383	48569,323	48825,925	48826,925	48827,932	48828,311	48828,631	48829,383	12,736	12,098	5,483	5,490	-13,440	13,440	26,517	26,047	1,000	584,000	242,000	571,022	215,467
560,000	870,000	1430,000	1,089	34,483	30,801	7,000	53,174	16,231	12,454	4,712	55,431	300,000	132929,323	133353,622	133354,622	133358,276	133358,843	133359,143	133359,724	48569,323	48833,622	48834,622	48838,276	48838,843	48839,143	48839,724	11,742	11,580	3,441	3,563	-13,440	13,440	8,872	18,127	1,000	592,000	248,000	571,022	215,467
950,000	480,000	1430,000	3,710	43,750	32,452	5,000	55,098	11,427	13,650	3,516	56,372	210,000	132929,323	133402,001	133403,001	133406,744	133407,701	133407,911	133408,192	48569,323	48842,001	48843,001	48846,744	48847,701	48847,911	48848,192	8,631	7,910	2,608	2,621	-13,440	13,440	5,803	19,025	1,000	654,000	318,000	571,022	215,467
30,000	190,000	220,000	17,915	47,368	1,281	2,000	57,468	0,172	17,099	0,066	57,536	90,000	132929,323	133414,709	133415,709	133418,459	133418,660	133418,750	133418,851	48569,323	48854,709	48855,709	48858,459	48858,660	48858,750	48858,851	0,086	0,142	0,026	0,048	-13,440	13,440	0,675	0,483	1,000	1033,000	654,000	571,022	215,467
400,000	170,000	570,000	18,347	94,118	1,144	0,000	56,516	0,078	17,089	0,077	56,516	160,000	132929,323	133426,207	133427,207	133428,583	133428,993	133429,153	133429,172	48569,323	48866,207	48867,208	48868,583	48868,993	48869,153	48869,172	0,056	0,057	0,056	0,054	-13,440	13,440	NaN	0,129	1,000	1029,000	680,000	571,022	215,467
350,000	1080,000	1430,000	0,271	11,111	54,803	11,000	53,396	17,456	14,747	2,419	56,707	120,000	132929,323	133431,962	133432,963	133435,087	133435,443	133435,563	133436,531	48569,323	48871,962	48872,963	48875,087	48875,444	48875,564	48876,531	12,544	12,387	1,723	1,954	-13,440	13,440	17,181	19,896	1,000	580,000	212,000	571,022	215,467
70,000	1360,000	1430,000	0,368	18,382	33,653	12,000	51,593	17,869	14,035	3,130	54,844	250,000	132929,323	133438,726	133439,725	133440,974	133441,174	133441,424	133442,542	48569,323	48878,726	48879,725	48880,974	48881,174	48881,424	48882,542	12,435	13,270	2,178	2,634	-13,440	13,440	20,072	19,997	1,000	584,000	217,000	571,022	215,467
430,000	1000,000	1430,000	0,245	25,000	40,062	8,000	51,459	18,089	10,143	7,023	53,394	250,000	132929,323	133445,037	133446,037	133448,265	133448,702	133448,952	133449,712	48569,323	48885,037	48886,037	48888,265	48888,702	48888,952	48889,712	12,400	13,396	4,559	5,770	-13,440	13,440	27,190	32,500	1,000	579,000	219,000	571,022	215,467
1030,000	400,000	1430,000	0,606	80,000	49,668	2,000	54,276	14,299	6,061	11,105	54,564	320,000	132929,323	133458,257	133459,257	133502,495	133503,531	133503,851	133503,942	48569,323	48898,257	48899,257	48902,495	48903,531	48903,851	48903,942	10,553	10,079	8,085	8,127	-13,440	13,440	4,104	38,325	1,000	570,000	237,000	571,022	215,467
390,000	1040,000	1430,000	0,386	14,423	42,090	11,000	53,380	17,904	14,043	3,122	56,329	150,000	132929,323	133506,754	133507,753	133511,659	133512,051	133512,201	133513,103	48569,323	48906,754	48907,753	48911,659	48912,051	48912,201	48913,103	12,855	12,713	2,168	2,552	-13,440	13,440	21,016	20,464	1,000	584,000	211,000	571,022	215,467
510,000	920,000	1430,000	0,461	14,130	37,183	10,000	52,447	17,142	13,929	3,237	55,252	130,000	132929,323	133516,028	133517,030	133520,875	133521,392	133521,522	133522,321	48569,323	48916,028	48917,030	48920,875	48921,392	48921,522	48922,321	11,919	12,499	2,036	2,736	-13,440	13,440	18,189	18,280	1,000	585,000	224,000	571,022	215,467
30,000	20,000	50,000	18,789	0,000	0,000	0,000	55,889	0,000	17,165	0,000	55,889	0,000	132929,323	133526,093	133527,093	133529,079	133529,280	133529,280	133529,301	48569,323	48926,093	48927,093	48929,079	48929,280	48929,280	48929,301	0,000	0,000	0,000	0,000	-13,440	13,440	NaN	NaN	1,000	1032,000	699,000	571,022	215,467
