680,000	750,000	1430,000	1,500	34,667	31,416	8,000	39,223	16,331	21,298	3,882	34,316	260,000	151335,071	151337,144	151338,145	151340,318	151341,001	151341,261	151341,762	54815,071	54817,144	54818,145	54820,318	54821,001	54821,261	54821,762	12,542	11,220	2,921	2,788	13,440	13,440	8,615	16,086	1,000	912,000	247,000	868,978	215,467
530,000	900,000	1430,000	0,930	22,222	31,640	9,000	38,223	17,965	21,799	3,381	34,070	200,000	151335,071	151346,103	151347,104	151348,777	151349,311	151349,511	151350,222	54815,071	54826,103	54827,104	54828,777	54829,311	54829,511	54830,222	12,685	13,000	2,249	2,613	13,440	13,440	8,531	15,333	1,000	884,000	186,000	868,978	215,467
1090,000	340,000	1430,000	20,045	35,294	18,886	2,000	22,287	3,231	24,915	0,265	21,773	120,000	151335,071	151355,091	151356,091	151357,595	151358,693	151358,813	151359,041	54815,071	54835,091	54836,091	54837,595	54838,693	54838,813	54839,041	1,691	2,803	0,285	0,200	13,440	13,440	11,547	1,686	1,000	380,000	734,000	868,978	215,467
580,000	850,000	1430,000	4,326	16,471	20,384	14,000	36,530	12,539	23,939	1,241	32,041	140,000	151335,071	151359,637	151400,639	151404,245	151404,831	151404,971	151405,692	54815,071	54839,637	54840,639	54844,245	54844,831	54844,971	54845,692	9,068	9,035	0,887	0,926	13,440	13,440	3,339	9,455	1,000	762,000	326,000	868,978	215,467
390,000	1040,000	1430,000	0,500	13,462	23,607	13,000	38,389	17,292	23,818	1,362	32,009	140,000	151335,071	151409,214	151410,213	151412,423	151412,821	151412,961	151413,872	54815,071	54849,214	54850,213	54852,423	54852,821	54852,961	54853,872	13,181	11,917	1,090	0,997	13,440	13,440	0,122	10,975	1,000	884,000	225,000	868,978	215,467
30,000	20,000	50,000	18,727	0,000	0,000	0,000	30,328	0,000	25,180	0,000	30,328	0,000	151335,071	151416,397	151417,396	151418,725	151418,926	151418,926	151418,952	54815,071	54856,397	54857,396	54858,725	54858,926	54858,926	54858,952	0,000	0,000	0,000	0,000	13,440	13,440	NaN	NaN	1,000	406,000	694,000	868,978	215,467
410,000	1020,000	1430,000	0,515	12,745	34,774	14,000	36,142	17,872	25,117	0,063	28,906	130,000	151335,071	151422,414	151423,414	151424,947	151425,362	151425,492	151426,393	54815,071	54862,414	54863,414	54864,947	54865,362	54865,492	54866,393	12,882	12,977	0,028	0,057	13,440	13,440	12,372	0,251	1,000	851,000	212,000	868,978	215,467
400,000	1030,000	1430,000	0,086	18,447	25,545	10,000	37,486	18,182	21,688	3,493	31,523	190,000	151335,071	151428,253	151429,253	151432,518	151432,922	151433,112	151433,961	54815,071	54868,253	54869,253	54872,518	54872,922	54873,112	54873,961	13,366	12,857	2,221	2,781	13,440	13,440	9,916	17,854	1,000	872,000	215,000	868,978	215,467
480,000	950,000	1430,000	0,679	15,789	36,860	11,000	36,449	16,710	24,329	0,851	30,781	150,000	151335,071	151435,269	151436,268	151437,694	151438,182	151438,332	151439,142	54815,071	54875,269	54876,268	54877,694	54878,182	54878,332	54879,143	11,700	12,310	0,460	0,736	13,440	13,440	4,404	4,738	1,000	849,000	229,000	868,978	215,467
400,000	1030,000	1430,000	0,846	19,417	29,636	8,000	36,601	18,758	22,079	3,101	31,118	200,000	151335,071	151440,895	151441,895	151445,060	151445,461	151445,661	151446,501	54815,071	54880,895	54881,895	54885,060	54885,461	54885,661	54886,501	13,298	13,706	2,022	2,425	13,440	13,440	4,125	12,204	1,000	885,000	190,000	868,978	215,467
590,000	840,000	1430,000	0,419	33,333	34,593	8,000	37,624	17,687	20,841	4,339	33,704	280,000	151335,071	151447,943	151448,943	151451,053	151451,652	151451,932	151452,502	54815,071	54887,943	54888,943	54891,053	54891,652	54891,932	54892,502	13,177	12,406	3,425	3,098	13,440	13,440	0,344	19,048	1,000	877,000	228,000	868,978	215,467
30,000	20,000	50,000	19,142	0,000	0,000	0,000	28,991	0,000	25,180	0,000	28,991	0,000	151335,071	151454,098	151455,098	151458,899	151459,099	151459,099	151459,121	54815,071	54894,098	54895,098	54898,899	54899,099	54899,099	54899,121	0,000	0,000	0,000	0,000	13,440	13,440	NaN	NaN	1,000	384,000	693,000	868,978	215,467
610,000	820,000	1430,000	2,752	43,902	32,828	6,000	34,887	15,565	20,837	4,343	31,640	360,000	151335,071	151502,120	151503,119	151504,669	151505,282	151505,642	151506,111	54815,071	54902,120	54903,119	54904,669	54905,282	54905,642	54906,112	10,950	11,550	3,216	3,275	13,440	13,440	3,284	19,935	1,000	784,000	264,000	868,978	215,467
440,000	990,000	1430,000	0,113	14,141	30,108	15,000	36,933	17,975	23,202	1,978	33,605	140,000	151335,071	151508,524	151509,525	151513,152	151513,601	151513,741	151514,601	54815,071	54908,524	54909,525	54913,152	54913,601	54913,741	54914,601	12,601	13,089	1,769	1,232	13,440	13,440	13,815	15,746	1,000	871,000	212,000	868,978	215,467
610,000	820,000	1430,000	0,780	23,171	35,832	6,000	36,393	18,988	22,236	2,944	34,333	190,000	151335,071	151515,981	151516,981	151518,586	151519,201	151519,391	151520,032	54815,071	54915,981	54916,981	54918,586	54919,201	54919,391	54920,032	12,942	14,110	2,626	1,888	13,440	13,440	6,676	16,888	1,000	880,000	190,000	868,978	215,467
340,000	1090,000	1430,000	1,290	20,183	28,432	11,000	36,095	17,229	23,742	1,438	31,729	220,000	151335,071	151521,958	151522,958	151524,293	151524,642	151524,862	151525,741	54815,071	54921,958	54922,958	54924,293	54924,643	54924,863	54925,741	11,514	13,056	0,824	1,199	13,440	13,440	4,321	4,762	1,000	827,000	197,000	868,978	215,467
30,000	840,000	870,000	4,085	34,524	14,042	8,000	72,816	5,392	22,881	2,299	76,462	290,000	151335,071	151528,163	151529,162	151531,956	151532,157	151532,447	151533,002	54815,071	54928,163	54929,162	54931,956	54932,157	54932,447	54933,002	4,847	2,674	2,372	0,409	13,440	13,440	3,918	4,079	1,000	791,000	338,000	868,978	215,467
520,000	40,000	560,000	18,944	0,000	0,563	0,000	29,484	0,025	25,178	0,002	29,520	0,000	151335,071	151536,945	151537,946	151541,697	151542,222	151542,222	151542,271	54815,071	54936,945	54937,946	54941,697	54942,222	54942,222	54942,271	0,000	0,029	0,000	0,003	13,440	13,440	0,025	NaN	1,000	389,000	688,000	868,978	215,467
480,000	950,000	1430,000	1,943	20,000	31,982	10,000	34,906	16,223	23,412	1,768	31,169	190,000	151335,071	151546,038	151547,040	151550,289	151550,772	151550,962	151551,731	54815,071	54946,039	54947,040	54950,289	54950,772	54950,962	54951,732	10,868	12,315	1,253	1,346	13,440	13,440	5,003	11,394	1,000	803,000	236,000	868,978	215,467
880,000	550,000	1430,000	5,162	36,364	31,386	5,000	33,569	12,433	21,847	3,333	31,627	200,000	151335,071	151555,312	151556,311	151559,849	151600,731	151600,931	151601,291	54815,071	54955,312	54956,311	54959,849	54960,731	54960,931	54961,291	8,356	9,496	2,523	2,463	13,440	13,440	0,862	21,092	1,000	724,000	328,000	868,978	215,467
370,000	1060,000	1430,000	0,212	21,698	33,914	11,000	37,922	18,017	21,708	3,472	33,849	230,000	151335,071	151604,090	151605,092	151606,931	151607,312	151607,541	151608,381	54815,071	54964,090	54965,092	54966,931	54967,312	54967,542	54968,381	13,120	12,791	2,679	2,506	13,440	13,440	16,006	16,647	1,000	869,000	223,000	868,978	215,467
220,000	1210,000	1430,000	0,315	26,446	33,947	10,000	37,791	18,794	21,347	3,833	31,711	320,000	151335,071	151610,181	151611,181	151614,097	151614,322	151614,642	151615,542	54815,071	54970,181	54971,181	54974,097	54974,322	54974,642	54975,542	13,982	13,194	2,585	2,977	13,440	13,440	13,800	13,178	1,000	873,000	205,000	868,978	215,467
380,000	1050,000	1430,000	0,270	13,333	35,152	11,000	37,203	17,507	23,913	1,267	32,566	140,000	151335,071	151617,574	151618,574	151621,442	151621,832	151621,972	151622,892	54815,071	54977,574	54978,574	54981,442	54981,832	54981,972	54982,892	12,592	12,586	1,175	0,818	13,440	13,440	7,723	9,648	1,000	863,000	223,000	868,978	215,467
460,000	970,000	1430,000	0,445	34,021	29,763	9,000	37,283	17,220	21,316	3,864	31,964	330,000	151335,071	151625,188	151626,187	151628,119	151628,582	151628,912	151629,562	54815,071	54985,188	54986,187	54988,119	54988,582	54988,912	54989,562	12,789	12,197	2,704	2,987	13,440	13,440	5,247	15,249	1,000	866,000	231,000	868,978	215,467
160,000	1270,000	1430,000	0,476	14,961	36,712	10,000	35,865	20,006	25,063	0,118	31,879	190,000	151335,071	151631,615	151632,617	151636,337	151636,538	151636,728	151637,812	54815,071	54991,615	54992,617	54996,337	54996,538	54996,728	54997,813	13,357	15,138	0,311	0,015	13,440	13,440	1,717	0,385	1,000	853,000	221,000	868,978	215,467
580,000	850,000	1430,000	1,157	31,765	34,644	6,000	37,257	16,845	20,946	4,234	31,010	270,000	151335,071	151639,438	151640,438	151642,048	151642,633	151642,903	151643,492	54815,071	54999,438	55000,438	55002,048	55002,633	55002,903	55003,492	12,815	11,738	2,818	3,366	13,440	13,440	10,972	20,366	1,000	862,000	256,000	868,978	215,467
30,000	40,000	70,000	18,864	0,000	0,323	0,000	29,994	0,014	25,179	0,001	30,014	0,000	151335,071	151646,432	151647,433	151648,954	151649,155	151649,155	151649,202	54815,071	55006,432	55007,433	55008,954	55009,155	55009,155	55009,202	0,000	0,000	0,000	0,000	13,440	13,440	0,015	NaN	1,000	398,000	693,000	868,978	215,467
470,000	960,000	1430,000	0,565	16,667	36,699	10,000	36,802	18,752	21,457	3,723	31,185	160,000	151335,071	151652,608	151653,607	151656,728	151657,201	151657,361	151658,172	54815,071	55012,608	55013,607	55016,728	55017,201	55017,361	55018,172	13,327	13,582	2,148	3,136	13,440	13,440	20,769	22,482	1,000	874,000	196,000	868,978	215,467
420,000	1010,000	1430,000	0,528	30,693	34,729	7,000	37,754	18,391	17,605	7,575	33,301	310,000	151335,071	151701,543	151702,543	151705,658	151706,081	151706,391	151707,102	54815,071	55021,543	55022,543	55025,658	55026,081	55026,391	55027,102	13,962	12,717	5,370	5,719	13,440	13,440	28,283	28,397	1,000	882,000	229,000	868,978	215,467
170,000	20,000	190,000	18,787	0,000	0,000	0,000	30,221	0,000	25,180	0,000	30,221	0,000	151335,071	151709,997	151710,997	151714,339	151714,540	151714,540	151714,561	54815,071	55029,997	55030,997	55034,339	55034,540	55034,540	55034,561	0,000	0,000	0,000	0,000	13,440	13,440	NaN	NaN	1,000	406,000	697,000	868,978	215,467
30,000	410,000	440,000	18,896	29,268	12,590	3,000	37,704	2,034	24,506	0,675	36,365	120,000	151335,071	151719,386	151720,386	151724,051	151724,252	151724,372	151724,671	54815,071	55039,386	55040,386	55044,051	55044,252	55044,372	55044,671	2,393	0,682	1,043	0,140	13,440	13,440	0,900	4,112	1,000	360,000	654,000	868,978	215,467
410,000	110,000	520,000	18,427	0,000	6,215	0,000	32,395	0,417	25,174	0,006	32,297	0,000	151335,071	151725,746	151726,746	151728,239	151728,651	151728,651	151728,772	54815,071	55045,746	55046,746	55048,239	55048,651	55048,651	55048,772	0,256	0,314	0,005	0,005	13,440	13,440	5,745	NaN	1,000	411,000	684,000	868,978	215,467
30,000	1400,000	1430,000	0,778	20,000	33,195	13,000	37,954	20,016	24,209	0,971	31,257	280,000	151335,071	151734,054	151735,055	151738,165	151738,365	151738,645	151739,771	54815,071	55054,054	55055,055	55058,165	55058,365	55058,645	55059,771	14,660	14,187	0,731	0,732	13,440	13,440	0,398	5,763	1,000	843,000	206,000	868,978	215,467
160,000	1270,000	1430,000	0,050	11,811	31,767	13,000	37,403	18,366	24,999	0,181	30,768	150,000	151335,071	151741,362	151742,362	151744,814	151745,015	151745,165	151746,293	54815,071	55061,362	55062,362	55064,814	55065,015	55065,165	55066,293	13,257	13,184	0,112	0,146	13,440	13,440	4,546	0,997	1,000	870,000	214,000	868,978	215,467
30,000	1400,000	1430,000	1,113	15,000	34,076	12,000	34,903	18,557	24,603	0,577	29,566	210,000	151335,071	151749,291	151750,292	151754,026	151754,228	151754,438	151755,631	54815,071	55069,291	55070,292	55074,026	55074,228	55074,438	55075,631	12,677	13,963	0,675	0,256	13,440	13,440	9,458	0,071	1,000	833,000	199,000	868,978	215,467
430,000	1000,000	1430,000	0,361	22,000	35,010	10,000	37,852	17,454	21,915	3,265	34,767	220,000	151335,071	151758,124	151759,124	151802,327	151802,763	151802,983	151803,771	54815,071	55078,124	55079,124	55082,327	55082,763	55082,983	55083,771	11,981	12,855	2,170	2,567	13,440	13,440	10,567	16,010	1,000	872,000	203,000	868,978	215,467
380,000	1050,000	1430,000	0,493	27,619	39,024	8,000	37,055	19,447	18,347	6,833	36,121	290,000	151335,071	151805,652	151806,651	151809,833	151810,222	151810,512	151811,282	54815,071	55085,652	55086,651	55089,833	55090,222	55090,512	55091,282	13,276	14,405	5,267	4,822	13,440	13,440	28,551	30,511	1,000	863,000	199,000	868,978	215,467
510,000	920,000	1430,000	0,644	36,957	34,316	6,000	36,923	17,154	17,555	7,625	36,422	340,000	151335,071	151813,319	151814,319	151815,729	151816,244	151816,584	151817,172	54815,071	55093,319	55094,319	55095,729	55096,244	55096,584	55097,172	11,694	12,732	5,827	5,316	13,440	13,440	24,418	25,085	1,000	847,000	209,000	868,978	215,467
30,000	20,000	50,000	18,771	0,000	0,000	0,000	30,358	0,000	25,180	0,000	30,358	0,000	151335,071	151820,218	151821,217	151822,223	151822,424	151822,424	151822,452	54815,071	55100,218	55101,217	55102,223	55102,424	55102,424	55102,452	0,000	0,000	0,000	0,000	13,440	13,440	NaN	NaN	1,000	410,000	700,000	868,978	215,467
160,000	60,000	220,000	18,726	0,000	0,896	0,000	30,277	0,040	25,180	0,000	30,251	0,000	151335,071	151826,392	151827,391	151830,206	151830,407	151830,407	151830,471	54815,071	55106,392	55107,392	55110,206	55110,407	55110,407	55110,471	0,030	0,030	0,000	0,000	13,440	13,440	0,164	NaN	1,000	404,000	692,000	868,978	215,467
