830,000	600,000	1430,000	2,643	28,333	31,311	4,000	52,402	14,344	13,963	3,203	54,898	170,000	150758,944	150913,254	150914,254	150917,832	150918,672	150918,842	150919,283	54478,944	54553,254	54554,254	54557,832	54558,672	54558,842	54559,283	9,629	11,207	1,837	3,021	-13,440	13,440	2,537	18,551	1,000	662,000	239,000	571,022	215,467
660,000	770,000	1430,000	0,317	15,584	29,981	8,000	52,204	17,126	14,747	2,418	55,518	120,000	150758,944	150922,346	150923,347	150926,377	150927,041	150927,161	150927,821	54478,944	54562,346	54563,347	54566,377	54567,041	54567,161	54567,822	11,616	12,658	1,290	2,015	-13,440	13,440	0,734	17,006	1,000	582,000	218,000	571,022	215,467
1590,000	20,000	1610,000	15,841	0,000	1,236	0,000	55,990	0,173	17,165	0,000	55,746	0,000	150758,944	150930,236	150931,238	150933,535	150935,131	150935,131	150935,163	54478,944	54570,236	54571,238	54573,535	54575,131	54575,131	54575,163	0,281	0,148	0,021	0,000	-13,440	13,440	NaN	NaN	1,000	972,000	611,000	571,022	215,467
570,000	260,000	830,000	19,501	42,308	2,990	3,000	55,420	0,377	16,931	0,235	55,418	110,000	150758,944	150939,263	150940,264	150944,001	150944,582	150944,692	150944,851	54478,944	54579,263	54580,264	54584,001	54584,582	54584,692	54584,851	0,282	0,254	0,191	0,158	-13,440	13,440	1,415	2,042	1,000	1057,000	710,000	571,022	215,467
910,000	520,000	1430,000	1,596	48,077	38,830	3,000	51,124	14,590	11,149	6,017	52,848	250,000	150758,944	150948,875	150949,875	150952,849	150953,763	150954,013	150954,293	54478,944	54588,875	54589,875	54592,849	54593,763	54594,013	54594,293	9,601	11,785	3,697	5,463	-13,440	13,440	0,322	24,164	1,000	625,000	198,000	571,022	215,467
680,000	750,000	1430,000	1,325	20,000	33,462	6,000	51,857	16,021	13,555	3,610	54,446	150,000	150758,944	151000,763	151001,762	151002,851	151003,541	151003,691	151004,301	54478,944	54600,763	54601,762	54602,852	54603,541	54603,691	54604,301	11,254	11,820	2,523	2,966	-13,440	13,440	15,275	21,296	1,000	606,000	247,000	571,022	215,467
650,000	780,000	1430,000	0,640	21,795	30,553	7,000	51,694	18,301	12,928	4,237	54,033	170,000	150758,944	151008,046	151009,046	151010,520	151011,171	151011,341	151011,961	54478,944	54608,046	54609,046	54610,520	54611,171	54611,341	54611,961	12,743	13,290	2,715	3,458	-13,440	13,440	4,240	25,260	1,000	552,000	203,000	571,022	215,467
750,000	680,000	1430,000	1,038	25,000	33,909	7,000	52,295	16,911	13,013	4,152	54,762	170,000	150758,944	151013,938	151014,939	151016,420	151017,172	151017,342	151017,861	54478,944	54613,938	54614,939	54616,420	54617,172	54617,342	54617,861	11,761	12,448	2,739	3,420	-13,440	13,440	9,694	24,013	1,000	601,000	237,000	571,022	215,467
710,000	720,000	1430,000	0,209	20,833	45,521	6,000	52,542	17,446	12,675	4,490	55,672	150,000	150758,944	151021,216	151022,216	151025,529	151026,242	151026,392	151026,971	54478,944	54621,216	54622,216	54625,529	54626,243	54626,393	54626,971	12,088	12,700	3,101	3,397	-13,440	13,440	16,118	27,061	1,000	578,000	218,000	571,022	215,467
660,000	750,000	1410,000	0,257	24,000	43,754	4,000	52,524	18,688	12,734	4,431	54,467	180,000	150758,944	151030,832	151031,834	151033,172	151033,841	151034,021	151034,602	54478,944	54630,832	54631,834	54633,172	54633,841	54634,021	54634,602	13,446	13,306	3,138	3,484	-13,440	13,440	18,773	22,625	1,000	562,000	217,000	571,022	215,467
440,000	120,000	560,000	19,460	91,667	2,556	0,000	55,789	0,134	17,033	0,132	55,789	110,000	150758,944	151037,100	151038,100	151040,246	151040,691	151040,802	151040,821	54478,944	54637,100	54638,100	54640,246	54640,692	54640,802	54640,821	0,028	0,197	0,028	0,195	-13,440	13,440	NaN	1,557	1,000	1057,000	708,000	571,022	215,467
590,000	810,000	1400,000	0,310	17,284	49,099	9,000	52,046	18,614	12,934	4,232	55,069	140,000	150758,944	151045,762	151046,762	151049,391	151049,992	151050,131	151050,812	54478,944	54645,762	54646,762	54649,391	54649,992	54650,132	54650,812	12,940	13,417	2,828	3,295	-13,440	13,440	23,966	22,952	1,000	560,000	216,000	571,022	215,467
150,000	20,000	170,000	19,563	0,000	0,000	0,000	55,811	0,000	17,165	0,000	55,811	0,000	150758,944	151053,047	151054,048	151055,948	151056,149	151056,149	151056,172	54478,944	54653,047	54654,048	54655,948	54656,149	54656,149	54656,172	0,000	0,000	0,000	0,000	-13,440	13,440	NaN	NaN	1,000	1054,000	716,000	571,022	215,467
650,000	690,000	1340,000	0,367	21,739	45,106	6,000	52,290	18,344	12,903	4,262	55,409	150,000	150758,944	151059,691	151100,692	151103,770	151104,421	151104,571	151105,122	54478,944	54659,692	54660,692	54663,770	54664,421	54664,571	54665,122	12,828	13,168	2,975	3,199	-13,440	13,440	17,138	22,285	1,000	558,000	216,000	571,022	215,467
660,000	770,000	1430,000	0,534	20,779	46,736	6,000	51,835	17,433	12,159	5,007	54,964	160,000	150758,944	151108,608	151109,607	151112,009	151112,671	151112,831	151113,451	54478,944	54668,608	54669,607	54672,009	54672,671	54672,831	54673,451	12,087	13,038	3,666	3,921	-13,440	13,440	25,810	31,301	1,000	590,000	215,000	571,022	215,467
660,000	770,000	1430,000	0,528	22,078	45,740	6,000	51,876	18,683	11,808	5,357	54,294	170,000	150758,944	151116,822	151117,823	151119,437	151120,101	151120,271	151120,881	54478,944	54676,822	54677,823	54679,437	54680,101	54680,271	54680,881	13,173	13,641	3,765	4,366	-13,440	13,440	27,299	25,018	1,000	562,000	199,000	571,022	215,467
700,000	690,000	1390,000	1,044	20,290	44,587	6,000	52,228	18,790	12,767	4,398	54,895	140,000	150758,944	151123,807	151124,808	151128,796	151129,501	151129,641	151130,201	54478,944	54683,807	54684,808	54688,796	54689,501	54689,641	54690,201	12,717	13,754	2,468	3,763	-13,440	13,440	24,450	27,907	1,000	555,000	182,000	571,022	215,467
760,000	670,000	1430,000	0,921	20,896	43,628	10,000	52,377	16,342	13,180	3,985	55,925	140,000	150758,944	151132,634	151133,635	151135,429	151136,191	151136,331	151136,871	54478,944	54692,634	54693,635	54695,429	54696,191	54696,331	54696,871	11,194	12,036	2,815	2,879	-13,440	13,440	17,913	26,584	1,000	598,000	234,000	571,022	215,467
170,000	20,000	190,000	18,963	0,000	0,000	0,000	56,437	0,000	17,165	0,000	56,437	0,000	150758,944	151139,902	151140,901	151143,477	151143,677	151143,677	151143,701	54478,944	54699,902	54700,901	54703,477	54703,677	54703,677	54703,701	0,000	0,000	0,000	0,000	-13,440	13,440	NaN	NaN	1,000	1046,000	694,000	571,022	215,467
500,000	930,000	1430,000	0,113	24,731	46,641	6,000	52,062	19,126	12,531	4,634	54,857	230,000	150758,944	151146,708	151147,709	151149,889	151150,392	151150,622	151151,331	54478,944	54706,708	54707,709	54709,889	54710,392	54710,622	54711,331	13,586	13,860	3,364	3,628	-13,440	13,440	20,339	21,386	1,000	569,000	212,000	571,022	215,467
650,000	780,000	1430,000	0,013	17,949	50,810	7,000	52,326	17,886	12,560	4,605	54,674	140,000	150758,944	151153,617	151154,617	151158,614	151159,272	151159,411	151200,062	54478,944	54713,618	54714,617	54718,614	54719,272	54719,412	54720,062	12,492	12,857	2,995	3,808	-13,440	13,440	34,009	31,910	1,000	571,000	215,000	571,022	215,467
620,000	810,000	1430,000	0,235	19,753	49,953	7,000	51,738	17,756	11,938	5,227	53,753	160,000	150758,944	151202,017	151203,017	151204,878	151205,502	151205,662	151206,323	54478,944	54722,017	54723,017	54724,878	54725,502	54725,662	54726,323	12,379	13,139	3,638	4,214	-13,440	13,440	28,197	32,042	1,000	579,000	218,000	571,022	215,467
610,000	820,000	1430,000	0,462	15,854	43,031	8,000	52,521	18,215	13,805	3,360	55,463	130,000	150758,944	151208,499	151209,499	151212,486	151213,101	151213,231	151213,931	54478,944	54728,499	54729,499	54732,486	54733,101	54733,231	54733,931	12,881	12,929	2,273	2,589	-13,440	13,440	24,046	22,613	1,000	557,000	224,000	571,022	215,467
620,000	810,000	1430,000	1,356	23,457	33,880	8,000	51,026	17,553	12,710	4,456	54,015	190,000	150758,944	151217,089	151218,089	151220,878	151221,502	151221,692	151222,322	54478,944	54737,089	54738,089	54740,878	54741,502	54741,692	54742,322	11,718	13,720	2,848	3,982	-13,440	13,440	16,296	22,568	1,000	617,000	201,000	571,022	215,467
570,000	860,000	1430,000	0,509	18,605	46,173	12,000	51,738	18,876	12,576	4,589	54,622	160,000	150758,944	151226,243	151227,244	151231,028	151231,602	151231,762	151232,472	54478,944	54746,243	54747,244	54751,028	54751,602	54751,762	54752,472	13,276	13,808	3,269	3,745	-13,440	13,440	26,678	28,155	1,000	557,000	204,000	571,022	215,467
660,000	770,000	1430,000	0,904	19,481	35,298	8,000	51,537	16,828	13,635	3,530	55,022	150,000	150758,944	151234,690	151235,690	151237,584	151238,252	151238,402	151239,031	54478,944	54754,691	54755,690	54757,584	54758,252	54758,402	54759,031	11,315	12,764	2,276	2,832	-13,440	13,440	9,604	17,559	1,000	602,000	224,000	571,022	215,467
670,000	760,000	1430,000	1,454	23,684	33,155	8,000	51,241	16,689	13,732	3,433	54,556	180,000	150758,944	151242,060	151243,062	151245,575	151246,252	151246,432	151247,022	54478,944	54762,060	54763,062	54765,575	54766,252	54766,432	54767,022	11,296	12,871	2,363	2,863	-13,440	13,440	11,071	20,801	1,000	620,000	232,000	571,022	215,467
620,000	810,000	1430,000	0,648	13,580	32,931	8,000	52,461	16,770	14,968	2,197	55,773	110,000	150758,944	151251,255	151252,254	151254,736	151255,361	151255,471	151256,181	54478,944	54771,255	54772,254	54774,736	54775,361	54775,471	54776,181	11,657	12,303	1,385	1,824	-13,440	13,440	10,124	18,613	1,000	594,000	217,000	571,022	215,467
560,000	870,000	1430,000	0,522	21,839	45,877	6,000	52,114	18,239	12,338	4,828	55,068	190,000	150758,944	151258,608	151259,608	151303,536	151304,103	151304,293	151304,982	54478,944	54778,608	54779,608	54783,537	54784,103	54784,293	54784,982	12,883	13,308	3,548	3,732	-13,440	13,440	18,822	22,554	1,000	588,000	223,000	571,022	215,467
730,000	680,000	1410,000	0,131	29,412	47,680	6,000	52,027	18,306	10,594	6,572	54,128	200,000	150758,944	151307,735	151308,736	151310,432	151311,173	151311,373	151311,862	54478,944	54787,735	54788,736	54790,433	54791,173	54791,373	54791,862	12,969	13,279	4,650	5,264	-13,440	13,440	20,256	27,280	1,000	568,000	219,000	571,022	215,467
30,000	1400,000	1430,000	0,256	10,714	44,396	14,000	52,146	21,882	15,427	1,738	56,167	150,000	150758,944	151313,477	151314,478	151318,145	151318,345	151318,495	151319,752	54478,944	54793,477	54794,478	54798,145	54798,345	54798,495	54799,752	15,409	15,744	1,090	1,313	-13,440	13,440	0,689	3,393	1,000	580,000	217,000	571,022	215,467
30,000	20,000	50,000	18,924	0,000	0,000	0,000	56,196	0,000	17,165	0,000	56,196	0,000	150758,944	151321,377	151322,376	151324,367	151324,567	151324,567	151324,591	54478,944	54801,377	54802,376	54804,367	54804,567	54804,567	54804,591	0,000	0,000	0,000	0,000	-13,440	13,440	NaN	NaN	1,000	1041,000	697,000	571,022	215,467
90,000	20,000	110,000	18,870	0,000	0,000	0,000	55,801	0,000	17,165	0,000	55,801	0,000	150758,944	151328,426	151329,426	151332,454	151332,654	151332,654	151332,681	54478,944	54808,426	54809,426	54812,454	54812,654	54812,654	54812,681	0,000	0,000	0,000	0,000	-13,440	13,440	NaN	NaN	1,000	1033,000	702,000	571,022	215,467
510,000	730,000	1240,000	1,049	17,808	43,997	8,000	52,305	19,348	13,425	3,740	55,427	130,000	150758,944	151335,376	151336,376	151339,251	151339,772	151339,902	151340,512	54478,944	54815,376	54816,376	54819,251	54819,772	54819,902	54820,512	13,447	14,008	2,381	2,997	-13,440	13,440	26,364	27,371	1,000	551,000	184,000	571,022	215,467
400,000	800,000	1200,000	0,089	25,000	40,051	6,000	52,311	18,092	12,292	4,874	55,112	200,000	150758,944	151342,798	151343,799	151345,122	151345,532	151345,732	151346,343	54478,944	54822,798	54823,799	54825,122	54825,532	54825,732	54826,343	12,828	13,139	3,544	3,792	-13,440	13,440	21,689	27,881	1,000	573,000	213,000	571,022	215,467
430,000	740,000	1170,000	0,158	21,622	45,238	4,000	51,650	18,578	12,366	4,800	54,148	160,000	150758,944	151348,088	151349,087	151352,274	151352,711	151352,871	151353,462	54478,944	54828,088	54829,087	54832,274	54832,711	54832,871	54833,462	13,080	13,556	3,317	3,971	-13,440	13,440	24,165	27,925	1,000	566,000	218,000	571,022	215,467
360,000	270,000	630,000	17,042	96,296	20,796	0,000	56,323	2,732	14,434	2,731	56,323	260,000	150758,944	151354,972	151355,972	151358,289	151358,652	151358,912	151358,931	54478,944	54834,972	54835,972	54838,289	54838,652	54838,912	54838,931	1,801	2,113	1,801	2,113	-13,440	13,440	NaN	4,669	1,000	986,000	657,000	571,022	215,467
1180,000	70,000	1250,000	19,065	0,000	1,520	0,000	57,164	0,074	17,165	0,000	57,090	0,000	150758,944	151403,307	151404,307	151405,365	151406,551	151406,551	151406,631	54478,944	54843,307	54844,307	54845,365	54846,551	54846,551	54846,631	0,088	0,000	0,003	0,000	-13,440	13,440	0,436	NaN	1,000	1059,000	686,000	571,022	215,467
500,000	930,000	1430,000	18,563	12,903	25,284	13,000	55,671	16,540	14,816	2,349	66,600	120,000	150758,944	151407,220	151408,221	151410,713	151411,221	151411,341	151412,161	54478,944	54847,220	54848,221	54850,713	54851,221	54851,341	54852,161	11,759	12,686	1,877	1,672	-13,440	13,440	16,762	20,836	1,000	1017,000	702,000	571,022	215,467
640,000	790,000	1430,000	0,346	43,038	41,513	4,000	51,462	18,738	6,931	10,234	53,722	340,000	150758,944	151412,750	151413,751	151416,942	151417,591	151417,931	151418,391	54478,944	54852,750	54853,751	54856,942	54857,591	54857,931	54858,391	13,090	13,647	7,559	7,266	-13,440	13,440	38,044	38,580	1,000	559,000	218,000	571,022	215,467
