500,000	930,000	1430,000	2,229	11,828	23,445	12,000	54,975	15,291	15,693	1,472	57,291	110,000	114043,169	114057,101	114058,103	114059,197	114059,704	114059,814	114100,643	42043,169	42057,101	42058,103	42059,197	42059,704	42059,814	42060,643	11,624	9,993	1,100	1,048	-13,440	13,440	9,132	12,941	1,000	598,000	290,000	571,022	215,467
370,000	1060,000	1430,000	0,522	18,868	28,804	12,000	52,942	18,423	14,460	2,705	56,218	200,000	114043,169	114104,010	114105,011	114108,803	114109,183	114109,383	114110,253	42043,169	42064,010	42065,011	42068,803	42069,183	42069,383	42070,253	13,279	13,002	1,996	1,967	-13,440	13,440	9,292	14,714	1,000	553,000	211,000	571,022	215,467
290,000	1140,000	1430,000	1,871	31,579	23,569	10,000	52,617	15,916	12,553	4,612	55,614	360,000	114043,169	114112,505	114113,505	114116,283	114116,582	114116,942	114117,734	42043,169	42072,505	42073,505	42076,283	42076,582	42076,942	42077,734	11,232	11,635	3,485	3,204	-13,440	13,440	9,602	14,287	1,000	623,000	257,000	571,022	215,467
350,000	1080,000	1430,000	1,686	12,037	27,850	15,000	52,934	16,660	15,970	1,195	56,093	130,000	114043,169	114120,023	114121,024	114124,606	114124,962	114125,092	114126,053	42043,169	42080,023	42081,024	42084,606	42084,962	42085,092	42086,053	12,119	11,739	0,928	0,901	-13,440	13,440	0,392	9,053	1,000	598,000	269,000	571,022	215,467
350,000	1080,000	1430,000	1,015	29,630	28,766	12,000	52,590	17,162	10,695	6,471	55,270	320,000	114043,169	114128,141	114129,143	114130,690	114131,042	114131,362	114132,132	42043,169	42088,142	42089,143	42090,690	42091,042	42091,362	42092,132	12,154	12,422	4,776	4,669	-13,440	13,440	15,948	23,570	1,000	600,000	237,000	571,022	215,467
320,000	1110,000	1430,000	2,493	27,027	25,867	12,000	53,621	14,980	13,263	3,902	56,238	300,000	114043,169	114134,285	114135,286	114137,661	114137,983	114138,283	114139,103	42043,169	42094,285	42095,286	42097,661	42097,983	42098,283	42099,103	10,841	10,669	3,009	2,692	-13,440	13,440	6,556	13,464	1,000	626,000	285,000	571,022	215,467
330,000	1100,000	1430,000	1,785	17,273	31,394	14,000	53,385	16,169	14,090	3,075	56,070	190,000	114043,169	114141,447	114142,447	114146,223	114146,564	114146,754	114147,673	42043,169	42101,447	42102,447	42106,223	42106,564	42106,754	42107,673	11,880	11,138	2,413	2,074	-13,440	13,440	12,742	18,386	1,000	593,000	275,000	571,022	215,467
470,000	960,000	1430,000	2,819	17,708	30,892	11,000	53,782	16,026	14,264	2,902	56,090	170,000	114043,169	114150,435	114151,436	114154,882	114155,352	114155,522	114156,322	42043,169	42110,435	42111,436	42114,882	42115,352	42115,522	42116,322	11,900	10,851	2,232	2,038	-13,440	13,440	11,222	18,651	1,000	618,000	304,000	571,022	215,467
380,000	1050,000	1430,000	1,752	18,095	27,490	13,000	52,696	16,729	13,994	3,171	54,544	190,000	114043,169	114158,553	114159,553	114202,991	114203,374	114203,564	114204,433	42043,169	42118,553	42119,554	42122,991	42123,374	42123,564	42124,433	12,037	11,853	2,162	2,513	-13,440	13,440	10,448	18,907	1,000	606,000	267,000	571,022	215,467
350,000	1080,000	1430,000	2,167	11,111	25,512	13,000	53,250	16,492	15,612	1,553	55,799	120,000	114043,169	114206,651	114207,652	114211,027	114211,383	114211,503	114212,474	42043,169	42126,651	42127,652	42131,027	42131,383	42131,503	42132,474	12,185	11,186	1,170	1,059	-13,440	13,440	11,867	13,594	1,000	597,000	288,000	571,022	215,467
400,000	1030,000	1430,000	2,403	24,272	24,928	10,000	53,754	16,091	13,491	3,674	55,649	250,000	114043,169	114214,441	114215,442	114216,977	114217,382	114217,632	114218,423	42043,169	42134,441	42135,442	42136,977	42137,382	42137,632	42138,423	12,011	10,870	2,709	2,678	-13,440	13,440	0,969	15,705	1,000	609,000	292,000	571,022	215,467
360,000	1070,000	1430,000	1,588	32,710	33,592	8,000	52,028	16,982	9,520	7,646	55,187	350,000	114043,169	114221,163	114222,163	114224,906	114225,273	114225,622	114226,353	42043,169	42141,163	42142,163	42144,906	42145,273	42145,623	42146,353	12,011	12,219	6,018	5,021	-13,440	13,440	19,474	26,773	1,000	607,000	259,000	571,022	215,467
340,000	1090,000	1430,000	2,362	22,018	24,408	12,000	53,996	15,764	12,939	4,227	56,057	240,000	114043,169	114228,355	114229,356	114232,157	114232,503	114232,743	114233,602	42043,169	42148,355	42149,356	42152,157	42152,503	42152,743	42153,602	11,817	10,545	3,269	2,858	-13,440	13,440	12,648	18,695	1,000	615,000	287,000	571,022	215,467
410,000	1020,000	1430,000	1,529	30,392	25,431	10,000	53,991	16,762	11,229	5,936	55,761	310,000	114043,169	114235,424	114236,423	114239,753	114240,173	114240,483	114241,204	42043,169	42155,424	42156,423	42159,753	42160,173	42160,483	42161,204	12,576	11,184	4,519	4,043	-13,440	13,440	15,659	21,676	1,000	585,000	268,000	571,022	215,467
450,000	980,000	1430,000	1,677	12,245	29,578	11,000	53,209	16,252	16,029	1,137	56,232	120,000	114043,169	114243,415	114244,414	114246,615	114247,074	114247,194	114248,062	42043,169	42163,415	42164,414	42166,615	42167,074	42167,194	42168,062	11,992	11,129	0,938	0,725	-13,440	13,440	4,510	9,362	1,000	590,000	272,000	571,022	215,467
370,000	1060,000	1430,000	1,653	15,094	30,377	12,000	52,774	16,659	13,849	3,316	55,805	160,000	114043,169	114250,051	114251,051	114253,379	114253,754	114253,913	114254,822	42043,169	42170,051	42171,051	42173,379	42173,754	42173,914	42174,822	12,031	11,711	2,554	2,309	-13,440	13,440	16,356	18,833	1,000	601,000	266,000	571,022	215,467
330,000	1100,000	1430,000	1,240	19,091	27,840	16,000	54,113	17,040	13,946	3,219	56,345	210,000	114043,169	114257,057	114258,058	114300,802	114301,142	114301,352	114302,253	42043,169	42177,057	42178,058	42180,802	42181,142	42181,352	42182,253	12,761	11,513	2,580	2,068	-13,440	13,440	10,220	17,435	1,000	578,000	259,000	571,022	215,467
360,000	1070,000	1430,000	2,399	16,822	23,038	13,000	53,503	15,383	14,169	2,996	56,131	180,000	114043,169	114304,301	114305,302	114308,833	114309,204	114309,384	114310,283	42043,169	42184,301	42185,302	42188,833	42189,204	42189,384	42190,283	11,282	10,669	2,310	2,066	-13,440	13,440	9,649	16,799	1,000	619,000	286,000	571,022	215,467
360,000	1070,000	1430,000	1,703	13,084	26,969	13,000	52,454	16,333	14,666	2,499	55,784	140,000	114043,169	114312,273	114313,272	114317,171	114317,532	114317,672	114318,613	42043,169	42192,273	42193,272	42197,171	42197,532	42197,672	42198,613	11,479	11,907	1,825	1,846	-13,440	13,440	10,790	17,310	1,000	616,000	256,000	571,022	215,467
340,000	1090,000	1430,000	2,478	11,009	26,713	15,000	53,411	15,292	15,552	1,613	55,754	120,000	114043,169	114320,411	114321,412	114323,931	114324,272	114324,392	114325,374	42043,169	42200,411	42201,412	42203,931	42204,272	42204,392	42205,374	11,153	10,735	1,233	1,181	-13,440	13,440	7,047	13,825	1,000	611,000	294,000	571,022	215,467
350,000	1080,000	1430,000	0,373	18,519	32,701	14,000	52,635	18,696	13,823	3,342	56,212	200,000	114043,169	114328,172	114329,173	114332,367	114332,722	114332,922	114333,812	42043,169	42208,172	42209,173	42212,367	42212,722	42212,922	42213,812	13,520	13,167	2,689	2,245	-13,440	13,440	20,581	21,903	1,000	558,000	213,000	571,022	215,467
380,000	1050,000	1430,000	0,846	13,333	31,873	10,000	52,527	17,194	15,105	2,060	56,047	140,000	114043,169	114335,208	114336,208	114339,685	114340,073	114340,213	114341,133	42043,169	42215,208	42216,208	42219,685	42220,073	42220,213	42221,133	12,228	12,301	1,528	1,452	-13,440	13,440	11,676	13,774	1,000	593,000	236,000	571,022	215,467
330,000	1100,000	1430,000	1,351	12,727	26,939	13,000	52,882	16,461	14,425	2,740	55,874	140,000	114043,169	114342,685	114343,685	114346,569	114346,903	114347,043	114348,012	42043,169	42222,685	42223,685	42226,570	42226,903	42227,043	42228,012	11,662	11,768	1,996	1,843	-13,440	13,440	15,161	19,295	1,000	601,000	253,000	571,022	215,467
390,000	1040,000	1430,000	1,664	14,423	28,579	11,000	53,734	16,709	14,796	2,370	56,372	150,000	114043,169	114350,024	114351,024	114353,894	114354,293	114354,443	114355,343	42043,169	42230,024	42231,024	42233,894	42234,293	42234,443	42235,343	12,368	11,436	1,806	1,720	-13,440	13,440	9,637	14,612	1,000	594,000	270,000	571,022	215,467
390,000	1040,000	1430,000	2,104	21,154	33,623	7,000	53,374	16,045	13,917	3,249	55,945	220,000	114043,169	114357,345	114358,345	114401,289	114401,683	114401,903	114402,732	42043,169	42237,345	42238,345	42241,289	42241,683	42241,903	42242,732	11,771	11,122	2,433	2,336	-13,440	13,440	7,718	15,837	1,000	615,000	276,000	571,022	215,467
310,000	1120,000	1430,000	0,129	14,286	37,079	15,000	52,126	18,465	14,059	3,106	56,845	160,000	114043,169	114405,599	114406,599	114408,513	114408,833	114408,993	114409,962	42043,169	42245,599	42246,599	42248,513	42248,833	42248,993	42249,962	13,055	13,373	2,707	1,799	-13,440	13,440	18,365	22,276	1,000	570,000	211,000	571,022	215,467
370,000	1060,000	1430,000	1,409	21,698	27,931	11,000	52,734	16,334	13,058	4,107	55,096	230,000	114043,169	114411,921	114412,920	114414,661	114415,043	114415,273	114416,112	42043,169	42251,921	42252,920	42254,661	42255,043	42255,273	42256,112	11,853	11,452	3,026	3,018	-13,440	13,440	9,926	21,669	1,000	594,000	260,000	571,022	215,467
340,000	1090,000	1430,000	1,509	11,009	24,782	13,000	54,525	16,390	15,319	1,846	57,074	120,000	114043,169	114418,168	114419,169	114422,691	114423,034	114423,154	114424,133	42043,169	42258,169	42259,169	42262,691	42263,034	42263,154	42264,133	12,312	10,929	1,410	1,264	-13,440	13,440	8,484	14,654	1,000	586,000	267,000	571,022	215,467
340,000	1090,000	1430,000	0,827	29,358	27,182	13,000	52,410	16,282	10,098	7,067	55,272	320,000	114043,169	114425,772	114426,773	114428,115	114428,462	114428,782	114429,562	42043,169	42265,772	42266,773	42268,116	42268,462	42268,782	42269,563	11,459	11,805	5,346	4,780	-13,440	13,440	17,809	22,035	1,000	593,000	235,000	571,022	215,467
350,000	1080,000	1430,000	0,804	16,667	32,405	11,000	53,770	16,865	14,357	2,809	56,584	180,000	114043,169	114431,337	114432,338	114435,359	114435,712	114435,892	114436,802	42043,169	42271,337	42272,338	42275,359	42275,712	42275,892	42276,802	12,439	11,532	2,166	1,945	-13,440	13,440	5,310	13,202	1,000	573,000	244,000	571,022	215,467
310,000	1120,000	1430,000	0,423	14,286	26,470	11,000	53,077	17,728	14,339	2,827	56,353	160,000	114043,169	114438,792	114439,792	114443,357	114443,674	114443,834	114444,803	42043,169	42278,792	42279,792	42283,357	42283,674	42283,834	42284,803	12,955	12,291	2,214	1,935	-13,440	13,440	11,768	17,762	1,000	558,000	223,000	571,022	215,467
300,000	1130,000	1430,000	0,397	19,469	27,644	13,000	53,235	18,755	14,062	3,103	56,923	220,000	114043,169	114446,564	114447,564	114448,581	114448,893	114449,113	114450,033	42043,169	42286,564	42287,564	42288,581	42288,893	42289,113	42290,033	13,703	13,125	2,593	1,878	-13,440	13,440	9,166	14,628	1,000	557,000	217,000	571,022	215,467
390,000	1040,000	1430,000	1,146	19,231	29,421	9,000	53,425	17,296	13,441	3,724	55,982	200,000	114043,169	114452,760	114453,760	114457,303	114457,703	114457,903	114458,753	42043,169	42292,760	42293,760	42297,303	42297,703	42297,903	42298,753	12,610	12,061	2,753	2,686	-13,440	13,440	11,731	17,879	1,000	591,000	251,000	571,022	215,467
290,000	970,000	1260,000	0,031	15,464	34,443	7,000	52,125	18,496	14,622	2,543	55,721	150,000	114043,169	114501,097	114502,098	114504,166	114504,462	114504,612	114505,443	42043,169	42301,097	42302,098	42304,166	42304,462	42304,612	42305,443	12,997	13,419	1,829	1,878	-13,440	13,440	8,785	14,002	1,000	572,000	216,000	571,022	215,467
340,000	920,000	1260,000	0,349	17,391	34,407	8,000	52,649	18,841	13,739	3,426	56,445	160,000	114043,169	114506,747	114507,748	114508,888	114509,233	114509,393	114510,163	42043,169	42306,748	42307,748	42308,888	42309,233	42309,393	42310,164	13,387	13,475	2,618	2,355	-13,440	13,440	16,405	20,140	1,000	563,000	206,000	571,022	215,467
350,000	1080,000	1430,000	0,390	13,889	32,136	13,000	52,878	17,760	14,439	2,726	56,200	150,000	114043,169	114511,536	114512,536	114515,720	114516,073	114516,223	114517,163	42043,169	42311,536	42312,536	42315,720	42316,074	42316,224	42317,163	12,871	12,632	2,173	1,900	-13,440	13,440	17,802	20,188	1,000	574,000	229,000	571,022	215,467
290,000	1140,000	1430,000	0,120	12,281	36,050	14,000	52,571	18,132	14,456	2,710	55,657	140,000	114043,169	114518,667	114519,667	114522,832	114523,122	114523,262	114524,273	42043,169	42318,667	42319,667	42322,832	42323,122	42323,262	42324,273	12,855	12,935	1,779	2,154	-13,440	13,440	16,013	18,079	1,000	575,000	217,000	571,022	215,467
360,000	1070,000	1430,000	0,346	23,364	35,399	12,000	52,877	19,164	12,356	4,810	56,068	250,000	114043,169	114525,335	114526,337	114527,438	114527,802	114528,052	114528,883	42043,169	42325,335	42326,337	42327,438	42327,802	42328,052	42328,883	13,896	13,445	3,728	3,333	-13,440	13,440	20,189	20,701	1,000	559,000	218,000	571,022	215,467
650,000	210,000	860,000	18,806	71,429	4,037	1,000	55,441	0,380	16,879	0,286	55,543	150,000	114043,169	114530,124	114531,124	114534,029	114534,683	114534,833	114534,904	42043,169	42330,124	42331,124	42334,029	42334,683	42334,833	42334,904	0,171	0,339	0,117	0,285	-13,440	13,440	1,028	0,225	1,000	1036,000	696,000	571,022	215,467
360,000	1070,000	1430,000	0,292	25,234	32,683	12,000	52,339	14,102	12,251	4,914	54,150	270,000	114043,169	114535,490	114536,490	114538,947	114539,313	114539,583	114540,394	42043,169	42335,490	42336,490	42338,947	42339,313	42339,583	42340,394	9,593	10,716	3,083	4,389	-13,440	13,440	21,229	24,168	1,000	565,000	207,000	571,022	215,467
