60,000	90,000	150,000	19,541	0,000	1,844	0,000	56,023	0,118	17,161	0,004	56,059	0,000	123820,280	123830,924	123831,924	123834,750	123834,950	123834,950	123835,045	45500,280	45510,924	45511,924	45514,750	45514,950	45514,950	45515,045	0,087	0,000	0,003	0,000	-13,440	13,440	1,613	NaN	1,000	1056,000	713,000	571,022	215,467
650,000	780,000	1430,000	0,618	25,641	56,647	7,000	50,924	18,079	12,363	4,802	51,789	200,000	123820,280	123838,391	123839,392	123842,785	123843,443	123843,644	123844,234	45500,280	45518,391	45519,392	45522,785	45523,444	45523,644	45524,234	12,196	13,969	2,360	5,176	-13,440	13,440	28,037	34,023	1,000	593,000	216,000	571,022	215,467
650,000	780,000	1430,000	2,747	28,205	32,784	8,000	50,458	15,841	14,006	3,159	54,344	220,000	123820,280	123846,298	123847,298	123849,766	123850,424	123850,644	123851,214	45500,280	45526,298	45527,298	45529,766	45530,424	45530,644	45531,214	10,074	12,973	1,931	2,897	-13,440	13,440	4,886	14,687	1,000	668,000	227,000	571,022	215,467
380,000	1050,000	1430,000	1,074	19,048	31,123	10,000	51,463	16,933	14,290	2,875	55,201	200,000	123820,280	123855,235	123856,235	123858,691	123859,075	123859,274	123900,134	45500,280	45535,235	45536,235	45538,691	45539,075	45539,275	45540,134	11,565	12,850	2,038	2,293	-13,440	13,440	11,414	17,120	1,000	608,000	225,000	571,022	215,467
460,000	970,000	1430,000	0,572	13,402	34,798	9,000	53,438	16,900	14,563	2,602	56,510	130,000	123820,280	123901,557	123902,558	123904,371	123904,835	123904,965	123905,815	45500,280	45541,557	45542,558	45544,371	45544,835	45544,965	45545,815	12,239	12,036	1,930	2,121	-13,440	13,440	18,751	23,519	1,000	589,000	225,000	571,022	215,467
460,000	970,000	1430,000	0,030	12,371	33,510	10,000	52,693	17,190	14,915	2,250	55,946	120,000	123820,280	123911,996	123912,997	123914,578	123915,044	123915,164	123916,025	45500,280	45551,996	45552,997	45554,578	45555,044	45555,164	45556,025	12,190	12,434	1,558	1,839	-13,440	13,440	7,545	18,045	1,000	572,000	215,000	571,022	215,467
410,000	1020,000	1430,000	1,156	15,686	33,229	9,000	53,195	16,336	14,321	2,844	56,984	160,000	123820,280	123917,403	123918,402	123919,843	123920,255	123920,415	123921,284	45500,280	45557,403	45558,403	45559,843	45560,255	45560,415	45561,284	11,629	11,760	2,286	1,868	-13,440	13,440	19,171	19,794	1,000	604,000	240,000	571,022	215,467
410,000	1020,000	1430,000	0,473	16,667	29,377	6,000	52,018	17,279	14,208	2,957	55,103	170,000	123820,280	123923,399	123924,399	123925,452	123925,865	123926,035	123926,895	45500,280	45563,399	45564,399	45565,452	45565,865	45566,035	45566,895	12,108	12,640	2,034	2,348	-13,440	13,440	12,857	17,626	1,000	581,000	229,000	571,022	215,467
420,000	1010,000	1430,000	1,462	20,792	21,502	12,000	52,632	16,228	13,789	3,376	55,458	210,000	123820,280	123928,240	123929,240	123930,426	123930,855	123931,065	123931,875	45500,280	45568,240	45569,240	45570,426	45570,855	45571,065	45571,875	11,481	11,808	2,405	2,558	-13,440	13,440	9,140	18,238	1,000	607,000	253,000	571,022	215,467
420,000	1010,000	1430,000	0,788	11,881	29,305	13,000	52,794	17,297	15,808	1,357	56,609	120,000	123820,280	123933,743	123934,743	123938,692	123939,114	123939,235	123940,134	45500,280	45573,743	45574,743	45578,692	45579,115	45579,235	45580,134	12,255	12,533	1,002	1,027	-13,440	13,440	5,493	11,428	1,000	597,000	226,000	571,022	215,467
550,000	880,000	1430,000	0,460	37,500	33,918	6,000	52,853	17,474	9,512	7,653	54,501	330,000	123820,280	123941,945	123942,946	123945,489	123946,045	123946,375	123946,936	45500,280	45581,945	45582,946	45585,489	45586,045	45586,375	45586,936	12,379	12,688	5,278	6,045	-13,440	13,440	17,994	22,290	1,000	587,000	212,000	571,022	215,467
390,000	1040,000	1430,000	0,350	12,500	40,227	10,000	52,507	17,842	14,661	2,505	55,995	130,000	123820,280	123948,898	123949,898	123952,347	123952,744	123952,874	123953,795	45500,280	45588,898	45589,898	45592,347	45592,744	45592,874	45593,795	12,665	12,860	1,865	1,924	-13,440	13,440	17,578	19,800	1,000	579,000	225,000	571,022	215,467
440,000	990,000	1430,000	0,170	17,172	33,396	10,000	52,537	18,434	14,171	2,995	55,731	170,000	123820,280	123954,936	123955,936	123957,489	123957,934	123958,104	123958,936	45500,280	45594,936	45595,936	45597,489	45597,934	45598,104	45598,936	13,156	13,232	2,188	2,281	-13,440	13,440	12,188	18,591	1,000	565,000	215,000	571,022	215,467
330,000	1100,000	1430,000	0,174	26,364	33,653	9,000	52,448	18,213	10,503	6,663	54,399	290,000	123820,280	124000,175	124001,175	124002,531	124002,864	124003,155	124003,974	45500,280	45600,175	45601,175	45602,531	45602,865	45603,155	45603,974	12,851	13,103	4,564	5,167	-13,440	13,440	23,048	25,873	1,000	565,000	214,000	571,022	215,467
320,000	1110,000	1430,000	0,547	11,712	32,954	14,000	51,892	17,715	14,600	2,565	55,388	130,000	123820,280	124005,205	124006,206	124008,350	124008,675	124008,805	124009,795	45500,280	45605,205	45606,206	45608,350	45608,675	45608,805	45609,795	12,371	13,008	1,852	2,003	-13,440	13,440	18,311	20,885	1,000	585,000	229,000	571,022	215,467
390,000	1040,000	1430,000	0,209	24,038	36,298	6,000	52,375	17,631	9,962	7,203	54,040	250,000	123820,280	124011,254	124012,254	124015,331	124015,724	124015,974	124016,775	45500,280	45611,254	45612,254	45615,331	45615,724	45615,974	45616,775	12,379	12,743	4,908	5,653	-13,440	13,440	31,875	33,339	1,000	576,000	221,000	571,022	215,467
400,000	830,000	1230,000	0,988	19,277	38,882	10,000	52,790	19,076	13,500	3,666	55,588	160,000	123820,280	124018,027	124019,027	124022,239	124022,644	124022,804	124023,485	45500,280	45618,027	45619,027	45622,239	45622,644	45622,804	45623,485	13,727	13,447	2,582	2,840	-13,440	13,440	20,426	24,229	1,000	540,000	199,000	571,022	215,467
590,000	840,000	1430,000	1,990	19,048	33,999	8,000	52,813	14,986	14,266	2,899	55,267	160,000	123820,280	124025,128	124026,128	124027,690	124028,284	124028,444	124029,135	45500,280	45625,128	45626,128	45627,690	45628,284	45628,444	45629,135	10,501	11,042	2,046	2,295	-13,440	13,440	12,649	18,229	1,000	626,000	260,000	571,022	215,467
390,000	1040,000	1430,000	0,647	14,423	32,175	10,000	52,366	17,478	14,265	2,901	55,600	150,000	123820,280	124030,882	124031,882	124034,575	124034,974	124035,125	124036,025	45500,280	45630,882	45631,882	45634,575	45634,975	45635,125	45636,025	12,345	12,691	2,054	2,257	-13,440	13,440	15,774	21,043	1,000	588,000	231,000	571,022	215,467
390,000	1040,000	1430,000	0,246	11,538	32,929	10,000	52,040	17,825	14,539	2,626	55,290	120,000	123820,280	124037,780	124038,780	124041,041	124041,434	124041,554	124042,484	45500,280	45637,780	45638,780	45641,041	45641,434	45641,554	45642,484	12,495	12,986	1,784	2,148	-13,440	13,440	20,165	23,132	1,000	563,000	212,000	571,022	215,467
580,000	850,000	1430,000	1,141	20,000	35,874	8,000	52,162	17,175	14,140	3,025	54,861	170,000	123820,280	124043,629	124044,629	124045,682	124046,265	124046,435	124047,125	45500,280	45643,629	45644,629	45645,682	45646,265	45646,435	45647,125	11,992	12,667	2,053	2,452	-13,440	13,440	16,151	22,421	1,000	606,000	236,000	571,022	215,467
440,000	990,000	1430,000	0,235	14,141	33,026	12,000	52,744	16,943	13,834	3,332	55,848	140,000	123820,280	124049,112	124050,113	124053,225	124053,674	124053,814	124054,675	45500,280	45649,112	45650,113	45653,225	45653,674	45653,814	45654,675	11,889	12,335	2,274	2,632	-13,440	13,440	16,210	22,176	1,000	579,000	213,000	571,022	215,467
390,000	1040,000	1430,000	0,284	11,538	40,369	9,000	52,830	17,380	14,999	2,166	56,731	120,000	123820,280	124055,634	124056,635	124059,175	124059,574	124059,694	124100,624	45500,280	45655,634	45656,635	45659,176	45659,574	45659,694	45660,624	12,298	12,549	1,653	1,537	-13,440	13,440	15,462	17,789	1,000	581,000	217,000	571,022	215,467
390,000	1040,000	1430,000	0,384	14,423	32,586	9,000	52,202	17,420	14,234	2,932	55,472	150,000	123820,280	124101,870	124102,870	124105,638	124106,035	124106,185	124107,085	45500,280	45661,870	45662,870	45665,638	45666,035	45666,185	45667,085	12,198	12,797	2,019	2,366	-13,440	13,440	13,447	19,490	1,000	583,000	222,000	571,022	215,467
390,000	810,000	1200,000	0,372	40,741	44,001	5,000	52,227	17,944	7,848	9,317	53,652	330,000	123820,280	124108,486	124109,486	124111,318	124111,714	124112,044	124112,534	45500,280	45668,486	45669,486	45671,318	45671,714	45672,044	45672,535	12,605	13,112	6,482	7,316	-13,440	13,440	32,227	35,452	1,000	584,000	218,000	571,022	215,467
410,000	1020,000	1430,000	0,586	26,471	44,887	9,000	52,678	16,938	8,545	8,620	54,427	270,000	123820,280	124114,777	124115,777	124117,434	124117,854	124118,124	124118,884	45500,280	45674,777	45675,777	45677,434	45677,854	45678,124	45678,884	11,788	12,299	5,930	6,611	-13,440	13,440	33,778	38,589	1,000	589,000	226,000	571,022	215,467
410,000	1020,000	1430,000	1,354	12,745	38,701	13,000	51,596	16,957	14,658	2,507	55,474	130,000	123820,280	124120,300	124121,300	124124,686	124125,106	124125,236	124126,134	45500,280	45680,300	45681,300	45684,686	45685,106	45685,236	45686,134	11,508	12,876	1,711	2,073	-13,440	13,440	17,626	21,157	1,000	618,000	226,000	571,022	215,467
390,000	1040,000	1430,000	0,465	19,231	32,669	11,000	52,914	17,039	11,729	5,437	55,431	200,000	123820,280	124128,324	124129,325	124131,163	124131,555	124131,755	124132,605	45500,280	45688,324	45689,325	45691,163	45691,555	45691,755	45692,605	12,151	12,048	3,905	3,952	-13,440	13,440	20,196	25,613	1,000	571,000	232,000	571,022	215,467
30,000	20,000	50,000	18,809	0,000	0,000	0,000	55,915	0,000	17,165	0,000	55,915	0,000	123820,280	124134,309	124135,309	124137,942	124138,142	124138,142	124138,165	45500,280	45694,309	45695,309	45697,942	45698,142	45698,142	45698,165	0,000	0,000	0,000	0,000	-13,440	13,440	NaN	NaN	1,000	1033,000	699,000	571,022	215,467
440,000	990,000	1430,000	1,186	13,131	34,171	12,000	52,602	17,015	14,598	2,567	56,031	130,000	123820,280	124141,303	124142,303	124146,255	124146,705	124146,835	124147,704	45500,280	45701,303	45702,304	45706,255	45706,705	45706,835	45707,704	12,033	12,339	1,903	1,948	-13,440	13,440	18,311	21,543	1,000	606,000	239,000	571,022	215,467
510,000	920,000	1430,000	0,405	15,217	44,384	10,000	53,151	17,241	13,840	3,325	55,966	140,000	123820,280	124149,306	124150,306	124153,380	124153,896	124154,036	124154,824	45500,280	45709,306	45710,306	45713,380	45713,896	45714,036	45714,824	12,275	12,377	2,291	2,708	-13,440	13,440	26,112	25,588	1,000	585,000	219,000	571,022	215,467
380,000	1050,000	1430,000	0,492	12,381	36,897	11,000	52,892	16,750	13,789	3,376	55,483	130,000	123820,280	124156,026	124157,027	124159,609	124159,994	124160,124	124201,055	45500,280	45716,026	45717,027	45719,609	45719,994	45720,124	45721,055	11,846	12,047	2,225	2,808	-13,440	13,440	22,626	26,933	1,000	585,000	226,000	571,022	215,467
550,000	880,000	1430,000	1,437	30,682	38,975	8,000	53,037	16,128	10,100	7,066	54,925	270,000	123820,280	124202,989	124203,989	124207,154	124207,715	124207,985	124208,605	45500,280	45722,989	45723,989	45727,154	45727,715	45727,985	45728,605	11,444	11,657	5,039	5,421	-13,440	13,440	23,864	27,601	1,000	612,000	246,000	571,022	215,467
510,000	920,000	1430,000	0,974	27,174	34,805	10,000	52,770	16,383	9,665	7,500	54,064	250,000	123820,280	124210,266	124211,267	124214,316	124214,835	124215,085	124215,765	45500,280	45730,266	45731,267	45734,316	45734,835	45735,085	45735,765	11,507	11,817	4,993	5,923	-13,440	13,440	29,335	30,740	1,000	592,000	243,000	571,022	215,467
440,000	990,000	1430,000	0,225	28,283	45,189	13,000	52,021	17,442	7,228	9,937	53,114	280,000	123820,280	124217,449	124218,449	124221,507	124221,955	124222,235	124222,955	45500,280	45737,449	45738,449	45741,507	45741,955	45742,235	45742,955	12,032	12,866	6,663	7,912	-13,440	13,440	38,667	40,810	1,000	579,000	216,000	571,022	215,467
380,000	1050,000	1430,000	0,648	19,048	38,597	14,000	52,720	16,674	11,626	5,540	54,731	200,000	123820,280	124224,274	124225,274	124228,977	124229,365	124229,565	124230,424	45500,280	45744,275	45745,274	45748,977	45749,365	45749,565	45750,424	11,670	12,182	3,701	4,520	-13,440	13,440	24,102	25,551	1,000	592,000	225,000	571,022	215,467
420,000	1010,000	1430,000	0,751	20,792	39,349	10,000	53,055	16,579	11,184	5,981	54,806	210,000	123820,280	124232,056	124233,056	124236,673	124237,094	124237,304	124238,114	45500,280	45752,056	45753,056	45756,673	45757,094	45757,304	45758,114	11,736	11,877	4,036	4,800	-13,440	13,440	22,904	27,505	1,000	592,000	232,000	571,022	215,467
370,000	1060,000	1430,000	0,209	14,151	47,837	8,000	52,679	18,213	12,884	4,281	55,025	150,000	123820,280	124240,037	124241,037	124242,759	124243,134	124243,284	124244,204	45500,280	45760,037	45761,037	45762,759	45763,134	45763,284	45764,204	12,884	13,023	2,769	3,615	-13,440	13,440	26,892	28,503	1,000	564,000	213,000	571,022	215,467
310,000	1120,000	1430,000	0,085	24,107	43,640	12,000	52,435	17,847	8,820	8,345	54,013	270,000	123820,280	124245,372	124246,372	124248,235	124248,555	124248,825	124249,685	45500,280	45765,372	45766,372	45768,235	45768,555	45768,825	45769,685	12,566	12,955	5,768	6,529	-13,440	13,440	34,003	35,240	1,000	574,000	215,000	571,022	215,467
490,000	940,000	1430,000	0,780	13,830	41,415	11,000	52,705	16,792	14,545	2,621	55,904	130,000	123820,280	124250,738	124251,739	124255,193	124255,684	124255,814	124256,635	45500,280	45770,738	45771,739	45775,193	45775,684	45775,814	45776,635	11,867	12,213	1,839	2,158	-13,440	13,440	17,091	22,293	1,000	594,000	231,000	571,022	215,467
