420,000	20,000	440,000	18,492	0,000	0,000	0,000	30,406	0,000	25,180	0,000	30,406	0,000	133812,918	133830,225	133831,239	133833,621	133834,049	133834,049	133834,079	49092,918	49110,225	49111,239	49113,621	49114,049	49114,049	49114,080	0,000	0,000	0,000	0,000	13,440	13,440	NaN	NaN	1,000	392,000	668,000	868,978	215,467
750,000	680,000	1430,000	8,064	30,882	17,115	6,000	33,998	8,706	23,238	1,942	31,629	210,000	133812,918	133845,206	133846,206	133849,310	133850,069	133850,279	133850,759	49092,918	49125,206	49126,206	49129,310	49130,069	49130,279	49130,759	5,745	6,693	1,125	1,592	13,440	13,440	6,724	9,883	1,000	640,000	388,000	868,978	215,467
30,000	570,000	600,000	17,732	33,333	11,108	4,000	32,414	2,631	23,683	1,497	31,407	190,000	133812,918	133853,838	133854,838	133856,661	133856,862	133857,052	133857,439	49092,918	49133,838	49134,838	49136,662	49136,862	49137,052	49137,439	1,380	2,223	0,400	1,516	13,440	13,440	2,620	5,396	1,000	430,000	668,000	868,978	215,467
480,000	950,000	1430,000	2,472	21,053	23,361	10,000	36,320	14,876	23,472	1,708	30,721	200,000	133812,918	133900,959	133901,959	133905,576	133906,059	133906,259	133907,019	49092,918	49140,959	49141,959	49145,576	49146,059	49146,259	49147,019	10,634	10,880	0,971	1,443	13,440	13,440	8,769	9,854	1,000	791,000	256,000	868,978	215,467
220,000	100,000	320,000	18,267	90,000	0,530	0,000	31,275	0,039	25,143	0,037	31,275	90,000	133812,918	133909,412	133910,412	133912,174	133912,399	133912,489	133912,510	49092,918	49149,412	49150,412	49152,174	49152,399	49152,489	49152,510	0,000	0,029	0,000	0,026	13,440	13,440	NaN	0,276	1,000	410,000	675,000	868,978	215,467
580,000	850,000	1430,000	3,632	18,824	26,118	7,000	36,054	12,922	23,522	1,658	30,665	160,000	133812,918	133917,351	133918,351	133919,956	133920,539	133920,699	133921,399	49092,918	49157,351	49158,352	49159,956	49160,539	49160,699	49161,399	9,181	9,506	0,714	1,539	13,440	13,440	3,348	11,788	1,000	781,000	310,000	868,978	215,467
110,000	70,000	180,000	18,251	0,000	0,339	0,000	30,899	0,015	25,180	0,000	30,834	0,000	133812,918	133923,169	133924,169	133925,235	133925,435	133925,435	133925,509	49092,918	49163,169	49164,169	49165,235	49165,435	49165,435	49165,509	0,030	0,000	0,000	0,000	13,440	13,440	0,033	NaN	1,000	387,000	650,000	868,978	215,467
30,000	20,000	50,000	18,128	0,000	0,000	0,000	31,674	0,000	25,180	0,000	31,674	0,000	133812,918	133929,102	133930,103	133932,653	133932,853	133932,853	133932,880	49092,918	49169,102	49170,104	49172,653	49172,853	49172,853	49172,880	0,000	0,000	0,000	0,000	13,440	13,440	NaN	NaN	1,000	413,000	671,000	868,978	215,467
530,000	900,000	1430,000	3,631	37,778	21,822	9,000	37,332	13,049	21,181	3,999	33,831	340,000	133812,918	133933,463	133934,463	133936,741	133937,280	133937,620	133938,190	49092,918	49173,463	49174,463	49176,741	49177,280	49177,620	49178,191	9,726	9,185	2,939	2,899	13,440	13,440	0,140	14,839	1,000	788,000	316,000	868,978	215,467
780,000	650,000	1430,000	14,606	26,154	12,301	7,000	31,272	3,235	24,984	0,197	29,521	170,000	133812,918	133940,979	133941,980	133943,889	133944,669	133944,839	133945,329	49092,918	49180,979	49181,980	49183,889	49184,669	49184,839	49185,329	2,242	2,474	0,124	0,144	13,440	13,440	8,682	0,779	1,000	484,000	564,000	868,978	215,467
810,000	620,000	1430,000	10,631	25,806	14,669	5,000	33,958	6,590	24,273	0,908	30,992	160,000	133812,918	133948,434	133949,434	133952,008	133952,819	133952,979	133953,449	49092,918	49188,434	49189,434	49192,008	49192,819	49192,979	49193,449	4,873	4,786	0,725	0,651	13,440	13,440	6,299	5,865	1,000	598,000	479,000	868,978	215,467
800,000	630,000	1430,000	14,677	28,571	11,638	7,000	31,632	2,832	25,057	0,123	29,953	180,000	133812,918	133956,667	133957,668	133959,240	134000,049	134000,229	134000,689	49092,918	49196,667	49197,668	49199,240	49200,049	49200,229	49200,689	2,002	2,149	0,056	0,110	13,440	13,440	10,715	0,107	1,000	487,000	571,000	868,978	215,467
730,000	700,000	1430,000	7,107	20,000	24,682	10,000	33,372	9,985	24,489	0,691	30,105	140,000	133812,918	134003,756	134004,756	134006,701	134007,439	134007,579	134008,149	49092,918	49203,756	49204,756	49206,702	49207,439	49207,579	49208,149	6,449	7,843	0,329	0,606	13,440	13,440	18,957	5,074	1,000	666,000	366,000	868,978	215,467
250,000	230,000	480,000	18,907	78,261	1,025	1,000	29,346	0,146	25,077	0,103	29,318	180,000	133812,918	134010,940	134011,941	134015,534	134015,790	134015,970	134016,030	49092,918	49210,940	49211,941	49215,534	49215,790	49215,970	49216,030	0,170	0,057	0,142	0,028	13,440	13,440	0,067	0,447	1,000	384,000	681,000	868,978	215,467
270,000	30,000	300,000	18,904	0,000	0,000	0,000	29,825	0,000	25,180	0,000	29,825	0,000	133812,918	134019,310	134020,310	134021,722	134021,999	134021,999	134022,039	49092,918	49219,310	49220,310	49221,722	49221,999	49221,999	49222,039	0,000	0,000	0,000	0,000	13,440	13,440	NaN	NaN	1,000	399,000	696,000	868,978	215,467
890,000	540,000	1430,000	7,906	48,148	24,839	3,000	33,107	9,509	21,278	3,902	30,623	260,000	133812,918	134022,630	134023,630	134026,379	134027,279	134027,539	134027,830	49092,918	49222,630	49223,630	49226,379	49227,279	49227,539	49227,830	6,246	7,386	2,294	3,233	13,440	13,440	1,167	15,966	1,000	644,000	384,000	868,978	215,467
730,000	700,000	1430,000	6,018	31,429	21,527	8,000	34,286	11,347	22,057	3,123	31,246	220,000	133812,918	134029,988	134030,988	134032,888	134033,619	134033,839	134034,330	49092,918	49229,988	49230,988	49232,888	49233,619	49233,839	49234,330	7,636	8,625	1,924	2,514	13,440	13,440	7,128	10,797	1,000	687,000	328,000	868,978	215,467
160,000	120,000	280,000	18,635	91,667	0,906	0,000	30,928	0,053	25,128	0,052	30,928	110,000	133812,918	134036,415	134037,416	134039,865	134040,066	134040,176	134040,190	49092,918	49236,415	49237,416	49239,865	49240,066	49240,176	49240,190	0,058	0,028	0,057	0,028	13,440	13,440	NaN	0,793	1,000	416,000	699,000	868,978	215,467
320,000	120,000	440,000	19,084	91,667	1,675	0,000	29,069	0,113	25,070	0,110	29,069	110,000	133812,918	134042,831	134043,831	134045,742	134046,069	134046,179	134046,199	49092,918	49242,831	49243,831	49245,743	49246,069	49246,179	49246,199	0,028	0,113	0,028	0,110	13,440	13,440	NaN	1,166	1,000	383,000	689,000	868,978	215,467
30,000	100,000	130,000	20,582	0,000	1,070	0,000	25,535	0,089	25,178	0,002	25,401	0,000	133812,918	134046,783	134047,783	134050,069	134050,270	134050,270	134050,380	49092,918	49246,783	49247,783	49250,069	49250,270	49250,270	49250,380	0,087	0,057	0,000	0,003	13,440	13,440	0,839	NaN	1,000	337,000	718,000	868,978	215,467
310,000	130,000	440,000	18,188	92,308	3,225	0,000	30,680	0,199	24,982	0,198	30,680	120,000	133812,918	134050,973	134051,973	134054,533	134054,851	134054,971	134054,989	49092,918	49250,973	49251,973	49254,533	49254,851	49254,971	49254,990	0,058	0,198	0,057	0,198	13,440	13,440	NaN	1,104	1,000	407,000	668,000	868,978	215,467
950,000	480,000	1430,000	5,651	33,333	35,422	6,000	34,892	10,348	23,613	1,567	31,840	160,000	133812,918	134117,318	134118,318	134119,834	134120,789	134120,949	134121,280	49092,918	49277,319	49278,318	49279,834	49280,789	49280,949	49281,280	6,901	7,995	0,939	1,327	13,440	13,440	20,012	11,044	1,000	695,000	316,000	868,978	215,467
890,000	540,000	1430,000	6,560	55,556	34,138	3,000	35,256	9,235	21,865	3,315	32,484	300,000	133812,918	134124,880	134125,880	134128,366	134129,259	134129,559	134129,810	49092,918	49284,880	49285,880	49288,366	49289,259	49289,559	49289,810	6,746	6,782	2,351	2,527	13,440	13,440	15,295	13,067	1,000	712,000	388,000	868,978	215,467
180,000	210,000	390,000	18,172	80,952	1,135	1,000	31,524	0,147	25,070	0,110	31,584	170,000	133812,918	134135,275	134136,275	134138,252	134138,452	134138,622	134138,669	49092,918	49295,275	49296,275	49298,252	49298,452	49298,622	49298,670	0,142	0,085	0,124	0,059	13,440	13,440	0,121	0,648	1,000	422,000	682,000	868,978	215,467
3010,000	20,000	3030,000	16,776	0,000	0,000	0,000	34,617	0,000	25,180	0,000	34,617	0,000	133812,918	134147,383	134148,383	134152,271	134155,289	134155,289	134155,319	49092,918	49307,383	49308,383	49312,271	49315,289	49315,289	49315,319	0,000	0,000	0,000	0,000	13,440	13,440	NaN	NaN	1,000	419,000	607,000	868,978	215,467
490,000	890,000	1380,000	0,864	14,607	30,831	10,000	37,098	17,616	22,554	2,626	33,071	130,000	133812,918	134204,699	134205,699	134207,053	134207,550	134207,680	134208,449	49092,918	49324,699	49325,699	49327,053	49327,550	49327,680	49328,449	12,207	12,855	1,743	2,012	13,440	13,440	14,986	18,628	1,000	847,000	194,000	868,978	215,467
580,000	850,000	1430,000	0,698	27,059	27,574	8,000	38,547	17,034	21,703	3,477	35,139	230,000	133812,918	134211,346	134212,346	134215,265	134215,849	134216,079	134216,709	49092,918	49331,346	49332,346	49335,265	49335,849	49336,079	49336,709	12,256	12,169	2,594	2,504	13,440	13,440	0,482	13,077	1,000	877,000	192,000	868,978	215,467
200,000	50,000	250,000	18,111	0,000	0,350	0,000	32,005	0,015	25,180	0,000	31,945	0,000	133812,918	134219,191	134220,192	134222,814	134223,019	134223,019	134223,079	49092,918	49339,191	49340,192	49342,814	49343,019	49343,019	49343,079	0,030	0,000	0,003	0,000	13,440	13,440	0,030	NaN	1,000	423,000	680,000	868,978	215,467
160,000	30,000	190,000	18,985	0,000	0,000	0,000	29,231	0,000	25,180	0,000	29,231	0,000	133812,918	134227,698	134228,699	134230,639	134230,840	134230,840	134230,879	49092,918	49347,698	49348,700	49350,639	49350,840	49350,840	49350,879	0,000	0,000	0,000	0,000	13,440	13,440	NaN	NaN	1,000	385,000	686,000	868,978	215,467
150,000	40,000	190,000	17,536	0,000	0,894	0,000	32,744	0,040	25,177	0,004	32,810	0,000	133812,918	134239,007	134240,007	134241,238	134241,439	134241,439	134241,490	49092,918	49359,007	49360,007	49361,238	49361,439	49361,439	49361,490	0,000	0,029	0,000	0,003	13,440	13,440	0,040	NaN	1,000	418,000	646,000	868,978	215,467
160,000	20,000	180,000	18,388	0,000	0,000	0,000	31,124	0,000	25,180	0,000	31,124	0,000	133812,918	134243,366	134244,367	134246,084	134246,284	134246,284	134246,309	49092,918	49363,366	49364,367	49366,084	49366,284	49366,284	49366,309	0,000	0,000	0,000	0,000	13,440	13,440	NaN	NaN	1,000	413,000	684,000	868,978	215,467
440,000	60,000	500,000	18,406	0,000	0,906	0,000	30,914	0,040	25,180	0,000	30,890	0,000	133812,918	134248,773	134249,774	134251,355	134251,801	134251,801	134251,869	49092,918	49368,773	49369,774	49371,355	49371,801	49371,801	49371,869	0,030	0,029	0,000	0,000	13,440	13,440	0,087	NaN	1,000	409,000	681,000	868,978	215,467
560,000	870,000	1430,000	6,415	29,885	21,487	9,000	35,380	10,854	24,285	0,895	30,885	260,000	133812,918	134258,644	134259,644	134301,624	134302,191	134302,451	134303,069	49092,918	49378,644	49379,644	49381,624	49382,191	49382,451	49383,069	8,072	7,796	0,782	0,603	13,440	13,440	15,224	6,082	1,000	710,000	379,000	868,978	215,467
530,000	900,000	1430,000	5,150	15,556	20,877	10,000	35,615	12,146	24,488	0,693	31,078	140,000	133812,918	134308,904	134309,904	134312,989	134313,519	134313,659	134314,429	49092,918	49388,904	49389,904	49392,989	49393,519	49393,659	49394,429	8,736	8,813	0,500	0,510	13,440	13,440	13,507	3,874	1,000	723,000	326,000	868,978	215,467
90,000	210,000	300,000	18,064	76,190	1,077	1,000	31,041	0,112	25,095	0,085	31,079	160,000	133812,918	134319,133	134320,134	134323,328	134323,528	134323,688	134323,739	49092,918	49399,133	49400,134	49403,328	49403,528	49403,688	49403,739	0,028	0,113	0,028	0,083	13,440	13,440	0,299	0,480	1,000	396,000	650,000	868,978	215,467
110,000	20,000	130,000	18,295	0,000	0,000	0,000	30,862	0,000	25,180	0,000	30,862	0,000	133812,918	134329,676	134330,676	134332,543	134332,744	134332,744	134332,769	49092,918	49409,676	49410,676	49412,543	49412,744	49412,744	49412,769	0,000	0,000	0,000	0,000	13,440	13,440	NaN	NaN	1,000	395,000	661,000	868,978	215,467
30,000	150,000	180,000	20,426	80,000	1,210	1,000	23,606	0,091	25,110	0,070	23,606	120,000	133812,918	134339,831	134340,832	134344,637	134344,838	134344,958	134344,989	49092,918	49419,831	49420,832	49424,637	49424,838	49424,958	49424,989	0,028	0,086	0,030	0,064	13,440	13,440	NaN	0,413	1,000	279,000	639,000	868,978	215,467
580,000	850,000	1430,000	0,666	16,471	34,742	10,000	37,977	18,258	23,711	1,469	32,630	140,000	133812,918	134349,261	134350,261	134351,271	134351,861	134352,000	134352,719	49092,918	49429,261	49430,261	49431,271	49431,861	49432,001	49432,719	13,245	12,973	1,093	1,089	13,440	13,440	0,247	10,162	1,000	879,000	194,000	868,978	215,467
400,000	910,000	1310,000	0,730	17,582	34,596	10,000	38,047	18,321	22,166	3,014	33,742	160,000	133812,918	134355,467	134356,468	134358,281	134358,689	134358,849	134359,609	49092,918	49435,467	49436,468	49438,281	49438,689	49438,849	49439,609	13,136	13,079	2,152	2,250	13,440	13,440	17,224	19,832	1,000	882,000	193,000	868,978	215,467
550,000	880,000	1430,000	2,796	18,182	21,994	7,000	37,437	13,987	24,017	1,163	32,554	160,000	133812,918	134416,051	134417,052	134418,938	134419,500	134419,660	134420,390	49092,918	49456,051	49457,052	49458,938	49459,500	49459,660	49460,390	10,342	9,908	0,919	0,829	13,440	13,440	9,121	7,166	1,000	808,000	294,000	868,978	215,467
