910,000	60,000	970,000	18,647	0,000	0,369	0,000	56,067	0,016	17,165	0,000	56,106	0,000	94921,284	94936,465	94937,466	94938,998	94939,913	94939,913	94939,984	35361,284	35376,465	35377,466	35378,998	35379,913	35379,913	35379,984	0,000	0,029	0,000	0,000	-13,440	13,440	0,035	NaN	1,000	1033,000	691,000	571,022	215,467
60,000	110,000	170,000	18,249	0,000	1,962	0,000	57,251	0,141	17,164	0,001	57,436	0,000	94921,284	94943,889	94944,888	94946,372	94946,573	94946,573	94946,693	35361,284	35383,889	35384,888	35386,373	35386,573	35386,573	35386,693	0,057	0,171	0,000	0,003	-13,440	13,440	1,856	NaN	1,000	1037,000	667,000	571,022	215,467
410,000	200,000	610,000	18,247	85,000	2,778	1,000	56,450	0,164	17,012	0,154	56,450	170,000	94921,284	94950,169	94951,169	94954,758	94955,174	94955,344	94955,384	35361,284	35390,169	35391,169	35394,758	35395,174	35395,344	35395,384	0,084	0,169	0,084	0,151	-13,440	13,440	NaN	0,094	1,000	1031,000	673,000	571,022	215,467
510,000	920,000	1430,000	2,196	19,565	29,796	8,000	53,824	15,298	16,502	0,664	56,575	180,000	94921,284	94958,592	94959,593	95002,806	95003,323	95003,503	95004,255	35361,284	35398,592	35399,593	35402,806	35403,323	35403,503	35404,255	11,300	10,659	0,428	0,600	-13,440	13,440	13,480	2,510	1,000	615,000	280,000	571,022	215,467
420,000	1010,000	1430,000	1,266	10,891	29,802	14,000	52,674	15,797	17,014	0,152	56,585	110,000	94921,284	95006,077	95007,079	95009,144	95009,573	95009,683	95010,594	35361,284	35406,078	35407,079	35409,144	35409,573	35409,683	35410,594	11,269	11,583	0,087	0,174	-13,440	13,440	18,932	1,079	1,000	605,000	245,000	571,022	215,467
480,000	230,000	710,000	18,436	95,652	1,199	0,000	57,111	0,170	16,999	0,167	57,111	220,000	94921,284	95012,064	95013,066	95015,513	95016,004	95016,224	95016,243	35361,284	35412,064	35413,066	35415,513	35416,004	35416,224	35416,243	0,058	0,227	0,057	0,224	-13,440	13,440	NaN	0,879	1,000	1050,000	663,000	571,022	215,467
430,000	490,000	920,000	0,086	85,714	6,382	1,000	65,389	1,432	15,761	1,405	65,355	420,000	94921,284	95019,226	95020,226	95022,453	95022,893	95023,313	95023,393	35361,284	35419,226	35420,226	35422,453	35422,893	35423,313	35423,393	1,070	1,125	1,041	1,123	-13,440	13,440	0,225	0,067	1,000	568,000	215,000	571,022	215,467
100,000	210,000	310,000	18,332	57,143	0,853	2,000	57,451	0,078	17,104	0,061	57,490	120,000	94921,284	95024,739	95025,739	95028,988	95029,188	95029,308	95029,403	35361,284	35424,739	35425,739	35428,988	35429,188	35429,308	35429,403	0,056	0,057	0,057	0,029	-13,440	13,440	0,353	0,416	1,000	1043,000	665,000	571,022	215,467
600,000	830,000	1430,000	7,020	28,916	27,805	11,000	56,212	11,059	15,894	1,271	56,506	240,000	94921,284	95032,773	95033,773	95037,423	95038,035	95038,275	95038,874	35361,284	35432,773	35433,773	35437,423	35438,035	35438,275	35438,874	8,819	6,949	0,860	1,058	-13,440	13,440	19,348	4,914	1,000	721,000	415,000	571,022	215,467
720,000	150,000	870,000	18,466	0,000	1,408	0,000	56,093	0,127	17,165	0,000	56,233	0,000	94921,284	95040,764	95041,764	95044,200	95044,924	95044,924	95045,085	35361,284	35440,764	35441,764	35444,200	35444,924	35444,924	35445,085	0,058	0,143	0,000	0,000	-13,440	13,440	1,299	NaN	1,000	1032,000	683,000	571,022	215,467
190,000	100,000	290,000	16,679	0,000	1,911	0,000	57,928	0,152	17,163	0,002	57,973	0,000	94921,284	95048,042	95049,043	95050,356	95050,557	95050,557	95050,664	35361,284	35448,042	35449,043	35450,356	35450,557	35450,557	35450,664	0,115	0,058	0,003	0,000	-13,440	13,440	1,775	NaN	1,000	999,000	626,000	571,022	215,467
250,000	120,000	370,000	19,148	91,667	1,395	0,000	57,227	0,111	17,056	0,109	57,227	110,000	94921,284	95053,450	95054,450	95058,046	95058,304	95058,414	95058,434	35361,284	35453,450	35454,450	35458,046	35458,304	35458,414	35458,434	0,115	0,028	0,114	0,028	-13,440	13,440	NaN	1,322	1,000	1064,000	685,000	571,022	215,467
900,000	530,000	1430,000	6,397	24,528	25,692	6,000	55,339	9,812	15,879	1,286	56,985	130,000	94921,284	95102,554	95103,555	95107,249	95108,154	95108,284	95108,694	35361,284	35462,554	35463,555	35467,249	35468,154	35468,284	35468,694	7,402	6,669	0,923	0,972	-13,440	13,440	13,626	7,237	1,000	727,000	381,000	571,022	215,467
560,000	870,000	1430,000	0,522	36,782	27,387	10,000	52,785	16,883	12,742	4,423	55,543	320,000	94921,284	95110,410	95111,412	95114,497	95115,064	95115,384	95115,943	35361,284	35470,410	35471,412	35474,497	35475,064	35475,384	35475,943	11,933	12,490	3,184	3,436	-13,440	13,440	0,098	16,923	1,000	588,000	208,000	571,022	215,467
170,000	80,000	250,000	17,836	0,000	0,917	0,000	56,101	0,040	17,165	0,000	56,114	0,000	94921,284	95117,403	95118,405	95121,430	95121,631	95121,631	95121,715	35361,284	35477,403	35478,405	35481,430	35481,631	35481,631	35481,715	0,030	0,029	0,000	0,000	-13,440	13,440	0,088	NaN	1,000	1007,000	676,000	571,022	215,467
1050,000	340,000	1390,000	15,603	97,059	14,316	0,000	57,355	2,730	14,435	2,730	57,355	330,000	94921,284	95124,891	95125,892	95127,486	95128,543	95128,873	95128,894	35361,284	35484,891	35485,892	35487,486	35488,543	35488,873	35488,894	2,139	1,633	2,141	1,631	-13,440	13,440	NaN	3,604	1,000	967,000	604,000	571,022	215,467
1220,000	210,000	1430,000	12,161	57,143	21,843	2,000	57,447	3,811	15,102	2,063	57,914	120,000	94921,284	95131,748	95132,748	95134,019	95135,245	95135,365	95135,466	35361,284	35491,748	35492,748	35494,019	35495,245	35495,365	35495,466	2,969	2,445	1,636	1,320	-13,440	13,440	1,667	18,116	1,000	878,000	520,000	571,022	215,467
720,000	710,000	1430,000	3,648	29,577	28,459	8,000	53,190	13,434	14,307	2,858	55,882	210,000	94921,284	95137,440	95138,440	95140,903	95141,634	95141,844	95142,354	35361,284	35497,441	35498,440	35500,903	35501,634	35501,844	35502,354	9,501	9,889	2,052	2,164	-13,440	13,440	4,578	15,947	1,000	675,000	293,000	571,022	215,467
30,000	100,000	130,000	18,247	0,000	0,554	0,000	56,929	0,024	17,165	0,000	56,904	0,000	94921,284	95143,940	95144,941	95147,744	95147,945	95147,945	95148,053	35361,284	35503,940	35504,941	35507,744	35507,945	35507,945	35508,053	0,030	0,000	0,000	0,000	-13,440	13,440	0,053	NaN	1,000	1032,000	672,000	571,022	215,467
620,000	810,000	1430,000	0,557	25,926	32,628	6,000	53,434	16,916	14,357	2,808	56,057	210,000	94921,284	95151,344	95152,346	95153,926	95154,554	95154,764	95155,376	35361,284	35511,344	35512,346	35513,926	35514,554	35514,764	35515,376	12,377	12,014	2,020	2,132	-13,440	13,440	6,985	12,648	1,000	552,000	210,000	571,022	215,467
540,000	890,000	1430,000	1,758	39,326	24,133	8,000	52,208	15,694	10,943	6,222	54,660	350,000	94921,284	95156,573	95157,572	95200,169	95200,715	95201,065	95201,613	35361,284	35516,573	35517,572	35520,169	35520,715	35521,065	35521,613	10,862	11,784	4,455	4,631	-13,440	13,440	5,616	19,883	1,000	625,000	247,000	571,022	215,467
300,000	1130,000	1430,000	0,595	20,354	31,078	8,000	53,422	18,668	16,627	0,538	56,548	230,000	94921,284	95203,105	95204,106	95205,193	95205,505	95205,735	95206,644	35361,284	35523,105	35524,106	35525,193	35525,505	35525,735	35526,644	13,809	12,859	0,290	0,573	-13,440	13,440	5,783	1,041	1,000	550,000	213,000	571,022	215,467
730,000	700,000	1430,000	4,221	35,714	29,001	4,000	54,852	13,340	14,185	2,980	56,791	250,000	94921,284	95207,883	95208,884	95211,562	95212,293	95212,543	95213,005	35361,284	35527,883	35528,884	35531,562	35532,293	35532,543	35533,005	10,145	8,904	2,331	2,050	-13,440	13,440	3,201	13,491	1,000	668,000	330,000	571,022	215,467
400,000	1030,000	1430,000	1,109	28,155	31,155	8,000	52,465	17,039	13,887	3,279	55,516	290,000	94921,284	95215,014	95216,013	95219,296	95219,703	95219,993	95220,744	35361,284	35535,014	35536,013	35539,296	35539,703	35539,993	35540,744	12,173	12,330	2,467	2,419	-13,440	13,440	9,558	19,143	1,000	596,000	246,000	571,022	215,467
450,000	980,000	1430,000	0,486	31,633	30,932	8,000	54,778	17,760	13,645	3,521	57,502	310,000	94921,284	95222,123	95223,124	95224,399	95224,853	95225,163	95225,843	35361,284	35542,123	35543,124	35544,399	35544,854	35545,164	35545,843	13,455	11,818	2,816	2,333	-13,440	13,440	6,368	15,737	1,000	556,000	224,000	571,022	215,467
390,000	1010,000	1400,000	0,655	16,832	31,561	12,000	52,676	18,917	14,467	2,699	56,145	170,000	94921,284	95227,049	95228,048	95229,673	95230,074	95230,244	95231,093	35361,284	35547,049	35548,048	35549,673	35550,074	35550,244	35551,093	13,642	13,446	2,090	2,013	-13,440	13,440	13,908	18,791	1,000	552,000	202,000	571,022	215,467
660,000	770,000	1430,000	2,065	22,078	28,948	8,000	54,835	14,298	13,952	3,214	57,808	170,000	94921,284	95232,488	95233,488	95237,485	95238,154	95238,324	95238,933	35361,284	35552,488	35553,488	35557,485	35558,154	35558,324	35558,933	10,512	9,887	2,519	2,117	-13,440	13,440	9,506	19,148	1,000	627,000	263,000	571,022	215,467
30,000	20,000	50,000	18,750	0,000	0,000	0,000	57,364	0,000	17,165	0,000	57,364	0,000	94921,284	95240,658	95241,658	95243,309	95243,510	95243,510	95243,533	35361,284	35560,658	35561,658	35563,309	35563,510	35563,510	35563,533	0,000	0,000	0,000	0,000	-13,440	13,440	NaN	NaN	1,000	1054,000	675,000	571,022	215,467
30,000	30,000	60,000	18,805	0,000	0,000	0,000	56,932	0,000	17,165	0,000	56,932	0,000	94921,284	95246,129	95247,129	95249,894	95250,095	95250,095	95250,133	35361,284	35566,129	35567,129	35569,894	35570,095	35570,095	35570,133	0,000	0,000	0,000	0,000	-13,440	13,440	NaN	NaN	1,000	1049,000	683,000	571,022	215,467
410,000	100,000	510,000	19,362	0,000	0,976	0,000	56,709	0,056	17,165	0,000	56,759	0,000	94921,284	95252,724	95253,724	95256,292	95256,703	95256,703	95256,815	35361,284	35572,724	35573,724	35576,292	35576,703	35576,703	35576,815	0,029	0,057	0,000	0,000	-13,440	13,440	0,472	NaN	1,000	1064,000	696,000	571,022	215,467
650,000	780,000	1430,000	2,408	15,385	31,200	10,000	54,263	14,761	16,235	0,930	56,671	120,000	94921,284	95257,400	95258,399	95301,808	95302,464	95302,584	95303,254	35361,284	35577,400	35578,399	35581,808	35582,464	35582,584	35583,254	11,057	10,032	0,642	0,772	-13,440	13,440	11,484	7,847	1,000	621,000	285,000	571,022	215,467
780,000	650,000	1430,000	1,107	36,923	32,296	6,000	53,597	15,188	13,661	3,504	55,476	240,000	94921,284	95304,622	95305,623	95308,688	95309,476	95309,716	95310,133	35361,284	35584,622	35585,623	35588,688	35589,476	35589,716	35590,133	11,174	10,782	2,735	2,492	-13,440	13,440	9,782	17,339	1,000	579,000	254,000	571,022	215,467
570,000	860,000	1430,000	2,039	23,256	31,080	6,000	53,123	15,101	16,288	0,877	55,692	200,000	94921,284	95311,458	95312,458	95316,268	95316,844	95317,044	95317,714	35361,284	35591,458	35592,459	35596,268	35596,844	35597,044	35597,714	10,966	10,872	0,486	0,929	-13,440	13,440	16,715	4,911	1,000	622,000	267,000	571,022	215,467
30,000	20,000	50,000	19,405	0,000	0,000	0,000	57,008	0,000	17,165	0,000	57,008	0,000	94921,284	95319,093	95320,093	95323,285	95323,486	95323,486	95323,513	35361,284	35599,093	35600,093	35603,285	35603,486	35603,486	35603,513	0,000	0,000	0,000	0,000	-13,440	13,440	NaN	NaN	1,000	1069,000	693,000	571,022	215,467
470,000	960,000	1430,000	1,332	14,583	31,236	8,000	55,930	15,636	16,934	0,231	57,753	140,000	94921,284	95324,280	95325,280	95326,510	95326,984	95327,124	95327,955	35361,284	35604,281	35605,280	35606,510	35606,984	35607,124	35607,955	12,308	9,984	0,104	0,243	-13,440	13,440	21,854	0,356	1,000	584,000	261,000	571,022	215,467
480,000	950,000	1430,000	1,743	14,737	30,497	10,000	53,226	15,653	16,906	0,260	56,476	140,000	94921,284	95329,459	95330,458	95331,734	95332,224	95332,364	95333,183	35361,284	35609,459	35610,458	35611,734	35612,224	35612,364	35613,183	11,267	11,275	0,112	0,314	-13,440	13,440	14,340	1,187	1,000	617,000	257,000	571,022	215,467
170,000	240,000	410,000	18,747	62,500	0,555	2,000	57,097	0,055	17,126	0,039	57,135	150,000	94921,284	95334,498	95335,499	95339,394	95339,595	95339,745	95339,843	35361,284	35614,498	35615,499	35619,394	35619,595	35619,745	35619,843	0,028	0,057	0,028	0,029	-13,440	13,440	0,154	0,179	1,000	1051,000	678,000	571,022	215,467
550,000	880,000	1430,000	2,766	42,045	26,903	6,000	53,942	14,733	13,522	3,643	56,571	370,000	94921,284	95342,710	95343,710	95347,156	95347,713	95348,083	95348,603	35361,284	35622,710	35623,710	35627,156	35627,714	35628,084	35628,603	11,003	10,113	2,937	2,427	-13,440	13,440	3,292	13,547	1,000	626,000	297,000	571,022	215,467
420,000	120,000	540,000	18,387	91,667	1,320	0,000	56,310	0,086	17,081	0,085	56,310	110,000	94921,284	95350,355	95351,355	95352,389	95352,816	95352,926	95352,946	35361,284	35630,355	35631,355	35632,389	35632,816	35632,926	35632,946	0,028	0,113	0,028	0,111	-13,440	13,440	NaN	0,812	1,000	1030,000	681,000	571,022	215,467
630,000	800,000	1430,000	3,668	37,500	31,375	6,000	55,578	13,863	14,375	2,790	57,117	300,000	94921,284	95357,087	95358,088	95359,916	95400,555	95400,855	95401,365	35361,284	35637,087	35638,088	35639,916	35640,555	35640,855	35641,365	10,709	9,064	2,133	2,057	-13,440	13,440	4,610	10,248	1,000	649,000	320,000	571,022	215,467
