30,000	1400,000	1430,000	18,565	11,429	4,298	18,000	34,282	2,235	25,111	0,069	31,705	160,000	94156,923	94318,545	94319,546	94320,791	94320,991	94321,151	94322,393	34916,923	34998,546	34999,546	35000,791	35000,991	35001,151	35002,393	2,166	1,259	0,086	0,028	13,440	13,440	1,638	0,301	1,000	403,000	683,000	868,978	215,467
1330,000	100,000	1430,000	14,513	0,000	18,222	0,000	33,671	1,461	25,166	0,014	33,079	0,000	94156,923	94323,015	94324,017	94327,873	94329,213	94329,213	94329,323	34916,923	35003,016	35004,017	35007,873	35009,213	35009,213	35009,323	1,044	1,070	0,010	0,010	13,440	13,440	14,676	NaN	1,000	495,000	571,000	868,978	215,467
130,000	150,000	280,000	15,671	93,333	0,819	0,000	38,242	0,062	25,120	0,060	38,242	140,000	94156,923	94332,685	94333,685	94335,599	94335,800	94335,940	94335,953	34916,923	35012,685	35013,685	35015,599	35015,800	35015,940	35015,953	0,028	0,057	0,028	0,054	13,440	13,440	NaN	0,630	1,000	489,000	623,000	868,978	215,467
90,000	180,000	270,000	17,313	83,333	1,814	1,000	33,913	0,141	25,054	0,126	33,913	150,000	94156,923	94338,139	94339,140	94341,879	94342,079	94342,229	94342,263	34916,923	35018,139	35019,140	35021,879	35022,079	35022,229	35022,263	0,056	0,113	0,057	0,095	13,440	13,440	NaN	0,147	1,000	431,000	648,000	868,978	215,467
30,000	60,000	90,000	18,149	0,000	0,910	0,000	31,716	0,040	25,180	0,000	31,692	0,000	94156,923	94348,122	94349,123	94352,945	94353,146	94353,146	94353,213	34916,923	35028,123	35029,123	35032,945	35033,146	35033,146	35033,213	0,030	0,029	0,000	0,000	13,440	13,440	0,087	NaN	1,000	419,000	678,000	868,978	215,467
290,000	160,000	450,000	18,547	81,250	0,784	1,000	31,298	0,079	25,114	0,066	31,298	130,000	94156,923	94357,270	94358,271	94359,533	94359,825	94359,955	94399,994	34916,923	35037,270	35038,271	35039,533	35039,825	35039,955	35039,994	0,058	0,058	0,048	0,054	13,440	13,440	NaN	0,298	1,000	426,000	704,000	868,978	215,467
660,000	770,000	1430,000	3,290	27,273	23,069	8,000	37,486	12,752	22,369	2,811	35,401	210,000	94156,923	94404,775	94405,775	94406,961	94407,625	94407,834	94408,403	34916,923	35044,775	35045,775	35046,961	35047,625	35047,835	35048,403	8,845	9,356	2,059	2,021	13,440	13,440	4,479	12,620	1,000	778,000	289,000	868,978	215,467
350,000	40,000	390,000	19,142	0,000	0,316	0,000	29,256	0,014	25,179	0,001	29,276	0,000	94156,923	94410,148	94411,148	94412,251	94412,604	94412,604	94412,655	34916,923	35050,148	35051,148	35052,251	35052,604	35052,604	35052,655	0,000	0,000	0,000	0,000	13,440	13,440	0,014	NaN	1,000	389,000	698,000	868,978	215,467
60,000	30,000	90,000	18,866	0,000	0,000	0,000	29,965	0,000	25,180	0,000	29,965	0,000	94156,923	94415,608	94416,608	94418,546	94418,747	94418,747	94418,784	34916,923	35055,608	35056,608	35058,546	35058,747	35058,747	35058,784	0,000	0,000	0,000	0,000	13,440	13,440	NaN	NaN	1,000	402,000	697,000	868,978	215,467
110,000	150,000	260,000	18,187	0,000	0,658	0,000	31,471	0,049	25,180	0,000	31,546	0,000	94156,923	94421,792	94422,792	94426,628	94426,828	94426,828	94426,984	34916,923	35061,793	35062,793	35066,628	35066,828	35066,828	35066,984	0,000	0,057	0,000	0,000	13,440	13,440	0,526	NaN	1,000	414,000	675,000	868,978	215,467
1210,000	220,000	1430,000	12,720	95,455	17,649	0,000	35,721	2,892	22,432	2,749	35,524	210,000	94156,923	94427,877	94428,876	94432,720	94433,935	94434,145	94434,163	34916,923	35067,877	35068,876	35072,720	35073,935	35074,145	35074,163	2,133	2,082	2,018	1,983	13,440	13,440	NaN	16,711	1,000	555,000	541,000	868,978	215,467
30,000	110,000	140,000	18,790	90,909	0,537	0,000	30,419	0,039	25,144	0,036	30,419	100,000	94156,923	94436,870	94437,869	94440,201	94440,401	94440,501	94440,513	34916,923	35076,870	35077,869	35080,201	35080,401	35080,501	35080,513	0,000	0,029	0,000	0,026	13,440	13,440	NaN	0,194	1,000	409,000	700,000	868,978	215,467
30,000	140,000	170,000	17,651	92,857	1,236	0,000	33,066	0,094	25,087	0,093	33,066	130,000	94156,923	94441,102	94442,103	94443,924	94444,125	94444,255	94444,274	34916,923	35081,102	35082,103	35083,924	35084,125	35084,255	35084,274	0,086	0,056	0,086	0,057	13,440	13,440	NaN	1,163	1,000	428,000	662,000	868,978	215,467
570,000	860,000	1430,000	1,931	17,442	28,488	8,000	35,414	15,790	23,916	1,264	31,259	150,000	94156,923	94448,820	94449,820	94452,113	94452,683	94452,833	94453,554	34916,923	35088,820	35089,820	35092,113	35092,683	35092,833	35093,554	10,874	11,821	1,030	0,910	13,440	13,440	10,186	10,207	1,000	807,000	245,000	868,978	215,467
30,000	110,000	140,000	19,022	0,000	0,580	0,000	28,532	0,025	25,180	0,000	28,568	0,000	94156,923	94455,773	94456,773	94459,176	94459,377	94459,377	94459,494	34916,923	35095,773	35096,773	35099,176	35099,377	35099,377	35099,494	0,000	0,029	0,000	0,000	13,440	13,440	0,056	NaN	1,000	361,000	662,000	868,978	215,467
650,000	780,000	1430,000	1,253	24,359	29,720	6,000	36,891	16,054	22,477	2,703	32,189	190,000	94156,923	94502,990	94503,990	94505,861	94506,513	94506,703	94507,304	34916,923	35102,990	35103,990	35105,861	35106,513	35106,703	35107,304	11,520	11,585	1,788	2,118	13,440	13,440	1,248	13,800	1,000	845,000	253,000	868,978	215,467
870,000	560,000	1430,000	5,108	42,857	33,238	4,000	38,096	10,573	21,378	3,802	35,861	240,000	94156,923	94508,829	94509,829	94512,289	94513,163	94513,403	94513,734	34916,923	35108,829	35109,829	35112,289	35113,163	35113,403	35113,734	7,657	7,621	2,662	2,943	13,440	13,440	1,479	18,301	1,000	759,000	360,000	868,978	215,467
30,000	1060,000	1090,000	19,381	27,358	36,135	5,000	56,444	14,226	22,625	2,555	62,180	290,000	94156,923	94515,465	94516,465	94517,524	94517,725	94518,015	94518,794	34916,923	35115,465	35116,465	35117,524	35117,725	35118,015	35118,794	10,409	10,383	1,955	2,063	13,440	13,440	10,562	14,850	1,000	377,000	698,000	868,978	215,467
70,000	240,000	310,000	7,043	95,833	6,721	0,000	61,264	0,795	24,385	0,795	61,264	230,000	94156,923	94524,213	94525,213	94526,231	94526,432	94526,662	94526,673	34916,923	35124,213	35125,213	35126,231	35126,432	35126,662	35126,673	0,422	0,845	0,422	0,843	13,440	13,440	NaN	1,351	1,000	703,000	403,000	868,978	215,467
30,000	120,000	150,000	18,705	0,000	1,593	0,000	30,230	0,117	25,180	0,000	30,152	0,000	94156,923	94529,586	94530,586	94533,009	94533,209	94533,209	94533,333	34916,923	35129,586	35130,586	35133,009	35133,209	35133,209	35133,333	0,087	0,086	0,000	0,000	13,440	13,440	1,551	NaN	1,000	394,000	681,000	868,978	215,467
30,000	1400,000	1430,000	0,756	21,429	27,999	14,000	45,112	18,061	21,560	3,620	46,130	300,000	94156,923	94541,768	94542,767	94544,422	94544,623	94544,923	94546,023	34916,923	35141,768	35142,767	35144,422	35144,623	35144,923	35146,023	12,299	13,135	2,432	2,580	13,440	13,440	4,272	2,454	1,000	856,000	239,000	868,978	215,467
30,000	690,000	720,000	14,257	20,290	13,125	9,000	41,046	2,353	24,592	0,588	40,768	140,000	94156,923	94547,711	94548,711	94551,089	94551,289	94551,429	94551,983	34916,923	35147,711	35148,711	35151,089	35151,289	35151,429	35151,983	1,491	1,773	0,255	0,511	13,440	13,440	1,499	1,390	1,000	522,000	585,000	868,978	215,467
610,000	820,000	1430,000	0,141	17,073	25,398	12,000	38,280	16,290	22,864	2,316	34,392	140,000	94156,923	94558,863	94559,863	94603,431	94604,046	94604,186	94604,874	34916,923	35158,863	35159,863	35163,431	35164,046	35164,186	35164,874	11,316	11,908	1,355	1,911	13,440	13,440	1,498	16,252	1,000	864,000	215,000	868,978	215,467
780,000	650,000	1430,000	0,690	43,077	32,955	4,000	38,312	15,975	18,618	6,562	33,405	280,000	94156,923	94608,499	94609,499	94611,362	94612,144	94612,424	94612,803	34916,923	35168,499	35169,499	35171,362	35172,144	35172,424	35172,803	11,943	11,264	4,394	5,099	13,440	13,440	1,832	22,293	1,000	869,000	240,000	868,978	215,467
140,000	1290,000	1430,000	1,172	19,380	18,625	14,000	50,257	11,199	24,681	0,499	50,589	250,000	94156,923	94617,624	94618,625	94619,895	94620,096	94620,346	94621,394	34916,923	35177,624	35178,625	35179,895	35180,096	35180,346	35181,394	8,499	7,319	0,339	0,386	13,440	13,440	6,601	0,377	1,000	889,000	252,000	868,978	215,467
640,000	790,000	1430,000	2,642	24,051	27,263	8,000	36,878	13,472	22,453	2,727	33,537	190,000	94156,923	94623,549	94624,550	94627,288	94627,933	94628,123	94628,735	34916,923	35183,549	35184,550	35187,288	35187,933	35188,123	35188,735	9,302	9,977	1,674	2,211	13,440	13,440	3,026	13,148	1,000	798,000	277,000	868,978	215,467
30,000	30,000	60,000	5,774	0,000	0,000	0,000	63,280	0,000	25,180	0,000	63,280	0,000	94156,923	94630,313	94631,314	94632,457	94632,658	94632,658	94632,694	34916,923	35190,313	35191,314	35192,457	35192,658	35192,658	35192,694	0,000	0,000	0,000	0,000	13,440	13,440	NaN	NaN	1,000	735,000	371,000	868,978	215,467
410,000	1020,000	1430,000	0,993	10,784	31,733	12,000	36,509	16,557	25,071	0,109	31,431	110,000	94156,923	94638,367	94639,367	94640,919	94641,334	94641,444	94642,365	34916,923	35198,367	35199,367	35200,919	35201,334	35201,444	35202,365	11,497	12,252	0,080	0,097	13,440	13,440	6,042	0,408	1,000	835,000	225,000	868,978	215,467
610,000	820,000	1430,000	0,470	17,073	29,838	9,000	37,060	16,848	23,092	2,088	32,070	140,000	94156,923	94644,321	94645,321	94649,128	94649,744	94649,884	94650,574	34916,923	35204,321	35205,321	35209,128	35209,744	35209,884	35210,574	11,696	12,397	1,011	1,874	13,440	13,440	7,120	15,124	1,000	856,000	226,000	868,978	215,467
30,000	20,000	50,000	18,056	0,000	0,000	0,000	32,171	0,000	25,180	0,000	32,171	0,000	94156,923	94658,404	94659,404	94701,740	94701,941	94701,941	94701,964	34916,923	35218,404	35219,404	35221,740	35221,941	35221,941	35221,964	0,000	0,000	0,000	0,000	13,440	13,440	NaN	NaN	1,000	429,000	683,000	868,978	215,467
590,000	840,000	1430,000	1,089	16,667	29,029	10,000	39,680	16,903	23,684	1,497	32,795	140,000	94156,923	94707,802	94708,802	94711,566	94712,165	94712,305	94713,014	34916,923	35227,802	35228,802	35231,566	35232,165	35232,305	35233,014	13,055	11,365	0,930	1,218	13,440	13,440	1,750	10,179	1,000	890,000	248,000	868,978	215,467
1040,000	390,000	1430,000	9,222	51,282	27,238	1,000	33,522	7,313	22,343	2,837	31,776	200,000	94156,923	94714,586	94715,587	94718,097	94719,144	94719,344	94719,545	34916,923	35234,586	35235,587	35238,097	35239,144	35239,344	35239,545	4,724	5,806	1,560	2,436	13,440	13,440	8,667	16,571	1,000	630,000	440,000	868,978	215,467
240,000	20,000	260,000	18,336	0,000	0,000	0,000	31,473	0,000	25,180	0,000	31,473	0,000	94156,923	94721,906	94722,906	94724,248	94724,495	94724,495	94724,525	34916,923	35241,906	35242,906	35244,248	35244,495	35244,495	35244,525	0,000	0,000	0,000	0,000	13,440	13,440	NaN	NaN	1,000	423,000	691,000	868,978	215,467
750,000	680,000	1430,000	3,862	48,529	26,998	3,000	36,870	12,558	18,955	6,225	35,215	330,000	94156,923	94727,556	94728,556	94731,111	94731,863	94732,193	94732,553	34916,923	35247,556	35248,556	35251,111	35251,863	35252,193	35252,553	8,959	9,080	4,373	4,662	13,440	13,440	3,778	20,458	1,000	764,000	304,000	868,978	215,467
130,000	100,000	230,000	17,114	90,000	0,906	0,000	34,057	0,055	25,126	0,054	34,057	90,000	94156,923	94734,444	94735,444	94738,879	94739,080	94739,170	94739,185	34916,923	35254,444	35255,444	35258,879	35259,080	35259,170	35259,185	0,058	0,028	0,057	0,028	13,440	13,440	NaN	0,695	1,000	436,000	643,000	868,978	215,467
770,000	660,000	1430,000	6,442	34,848	20,459	6,000	34,949	10,448	22,050	3,130	32,295	230,000	94156,923	94743,045	94744,046	94745,139	94745,915	94746,145	94746,585	34916,923	35263,045	35264,046	35265,139	35265,915	35266,145	35266,585	6,932	7,983	1,753	2,629	13,440	13,440	0,145	16,106	1,000	699,000	369,000	868,978	215,467
790,000	20,000	810,000	18,368	0,000	0,000	0,000	31,148	0,000	25,180	0,000	31,148	0,000	94156,923	94757,904	94758,906	94801,068	94801,865	94801,865	94801,893	34916,923	35277,904	35278,906	35281,068	35281,865	35281,865	35281,893	0,000	0,000	0,000	0,000	13,440	13,440	NaN	NaN	1,000	414,000	684,000	868,978	215,467
980,000	450,000	1430,000	8,698	28,889	23,435	3,000	34,125	7,674	24,161	1,020	32,159	130,000	94156,923	94806,064	94807,064	94810,929	94811,913	94812,043	94812,373	34916,923	35286,064	35287,064	35290,929	35291,914	35292,044	35292,373	4,978	5,992	0,637	0,853	13,440	13,440	14,428	8,233	1,000	637,000	420,000	868,978	215,467
30,000	710,000	740,000	0,170	26,761	5,880	6,000	66,809	2,176	24,603	0,577	69,294	190,000	94156,923	94815,011	94816,010	94817,912	94818,113	94818,303	94818,833	34916,923	35295,011	35296,010	35297,912	35298,113	35298,303	35298,833	1,464	2,140	0,417	0,501	13,440	13,440	1,873	0,923	1,000	873,000	220,000	868,978	215,467
70,000	50,000	120,000	17,117	0,000	0,546	0,000	34,290	0,024	25,180	0,000	34,330	0,000	94156,923	94820,261	94821,260	94824,795	94824,996	94824,996	94825,055	34916,923	35300,261	35301,260	35304,795	35304,996	35304,996	35305,055	0,000	0,029	0,000	0,000	13,440	13,440	0,047	NaN	1,000	448,000	655,000	868,978	215,467
