300,000	850,000	1150,000	0,672	37,647	35,579	6,000	38,357	16,578	16,469	8,711	36,814	320,000	135154,004	135204,499	135205,500	135207,409	135207,714	135208,034	135208,575	49914,004	49924,499	49925,500	49927,409	49927,714	49928,034	49928,575	11,758	11,764	6,195	6,283	13,440	13,440	18,083	23,277	1,000	861,000	238,000	868,978	215,467
240,000	1000,000	1240,000	0,528	31,000	47,705	6,000	36,987	18,769	14,094	11,086	34,733	310,000	135154,004	135210,243	135211,243	135213,962	135214,205	135214,515	135215,215	49914,004	49930,243	49931,243	49933,962	49934,205	49934,515	49935,215	13,277	13,556	7,558	8,401	13,440	13,440	36,551	35,327	1,000	883,000	203,000	868,978	215,467
260,000	970,000	1230,000	0,507	29,897	41,950	8,000	37,081	17,405	15,687	9,493	35,298	290,000	135154,004	135216,482	135217,483	135219,652	135219,914	135220,204	135220,896	49914,004	49936,482	49937,483	49939,652	49939,914	49940,204	49940,896	12,096	12,659	6,496	7,106	13,440	13,440	26,973	30,723	1,000	851,000	214,000	868,978	215,467
260,000	1040,000	1300,000	0,281	21,154	48,033	10,000	36,403	17,998	17,390	7,790	34,694	220,000	135154,004	135221,984	135222,983	135224,905	135225,175	135225,395	135226,224	49914,004	49941,984	49942,983	49944,905	49945,175	49945,395	49946,224	12,376	13,248	5,533	5,801	13,440	13,440	36,690	38,220	1,000	859,000	215,000	868,978	215,467
30,000	1090,000	1120,000	0,130	30,275	53,505	10,000	37,053	18,195	13,516	11,664	36,077	330,000	135154,004	135227,687	135228,687	135230,139	135230,339	135230,669	135231,435	49914,004	49947,687	49948,687	49950,139	49950,339	49950,669	49951,435	13,078	13,107	8,643	8,503	13,440	13,440	47,757	47,630	1,000	866,000	219,000	868,978	215,467
250,000	870,000	1120,000	0,262	47,126	66,420	6,000	38,530	16,342	11,350	13,830	39,319	410,000	135154,004	135233,346	135234,348	135237,835	135238,095	135238,505	135238,975	49914,004	49953,346	49954,348	49957,836	49958,095	49958,505	49958,975	11,196	11,844	10,042	9,574	13,440	13,440	3,306	6,418	1,000	860,000	218,000	868,978	215,467
300,000	840,000	1140,000	0,075	22,619	42,565	7,000	38,468	17,009	18,080	7,100	36,317	190,000	135154,004	135240,319	135241,320	135244,823	135245,125	135245,315	135245,974	49914,004	49960,319	49961,320	49964,823	49965,125	49965,315	49965,974	12,099	12,044	5,004	5,230	13,440	13,440	31,510	34,611	1,000	870,000	213,000	868,978	215,467
340,000	690,000	1030,000	0,174	21,739	47,303	6,000	37,999	17,581	20,821	4,359	34,747	150,000	135154,004	135247,092	135248,092	135250,047	135250,396	135250,546	135251,095	49914,004	49967,092	49968,092	49970,047	49970,396	49970,546	49971,095	12,520	12,491	3,096	3,211	13,440	13,440	23,083	29,285	1,000	875,000	214,000	868,978	215,467
260,000	760,000	1020,000	0,429	17,105	51,170	6,000	38,916	16,787	21,065	4,115	35,739	130,000	135154,004	135252,311	135253,311	135255,785	135256,055	135256,185	135256,825	49914,004	49972,311	49973,311	49975,785	49976,055	49976,185	49976,825	12,123	11,730	2,922	3,047	13,440	13,440	25,946	29,515	1,000	876,000	229,000	868,978	215,467
240,000	780,000	1020,000	0,485	16,667	58,166	8,000	37,276	17,394	20,085	5,095	34,378	130,000	135154,004	135258,014	135259,013	135300,719	135300,966	135301,096	135301,755	49914,004	49978,014	49979,013	49980,719	49980,966	49981,096	49981,755	12,066	12,631	3,420	3,958	13,440	13,440	39,781	42,255	1,000	854,000	224,000	868,978	215,467
250,000	740,000	990,000	0,090	41,892	52,693	4,000	38,828	16,576	12,822	12,358	38,406	310,000	135154,004	135302,897	135303,897	135306,748	135307,004	135307,314	135307,754	49914,004	49982,897	49983,897	49986,748	49987,004	49987,314	49987,754	11,672	11,785	8,844	8,796	13,440	13,440	32,543	32,372	1,000	867,000	218,000	868,978	215,467
240,000	870,000	1110,000	0,378	16,092	61,341	8,000	38,647	17,074	19,358	5,822	37,561	140,000	135154,004	135308,904	135309,906	135312,773	135313,014	135313,154	135313,895	49914,004	49988,904	49989,906	49992,773	49993,014	49993,154	49993,895	11,953	12,207	4,421	4,162	13,440	13,440	41,436	40,596	1,000	874,000	203,000	868,978	215,467
260,000	1060,000	1320,000	0,212	18,868	48,484	8,000	38,176	17,395	17,471	7,709	36,231	200,000	135154,004	135315,036	135316,036	135318,987	135319,254	135319,454	135320,324	49914,004	49995,036	49996,036	49998,987	49999,254	49999,454	50000,324	12,319	12,404	5,468	5,709	13,440	13,440	42,609	41,963	1,000	868,000	208,000	868,978	215,467
330,000	910,000	1240,000	0,353	16,484	52,288	8,000	38,414	17,481	19,347	5,833	35,794	150,000	135154,004	135321,327	135322,328	135324,379	135324,715	135324,865	135325,635	49914,004	50001,327	50002,328	50004,379	50004,715	50004,865	50005,635	12,684	12,235	4,327	4,217	13,440	13,440	40,043	39,175	1,000	879,000	223,000	868,978	215,467
250,000	800,000	1050,000	0,112	36,250	56,494	6,000	37,596	17,583	12,710	12,470	35,800	290,000	135154,004	135326,997	135327,997	135330,856	135331,116	135331,406	135331,925	49914,004	50006,997	50007,997	50010,856	50011,116	50011,406	50011,925	12,431	12,601	8,406	9,424	13,440	13,440	39,422	41,743	1,000	867,000	212,000	868,978	215,467
260,000	690,000	950,000	0,441	71,014	56,556	2,000	37,963	18,114	8,088	17,092	37,750	490,000	135154,004	135333,088	135334,087	135336,082	135336,345	135336,835	135337,044	49914,004	50013,088	50014,087	50016,082	50016,345	50016,835	50017,045	12,545	12,966	11,797	12,338	13,440	13,440	12,399	13,076	1,000	877,000	202,000	868,978	215,467
330,000	720,000	1050,000	0,070	45,833	54,720	4,000	37,620	17,561	11,748	13,432	37,237	330,000	135154,004	135338,193	135339,194	135340,570	135340,907	135341,237	135341,635	49914,004	50018,193	50019,194	50020,570	50020,907	50021,237	50021,635	12,403	12,573	9,669	9,641	13,440	13,440	33,188	33,767	1,000	867,000	217,000	868,978	215,467
30,000	850,000	880,000	0,365	30,588	48,453	8,000	36,958	17,965	19,628	5,552	32,926	260,000	135154,004	135342,560	135343,560	135344,856	135345,057	135345,317	135345,914	49914,004	50022,560	50023,560	50024,857	50025,057	50025,317	50025,914	12,829	12,996	3,727	4,411	13,440	13,440	31,757	37,512	1,000	856,000	215,000	868,978	215,467
260,000	670,000	930,000	0,141	26,866	49,387	5,000	37,697	17,530	18,013	7,168	35,313	180,000	135154,004	135347,119	135348,119	135350,846	135351,115	135351,295	135351,795	49914,004	50027,119	50028,119	50030,846	50031,115	50031,295	50031,795	12,605	12,407	5,220	5,239	13,440	13,440	31,779	36,942	1,000	864,000	216,000	868,978	215,467
250,000	750,000	1000,000	0,331	18,667	53,817	8,000	37,921	17,926	19,404	5,776	35,608	140,000	135154,004	135352,863	135353,862	135356,007	135356,264	135356,404	135357,025	49914,004	50032,863	50033,862	50036,007	50036,264	50036,404	50037,025	12,798	12,714	4,333	4,151	13,440	13,440	42,513	44,366	1,000	878,000	223,000	868,978	215,467
240,000	640,000	880,000	0,332	26,562	60,513	4,000	37,298	18,185	18,696	6,484	34,209	170,000	135154,004	135358,050	135359,050	135400,688	135400,935	135401,105	135401,584	49914,004	50038,050	50039,050	50040,688	50040,935	50041,105	50041,585	12,887	13,084	4,422	5,001	13,440	13,440	35,731	38,228	1,000	876,000	206,000	868,978	215,467
260,000	810,000	1070,000	0,415	56,790	66,200	4,000	38,389	17,396	8,738	16,442	38,746	460,000	135154,004	135402,649	135403,649	135406,638	135406,904	135407,364	135407,725	49914,004	50042,649	50043,650	50046,638	50046,904	50047,364	50047,725	12,544	12,207	12,029	11,467	13,440	13,440	9,107	8,650	1,000	881,000	224,000	868,978	215,467
250,000	740,000	990,000	0,735	39,189	58,146	6,000	36,222	17,689	12,578	12,602	35,741	290,000	135154,004	135408,709	135409,709	135412,537	135412,796	135413,086	135413,545	49914,004	50048,709	50049,710	50052,537	50052,796	50053,086	50053,545	12,153	13,138	8,930	9,334	13,440	13,440	35,489	40,148	1,000	846,000	203,000	868,978	215,467
260,000	600,000	860,000	0,276	40,000	57,675	2,000	36,942	18,285	14,367	10,813	35,604	240,000	135154,004	135414,589	135415,590	135417,799	135418,066	135418,306	135418,674	49914,004	50054,589	50055,590	50057,799	50058,066	50058,306	50058,675	12,858	13,250	7,676	8,083	13,440	13,440	45,716	51,271	1,000	864,000	207,000	868,978	215,467
250,000	700,000	950,000	0,209	24,286	52,044	6,000	37,044	18,217	19,242	5,938	33,828	170,000	135154,004	135419,736	135420,735	135424,117	135424,375	135424,545	135425,085	49914,004	50059,736	50060,735	50064,117	50064,375	50064,545	50065,085	12,828	13,195	4,359	4,398	13,440	13,440	32,668	37,333	1,000	874,000	210,000	868,978	215,467
290,000	970,000	1260,000	0,258	15,464	45,676	8,000	37,354	17,208	20,017	5,164	34,245	150,000	135154,004	135426,215	135427,214	135429,277	135429,574	135429,724	135430,554	49914,004	50066,215	50067,214	50069,277	50069,574	50069,724	50070,554	12,431	12,320	3,838	3,893	13,440	13,440	39,337	38,997	1,000	861,000	220,000	868,978	215,467
280,000	750,000	1030,000	0,226	25,333	51,117	6,000	37,981	17,730	18,435	6,745	35,009	190,000	135154,004	135431,644	135432,646	135435,022	135435,305	135435,495	135436,065	49914,004	50071,644	50072,646	50075,023	50075,305	50075,495	50076,065	12,712	12,601	4,689	5,125	13,440	13,440	36,719	35,263	1,000	877,000	216,000	868,978	215,467
30,000	910,000	940,000	0,240	24,176	44,866	8,000	36,705	18,681	19,026	6,154	32,663	220,000	135154,004	135437,115	135438,115	135441,569	135441,769	135441,989	135442,686	49914,004	50077,115	50078,115	50081,569	50081,769	50081,989	50082,686	13,361	13,501	4,163	4,827	13,440	13,440	27,584	28,120	1,000	870,000	207,000	868,978	215,467
290,000	680,000	970,000	0,497	20,588	56,917	6,000	38,018	18,295	20,183	4,997	34,331	140,000	135154,004	135443,646	135444,645	135446,661	135446,955	135447,095	135447,645	49914,004	50083,646	50084,645	50086,661	50086,955	50087,095	50087,645	13,080	12,996	3,418	3,830	13,440	13,440	34,991	36,822	1,000	885,000	208,000	868,978	215,467
300,000	1100,000	1400,000	0,211	49,091	55,990	8,000	37,764	17,271	9,409	15,771	37,679	540,000	135154,004	135448,624	135449,625	135451,395	135451,706	135452,246	135452,815	49914,004	50088,624	50089,625	50091,395	50091,706	50092,246	50092,815	12,319	12,291	11,319	11,225	13,440	13,440	6,037	5,685	1,000	863,000	220,000	868,978	215,467
260,000	680,000	940,000	0,359	22,059	52,302	6,000	37,641	18,023	20,308	4,872	34,764	150,000	135154,004	135453,896	135454,896	135458,551	135458,815	135458,965	135459,505	49914,004	50093,896	50094,896	50098,551	50098,815	50098,965	50099,505	12,745	12,916	3,525	3,609	13,440	13,440	24,756	30,510	1,000	880,000	209,000	868,978	215,467
230,000	640,000	870,000	1,015	81,250	55,629	2,000	36,414	17,307	8,650	16,530	36,236	520,000	135154,004	135500,648	135501,650	135504,089	135504,325	135504,845	135504,976	49914,004	50100,648	50101,650	50104,089	50104,325	50104,845	50104,976	12,380	12,550	11,800	12,075	13,440	13,440	1,051	6,389	1,000	838,000	234,000	868,978	215,467
260,000	910,000	1170,000	0,258	35,165	52,151	6,000	36,790	17,915	12,773	12,407	35,876	320,000	135154,004	135506,056	135507,055	135509,896	135510,165	135510,485	135511,085	49914,004	50106,056	50107,055	50109,896	50110,165	50110,485	50111,085	12,656	12,938	8,885	9,038	13,440	13,440	35,553	38,031	1,000	861,000	220,000	868,978	215,467
270,000	700,000	970,000	0,190	24,286	49,292	6,000	37,483	17,537	19,773	5,407	35,043	170,000	135154,004	135512,138	135513,137	135515,037	135515,315	135515,485	135516,025	49914,004	50112,138	50113,137	50115,037	50115,315	50115,485	50116,025	12,240	12,690	3,854	4,036	13,440	13,440	23,803	29,256	1,000	865,000	210,000	868,978	215,467
260,000	850,000	1110,000	0,146	14,118	52,311	6,000	37,836	17,564	21,017	4,164	34,041	120,000	135154,004	135517,062	135518,063	135521,190	135521,454	135521,574	135522,315	49914,004	50117,062	50118,063	50121,190	50121,454	50121,574	50122,315	12,686	12,404	2,993	3,111	13,440	13,440	34,347	34,766	1,000	864,000	217,000	868,978	215,467
320,000	830,000	1150,000	0,186	84,337	62,977	2,000	38,176	17,142	8,150	17,030	38,302	700,000	135154,004	135523,343	135524,342	135525,935	135526,266	135526,966	135527,104	49914,004	50123,343	50124,342	50125,935	50126,266	50126,966	50127,104	12,291	12,123	12,291	11,982	13,440	13,440	0,446	0,055	1,000	868,000	222,000	868,978	215,467
250,000	760,000	1010,000	0,655	39,474	55,053	8,000	36,698	19,066	12,850	12,331	35,874	300,000	135154,004	135528,320	135529,321	135531,939	135532,194	135532,494	135532,965	49914,004	50128,320	50129,321	50131,939	50132,194	50132,494	50132,965	13,447	13,843	9,018	8,919	13,440	13,440	33,602	41,510	1,000	878,000	194,000	868,978	215,467
60,000	890,000	950,000	0,095	28,090	53,492	6,000	36,534	18,695	17,215	7,965	33,641	250,000	135154,004	135534,042	135535,042	135537,015	135537,216	135537,466	135538,115	49914,004	50134,042	50135,042	50137,015	50137,216	50137,466	50138,115	13,474	13,500	5,714	6,085	13,440	13,440	42,196	43,520	1,000	872,000	217,000	868,978	215,467
280,000	640,000	920,000	0,114	21,875	57,398	2,000	38,462	17,263	20,483	4,697	35,770	140,000	135154,004	135539,136	135540,136	135541,885	135542,175	135542,315	135542,825	49914,004	50139,136	50140,136	50141,885	50142,175	50142,315	50142,825	12,433	12,152	3,521	3,411	13,440	13,440	30,887	31,181	1,000	873,000	215,000	868,978	215,467
260,000	680,000	940,000	0,497	22,059	58,457	2,000	37,294	18,614	20,388	4,792	34,071	150,000	135154,004	135543,768	135544,768	135546,288	135546,555	135546,705	135547,244	49914,004	50143,768	50144,768	50146,289	50146,555	50146,705	50147,244	13,445	13,249	3,732	3,461	13,440	13,440	29,441	32,354	1,000	885,000	208,000	868,978	215,467
