30,000	20,000	50,000	10,207	0,000	0,000	0,000	77,125	0,000	17,165	0,000	77,125	0,000	164959,224	165026,078	165027,079	165028,688	165028,889	165028,889	165028,914	60599,224	60626,078	60627,079	60628,688	60628,890	60628,890	60628,914	0,000	0,000	0,000	0,000	-13,440	13,440	NaN	NaN	1,000	245,000	56,000	571,022	215,467
30,000	230,000	260,000	17,698	95,652	0,559	0,000	57,760	0,054	17,113	0,053	57,760	220,000	164959,224	165048,257	165049,257	165051,339	165051,540	165051,760	165051,774	60599,224	60648,257	60649,257	60651,339	60651,540	60651,760	60651,774	0,028	0,057	0,028	0,054	-13,440	13,440	NaN	0,096	1,000	1029,000	647,000	571,022	215,467
30,000	60,000	90,000	18,854	0,000	0,339	0,000	59,169	0,015	17,165	0,000	59,208	0,000	164959,224	165059,222	165100,223	165103,098	165103,299	165103,299	165103,364	60599,224	60659,222	60660,223	60663,098	60663,299	60663,299	60663,364	0,000	0,029	0,000	0,000	-13,440	13,440	0,033	NaN	1,000	1084,000	647,000	571,022	215,467
270,000	60,000	330,000	19,791	0,000	0,905	0,000	57,393	0,041	17,165	0,000	57,406	0,000	164959,224	165110,269	165111,269	165112,289	165112,565	165112,565	165112,634	60599,224	60670,269	60671,269	60672,289	60672,565	60672,565	60672,634	0,029	0,029	0,003	0,000	-13,440	13,440	0,163	NaN	1,000	1086,000	695,000	571,022	215,467
30,000	410,000	440,000	20,143	41,463	2,627	4,000	57,054	0,400	16,948	0,218	56,922	170,000	164959,224	165120,434	165121,434	165124,024	165124,225	165124,395	165124,644	60599,224	60680,434	60681,434	60684,024	60684,225	60684,395	60684,644	0,395	0,084	0,199	0,056	-13,440	13,440	0,088	0,183	1,000	1090,000	709,000	571,022	215,467
910,000	520,000	1430,000	11,645	50,000	16,162	5,000	56,749	6,244	14,611	2,555	57,036	260,000	164959,224	165131,251	165132,251	165134,279	165135,194	165135,454	165135,724	60599,224	60691,251	60692,251	60694,279	60695,194	60695,454	60695,724	4,867	4,062	1,980	1,704	-13,440	13,440	1,445	10,680	1,000	860,000	512,000	571,022	215,467
30,000	400,000	430,000	21,013	45,000	3,515	4,000	56,346	0,437	16,914	0,251	56,154	180,000	164959,224	165140,585	165141,585	165145,085	165145,285	165145,465	165145,695	60599,224	60700,585	60701,586	60705,085	60705,285	60705,465	60705,695	0,423	0,113	0,198	0,114	-13,440	13,440	0,336	0,259	1,000	1106,000	737,000	571,022	215,467
30,000	20,000	50,000	20,437	0,000	0,000	0,000	56,589	0,000	17,165	0,000	56,589	0,000	164959,224	165150,605	165151,606	165153,709	165153,910	165153,910	165153,934	60599,224	60710,605	60711,606	60713,709	60713,910	60713,910	60713,934	0,000	0,000	0,000	0,000	-13,440	13,440	NaN	NaN	1,000	1093,000	721,000	571,022	215,467
30,000	1400,000	1430,000	19,465	9,286	21,638	15,000	55,807	10,769	15,785	1,380	60,669	130,000	164959,224	165155,183	165156,183	165158,053	165158,254	165158,384	165159,664	60599,224	60715,183	60716,183	60718,053	60718,254	60718,384	60719,664	7,490	8,285	0,923	1,201	-13,440	13,440	8,183	9,610	1,000	1049,000	716,000	571,022	215,467
80,000	180,000	260,000	20,139	88,889	0,773	1,000	56,554	0,095	17,079	0,087	56,554	160,000	164959,224	165200,250	165201,251	165204,249	165204,450	165204,610	165204,635	60599,224	60720,251	60721,251	60724,249	60724,450	60724,610	60724,635	0,058	0,086	0,054	0,085	-13,440	13,440	NaN	0,408	1,000	1085,000	714,000	571,022	215,467
30,000	1190,000	1220,000	19,799	12,605	18,750	12,000	56,395	8,381	14,795	2,370	60,233	150,000	164959,224	165205,285	165206,286	165209,077	165209,277	165209,427	165210,474	60599,224	60725,285	60726,286	60729,077	60729,278	60729,428	60730,474	5,627	6,638	1,721	1,755	-13,440	13,440	12,802	14,909	1,000	1063,000	719,000	571,022	215,467
30,000	40,000	70,000	0,660	0,000	0,232	0,000	68,941	0,010	17,164	0,001	69,033	0,000	164959,224	165212,446	165213,446	165216,215	165216,415	165216,415	165216,464	60599,224	60732,446	60733,447	60736,215	60736,415	60736,415	60736,464	0,000	0,029	0,000	0,003	-13,440	13,440	0,010	NaN	1,000	548,000	211,000	571,022	215,467
80,000	20,000	100,000	20,482	0,000	0,000	0,000	56,940	0,000	17,165	0,000	56,940	0,000	164959,224	165218,361	165219,361	165220,879	165221,079	165221,079	165221,105	60599,224	60738,361	60739,361	60740,879	60741,080	60741,080	60741,105	0,000	0,000	0,000	0,000	-13,440	13,440	NaN	NaN	1,000	1100,000	716,000	571,022	215,467
1090,000	340,000	1430,000	16,140	97,059	12,004	0,000	55,341	2,429	14,841	2,324	55,394	330,000	164959,224	165226,225	165227,225	165229,863	165230,954	165231,285	165231,304	60599,224	60746,225	60747,225	60749,863	60750,955	60751,285	60751,304	1,651	2,002	1,577	1,925	-13,440	13,440	NaN	10,430	1,000	982,000	616,000	571,022	215,467
560,000	370,000	930,000	19,881	43,243	11,487	3,000	56,379	2,089	15,977	1,188	57,054	160,000	164959,224	165235,477	165236,478	165239,350	165239,915	165240,075	165240,295	60599,224	60755,477	60756,478	60759,350	60759,915	60760,075	60760,295	1,662	1,186	1,140	0,505	-13,440	13,440	1,154	4,626	1,000	1080,000	706,000	571,022	215,467
30,000	480,000	510,000	18,368	31,250	9,389	4,000	55,592	1,534	16,810	0,356	56,316	150,000	164959,224	165240,879	165241,879	165244,626	165244,827	165244,977	165245,315	60599,224	60760,879	60761,879	60764,626	60764,827	60764,977	60765,315	0,929	1,325	0,205	0,325	-13,440	13,440	1,701	0,702	1,000	1010,000	699,000	571,022	215,467
160,000	150,000	310,000	19,501	66,667	1,435	1,000	56,110	0,135	17,076	0,089	56,203	100,000	164959,224	165246,167	165247,167	165250,372	165250,573	165250,673	165250,724	60599,224	60766,167	60767,167	60770,373	60770,573	60770,673	60770,724	0,086	0,114	0,067	0,076	-13,440	13,440	0,369	0,648	1,000	1057,000	710,000	571,022	215,467
30,000	1400,000	1430,000	16,808	10,000	21,319	13,000	55,261	10,535	16,507	0,658	63,846	140,000	164959,224	165251,307	165252,309	165254,784	165254,985	165255,125	165256,395	60599,224	60771,307	60772,309	60774,784	60774,985	60775,125	60776,395	6,702	9,260	0,287	0,731	-13,440	13,440	8,303	2,103	1,000	959,000	670,000	571,022	215,467
30,000	1400,000	1430,000	18,764	15,714	19,418	17,000	57,379	13,972	14,560	2,605	66,054	220,000	164959,224	165258,002	165259,003	165301,025	165301,225	165301,445	165302,634	60599,224	60778,002	60779,003	60781,025	60781,225	60781,445	60782,634	10,129	10,521	2,256	1,540	-13,440	13,440	12,030	14,518	1,000	1046,000	684,000	571,022	215,467
340,000	60,000	400,000	19,490	0,000	0,815	0,000	55,396	0,041	17,163	0,002	55,487	0,000	164959,224	165303,218	165304,219	165308,028	165308,374	165308,374	165308,444	60599,224	60783,218	60784,219	60788,029	60788,374	60788,374	60788,444	0,000	0,029	0,000	0,000	-13,440	13,440	0,239	NaN	1,000	1045,000	721,000	571,022	215,467
230,000	20,000	250,000	19,329	0,000	0,000	0,000	55,568	0,000	17,165	0,000	55,568	0,000	164959,224	165314,983	165315,984	165318,129	165318,364	165318,364	165318,394	60599,224	60794,983	60795,984	60798,129	60798,364	60798,364	60798,394	0,000	0,000	0,000	0,000	-13,440	13,440	NaN	NaN	1,000	1043,000	715,000	571,022	215,467
30,000	1400,000	1430,000	17,183	17,143	23,945	12,000	55,769	16,563	16,059	1,106	66,335	240,000	164959,224	165319,950	165320,950	165323,224	165323,425	165323,665	165324,834	60599,224	60799,950	60800,950	60803,224	60803,425	60803,665	60804,834	11,988	12,657	0,792	1,138	-13,440	13,440	3,927	6,147	1,000	977,000	672,000	571,022	215,467
600,000	80,000	680,000	19,521	0,000	1,191	0,000	56,123	0,072	17,163	0,002	56,128	0,000	164959,224	165326,545	165327,545	165328,863	165329,465	165329,465	165329,554	60599,224	60806,545	60807,545	60808,863	60809,465	60809,465	60809,554	0,059	0,000	0,000	0,000	-13,440	13,440	0,606	NaN	1,000	1057,000	711,000	571,022	215,467
240,000	580,000	820,000	20,486	39,655	3,604	6,000	57,033	0,454	16,894	0,271	56,903	230,000	164959,224	165333,728	165334,728	165338,718	165338,964	165339,194	165339,555	60599,224	60813,728	60814,728	60818,718	60818,964	60819,194	60819,555	0,450	0,141	0,256	0,113	-13,440	13,440	0,190	0,145	1,000	1103,000	713,000	571,022	215,467
60,000	20,000	80,000	19,343	0,000	0,000	0,000	56,823	0,000	17,165	0,000	56,823	0,000	164959,224	165358,217	165359,217	165401,740	165401,940	165401,940	165401,965	60599,224	60838,217	60839,217	60841,740	60841,941	60841,941	60841,965	0,000	0,000	0,000	0,000	-13,440	13,440	NaN	NaN	1,000	1064,000	695,000	571,022	215,467
30,000	20,000	50,000	0,884	0,000	0,000	0,000	72,181	0,000	17,165	0,000	72,181	0,000	164959,224	165402,555	165403,555	165404,957	165405,157	165405,157	165405,184	60599,224	60842,555	60843,555	60844,957	60845,158	60845,158	60845,184	0,000	0,000	0,000	0,000	-13,440	13,440	NaN	NaN	1,000	588,000	189,000	571,022	215,467
30,000	1400,000	1430,000	3,173	8,571	20,695	21,000	53,502	14,839	17,118	0,048	56,902	120,000	164959,224	165407,111	165408,111	165411,552	165411,752	165411,872	165413,155	60599,224	60847,111	60848,111	60851,552	60851,752	60851,872	60853,155	10,751	10,612	0,058	0,000	-13,440	13,440	8,699	0,262	1,000	653,000	293,000	571,022	215,467
90,000	1340,000	1430,000	18,088	18,657	24,861	12,000	57,440	16,416	16,666	0,500	67,161	250,000	164959,224	165422,517	165423,517	165425,240	165425,441	165425,691	165426,784	60599,224	60862,517	60863,517	60865,240	60865,441	60865,691	60866,784	12,362	11,861	0,336	0,574	-13,440	13,440	5,265	3,098	1,000	1025,000	671,000	571,022	215,467
30,000	1400,000	1430,000	7,593	10,000	23,276	18,000	52,609	12,645	16,566	0,599	54,787	140,000	164959,224	165427,379	165428,379	165430,537	165430,739	165430,879	165432,144	60599,224	60867,379	60868,379	60870,537	60870,739	60870,879	60872,144	9,439	8,522	0,652	0,083	-13,440	13,440	11,500	2,857	1,000	740,000	426,000	571,022	215,467
230,000	1200,000	1430,000	5,639	7,500	21,582	13,000	54,961	12,576	17,092	0,074	55,781	90,000	164959,224	165435,591	165436,592	165439,114	165439,354	165439,444	165440,565	60599,224	60875,591	60876,592	60879,115	60879,354	60879,444	60880,565	10,016	7,809	0,065	0,019	-13,440	13,440	12,177	0,450	1,000	647,000	401,000	571,022	215,467
30,000	20,000	50,000	19,132	0,000	0,000	0,000	55,501	0,000	17,165	0,000	55,501	0,000	164959,224	165443,510	165444,510	165446,110	165446,310	165446,310	165446,335	60599,224	60883,510	60884,510	60886,110	60886,310	60886,310	60886,335	0,000	0,000	0,000	0,000	-13,440	13,440	NaN	NaN	1,000	1036,000	712,000	571,022	215,467
30,000	270,000	300,000	17,016	96,296	8,209	0,000	58,602	0,948	16,218	0,947	58,602	260,000	164959,224	165452,572	165453,572	165454,893	165455,095	165455,355	165455,375	60599,224	60892,572	60893,572	60894,893	60895,095	60895,355	60895,375	0,789	0,479	0,790	0,477	-13,440	13,440	NaN	3,151	1,000	1020,000	621,000	571,022	215,467
30,000	1400,000	1430,000	7,605	12,857	20,178	18,000	53,193	12,263	16,751	0,415	54,223	180,000	164959,224	165501,193	165502,193	165504,009	165504,210	165504,390	165505,614	60599,224	60901,193	60902,193	60904,009	60904,210	60904,390	60905,614	9,411	7,942	0,361	0,190	-13,440	13,440	13,354	0,944	1,000	709,000	448,000	571,022	215,467
30,000	1200,000	1230,000	20,252	16,667	6,491	13,000	56,878	2,301	16,995	0,171	56,160	200,000	164959,224	165510,077	165511,077	165512,153	165512,354	165512,554	165513,564	60599,224	60910,077	60911,077	60912,154	60912,355	60912,555	60913,564	2,198	0,846	0,171	0,056	-13,440	13,440	2,104	0,899	1,000	1100,000	704,000	571,022	215,467
30,000	1400,000	1430,000	3,355	18,571	8,970	16,000	67,708	4,861	16,397	0,768	77,800	260,000	164959,224	165514,341	165515,341	165518,204	165518,405	165518,665	165519,814	60599,224	60914,341	60915,341	60918,205	60918,405	60918,665	60919,814	3,359	5,924	0,521	1,333	-13,440	13,440	3,841	0,253	1,000	689,000	233,000	571,022	215,467
30,000	1400,000	1430,000	1,781	16,429	11,911	14,000	69,032	6,884	15,722	1,444	69,439	230,000	164959,224	165534,252	165535,253	165536,986	165537,187	165537,417	165538,594	60599,224	60934,252	60935,253	60936,986	60937,187	60937,417	60938,594	6,025	3,487	1,066	1,311	-13,440	13,440	5,455	6,730	1,000	629,000	190,000	571,022	215,467
70,000	40,000	110,000	19,040	0,000	0,344	0,000	57,831	0,015	17,164	0,001	57,870	0,000	164959,224	165542,957	165543,957	165547,918	165548,118	165548,118	165548,164	60599,224	60942,957	60943,957	60947,918	60948,118	60948,118	60948,164	0,000	0,029	0,000	0,003	-13,440	13,440	0,016	NaN	1,000	1070,000	673,000	571,022	215,467
30,000	40,000	70,000	19,679	0,000	0,538	0,000	56,322	0,024	17,163	0,002	56,378	0,000	164959,224	165550,990	165551,991	165554,668	165554,868	165554,868	165554,914	60599,224	60950,990	60951,991	60954,668	60954,868	60954,868	60954,914	0,000	0,000	0,000	0,000	-13,440	13,440	0,024	NaN	1,000	1065,000	711,000	571,022	215,467
30,000	1270,000	1300,000	22,275	25,984	33,235	10,000	56,586	20,313	14,099	3,067	65,096	330,000	164959,224	165555,501	165556,502	165558,040	165558,241	165558,571	165559,514	60599,224	60955,501	60956,502	60958,040	60958,241	60958,571	60959,514	14,993	15,104	2,171	3,001	-13,440	13,440	13,342	14,683	1,000	1148,000	758,000	571,022	215,467
30,000	60,000	90,000	19,446	0,000	0,712	0,000	57,081	0,032	17,165	0,000	57,157	0,000	164959,224	165600,725	165601,725	165603,331	165603,532	165603,532	165603,593	60599,224	60960,725	60961,725	60963,331	60963,532	60963,532	60963,593	0,000	0,059	0,000	0,000	-13,440	13,440	0,117	NaN	1,000	1072,000	692,000	571,022	215,467
