30,000	60,000	90,000	18,605	0,000	0,570	0,000	30,444	0,025	25,180	0,000	30,480	0,000	120925,504	120943,753	120944,753	120948,006	120948,207	120948,207	120948,270	43765,504	43783,753	43784,753	43788,006	43788,207	43788,207	43788,271	0,000	0,029	0,000	0,000	13,440	13,440	0,055	NaN	1,000	402,000	684,000	868,978	215,467
30,000	40,000	70,000	18,885	0,000	0,320	0,000	29,664	0,014	25,179	0,001	29,684	0,000	120925,504	120952,474	120953,473	120957,456	120957,657	120957,657	120957,701	43765,504	43792,474	43793,473	43797,456	43797,657	43797,657	43797,701	0,000	0,000	0,000	0,000	13,440	13,440	0,014	NaN	1,000	387,000	683,000	868,978	215,467
90,000	20,000	110,000	18,865	0,000	0,000	0,000	29,948	0,000	25,180	0,000	29,948	0,000	120925,504	121001,967	121002,967	121006,763	121006,964	121006,964	121006,990	43765,504	43801,967	43802,967	43806,763	43806,964	43806,964	43806,990	0,000	0,000	0,000	0,000	13,440	13,440	NaN	NaN	1,000	401,000	696,000	868,978	215,467
350,000	1080,000	1430,000	2,862	17,593	20,567	12,000	34,923	14,526	23,866	1,314	30,773	190,000	120925,504	121011,381	121012,382	121013,572	121013,930	121014,120	121015,020	43765,504	43811,381	43812,382	43813,572	43813,930	43814,120	43815,020	9,677	11,057	0,712	1,106	13,440	13,440	6,726	6,282	1,000	777,000	259,000	868,978	215,467
480,000	950,000	1430,000	6,045	14,737	18,097	15,000	34,008	11,658	24,446	0,734	29,704	140,000	120925,504	121019,137	121020,137	121023,106	121023,591	121023,731	121024,550	43765,504	43819,137	43820,137	43823,106	43823,591	43823,731	43824,550	8,040	8,808	0,499	0,589	13,440	13,440	10,884	5,518	1,000	699,000	347,000	868,978	215,467
390,000	1040,000	1430,000	3,004	33,654	17,837	9,000	35,378	13,974	21,844	3,336	32,409	350,000	120925,504	121028,368	121029,368	121032,903	121033,301	121033,651	121034,350	43765,504	43828,368	43829,368	43832,903	43833,301	43833,651	43834,350	9,513	10,543	2,317	2,527	13,440	13,440	3,087	13,702	1,000	781,000	276,000	868,978	215,467
210,000	110,000	320,000	19,023	90,909	0,861	0,000	29,559	0,063	25,118	0,062	29,559	100,000	120925,504	121036,867	121037,867	121041,699	121041,910	121042,010	121042,030	43765,504	43836,867	43837,867	43841,699	43841,910	43842,010	43842,030	0,030	0,056	0,029	0,057	13,440	13,440	NaN	0,752	1,000	395,000	698,000	868,978	215,467
30,000	1400,000	1430,000	0,988	20,714	22,057	16,000	35,281	17,174	24,331	0,849	30,527	290,000	120925,504	121045,758	121046,758	121050,491	121050,691	121050,981	121052,100	43765,504	43845,758	43846,758	43850,491	43850,691	43850,981	43852,100	11,772	12,889	0,710	0,607	13,440	13,440	4,216	5,021	1,000	837,000	230,000	868,978	215,467
400,000	1030,000	1430,000	5,021	20,388	19,375	10,000	33,927	13,065	24,292	0,888	30,005	210,000	120925,504	121054,726	121055,726	121057,773	121058,181	121058,391	121059,220	43765,504	43854,726	43855,726	43857,773	43858,181	43858,391	43859,220	8,860	9,931	0,720	0,649	13,440	13,440	7,683	5,910	1,000	725,000	321,000	868,978	215,467
310,000	1120,000	1430,000	2,554	10,714	24,352	10,000	33,893	16,167	24,111	1,069	30,292	120,000	120925,504	121102,581	121103,581	121105,174	121105,491	121105,611	121106,620	43765,504	43862,581	43863,581	43865,174	43865,491	43865,611	43866,620	10,302	12,614	0,630	0,863	13,440	13,440	4,915	9,520	1,000	781,000	238,000	868,978	215,467
30,000	90,000	120,000	18,767	0,000	0,571	0,000	30,159	0,025	25,180	0,000	30,195	0,000	120925,504	121109,307	121110,307	121113,053	121113,254	121113,254	121113,351	43765,504	43869,307	43870,307	43873,053	43873,254	43873,254	43873,351	0,000	0,029	0,000	0,000	13,440	13,440	0,055	NaN	1,000	405,000	695,000	868,978	215,467
30,000	250,000	280,000	18,745	52,000	1,270	2,000	30,088	0,144	25,126	0,054	30,057	130,000	120925,504	121117,014	121118,014	121119,162	121119,363	121119,493	121119,620	43765,504	43877,014	43878,014	43879,162	43879,363	43879,493	43879,620	0,142	0,085	0,066	0,029	13,440	13,440	0,691	0,305	1,000	403,000	692,000	868,978	215,467
650,000	780,000	1430,000	3,554	16,667	25,551	10,000	34,522	14,066	24,231	0,950	29,876	130,000	120925,504	121123,661	121124,663	121128,108	121128,761	121128,891	121129,550	43765,504	43883,661	43884,663	43888,108	43888,761	43888,891	43889,551	9,586	10,672	0,602	0,770	13,440	13,440	14,056	7,659	1,000	770,000	294,000	868,978	215,467
400,000	1030,000	1430,000	2,122	41,748	25,687	10,000	34,243	16,290	20,249	4,931	29,964	430,000	120925,504	121133,094	121134,095	121138,038	121138,440	121138,870	121139,480	43765,504	43893,094	43894,095	43898,038	43898,440	43898,870	43899,480	10,983	12,417	2,894	4,095	13,440	13,440	6,030	18,285	1,000	800,000	246,000	868,978	215,467
380,000	1050,000	1430,000	1,397	26,667	26,715	14,000	35,799	16,553	21,616	3,564	31,370	280,000	120925,504	121141,986	121142,986	121146,503	121146,891	121147,171	121147,953	43765,504	43901,986	43902,986	43906,503	43906,891	43907,171	43907,953	11,367	12,381	2,172	2,909	13,440	13,440	7,847	15,412	1,000	827,000	242,000	868,978	215,467
400,000	1030,000	1430,000	1,821	30,097	26,144	9,000	35,365	16,114	21,630	3,551	32,008	310,000	120925,504	121150,257	121151,257	121152,966	121153,371	121153,681	121154,410	43765,504	43910,257	43911,257	43912,966	43913,371	43913,681	43914,411	10,862	12,192	2,315	2,811	13,440	13,440	5,780	15,329	1,000	813,000	248,000	868,978	215,467
430,000	1000,000	1430,000	1,657	36,000	25,071	12,000	34,759	16,597	20,666	4,514	31,551	360,000	120925,504	121157,965	121158,964	121202,797	121203,231	121203,591	121204,240	43765,504	43917,965	43918,964	43922,797	43923,231	43923,591	43924,240	10,902	12,745	2,783	3,664	13,440	13,440	7,031	17,031	1,000	811,000	226,000	868,978	215,467
470,000	960,000	1430,000	2,125	35,417	24,384	10,000	35,237	15,868	20,781	4,399	31,383	340,000	120925,504	121206,314	121207,315	121210,317	121210,791	121211,131	121211,761	43765,504	43926,314	43927,315	43930,317	43930,791	43931,131	43931,761	10,736	11,992	2,678	3,568	13,440	13,440	7,054	15,219	1,000	804,000	254,000	868,978	215,467
380,000	1050,000	1430,000	0,804	28,571	27,320	8,000	35,529	17,635	20,870	4,310	31,709	300,000	120925,504	121215,572	121216,571	121220,417	121220,800	121221,100	121221,861	43765,504	43935,572	43936,571	43940,417	43940,800	43941,100	43941,861	11,799	13,333	2,631	3,429	13,440	13,440	9,546	15,989	1,000	842,000	206,000	868,978	215,467
180,000	20,000	200,000	19,067	0,000	0,000	0,000	29,570	0,000	25,180	0,000	29,570	0,000	120925,504	121223,673	121224,672	121226,172	121226,373	121226,373	121226,401	43765,504	43943,673	43944,672	43946,172	43946,373	43946,373	43946,401	0,000	0,000	0,000	0,000	13,440	13,440	NaN	NaN	1,000	400,000	705,000	868,978	215,467
400,000	1030,000	1430,000	1,494	32,039	26,127	11,000	34,845	17,021	21,086	4,095	29,679	330,000	120925,504	121229,774	121230,774	121233,427	121233,831	121234,161	121234,872	43765,504	43949,774	43950,774	43953,427	43953,831	43954,161	43954,872	11,658	12,811	2,265	3,495	13,440	13,440	8,198	15,797	1,000	820,000	236,000	868,978	215,467
480,000	950,000	1430,000	1,348	14,737	29,025	12,000	35,412	16,617	23,822	1,358	30,523	140,000	120925,504	121237,230	121238,231	121240,791	121241,282	121241,422	121242,241	43765,504	43957,230	43958,231	43960,791	43961,282	43961,422	43962,241	11,312	12,500	0,838	1,113	13,440	13,440	0,155	9,969	1,000	823,000	229,000	868,978	215,467
390,000	1040,000	1430,000	0,486	24,038	31,980	11,000	37,475	17,422	21,254	3,926	32,338	250,000	120925,504	121244,343	121245,344	121248,166	121248,560	121248,810	121249,610	43765,504	43964,343	43965,344	43968,166	43968,560	43968,810	43969,611	12,638	12,408	2,447	3,176	13,440	13,440	16,559	16,974	1,000	864,000	232,000	868,978	215,467
30,000	20,000	50,000	19,165	0,000	0,000	0,000	29,288	0,000	25,180	0,000	29,288	0,000	120925,504	121251,922	121252,922	121254,243	121254,443	121254,443	121254,471	43765,504	43971,922	43972,922	43974,243	43974,444	43974,444	43974,471	0,000	0,000	0,000	0,000	13,440	13,440	NaN	NaN	1,000	396,000	706,000	868,978	215,467
620,000	810,000	1430,000	2,110	30,864	26,266	10,000	35,331	15,689	21,402	3,778	31,762	250,000	120925,504	121259,934	121300,935	121303,928	121304,551	121304,801	121305,370	43765,504	43979,934	43980,935	43983,928	43984,551	43984,801	43985,370	10,793	11,744	2,597	2,906	13,440	13,440	2,899	17,901	1,000	804,000	253,000	868,978	215,467
820,000	310,000	1130,000	17,133	41,935	10,492	2,000	30,342	1,805	24,307	0,873	30,139	130,000	120925,504	121308,818	121309,818	121310,971	121311,801	121311,931	121312,121	43765,504	43988,818	43989,818	43990,971	43991,801	43991,931	43992,121	1,098	1,434	0,562	0,703	13,440	13,440	4,871	7,551	1,000	438,000	646,000	868,978	215,467
110,000	20,000	130,000	19,027	0,000	0,000	0,000	29,604	0,000	25,180	0,000	29,604	0,000	120925,504	121315,245	121316,245	121317,771	121317,972	121317,972	121318,001	43765,504	43995,245	43996,245	43997,771	43997,972	43997,972	43998,001	0,000	0,000	0,000	0,000	13,440	13,440	NaN	NaN	1,000	401,000	704,000	868,978	215,467
370,000	1060,000	1430,000	1,101	25,472	27,842	10,000	34,828	17,407	21,450	3,730	30,817	270,000	120925,504	121321,220	121322,221	121325,610	121325,991	121326,261	121327,061	43765,504	44001,220	44002,221	44005,610	44005,991	44006,261	44007,061	11,617	13,285	2,233	3,074	13,440	13,440	7,652	14,748	1,000	830,000	219,000	868,978	215,467
30,000	20,000	50,000	19,162	0,000	0,000	0,000	29,152	0,000	25,180	0,000	29,152	0,000	120925,504	121329,363	121330,364	121332,787	121332,988	121332,988	121333,011	43765,504	44009,363	44010,364	44012,787	44012,988	44012,988	44013,011	0,000	0,000	0,000	0,000	13,440	13,440	NaN	NaN	1,000	391,000	701,000	868,978	215,467
440,000	990,000	1430,000	2,922	22,222	27,623	10,000	33,574	15,898	21,662	3,518	30,213	220,000	120925,504	121336,871	121337,871	121341,743	121342,192	121342,412	121343,190	43765,504	44016,871	44017,871	44021,744	44022,192	44022,412	44023,190	10,255	12,382	2,191	2,857	13,440	13,440	11,340	18,221	1,000	771,000	250,000	868,978	215,467
420,000	1010,000	1430,000	3,204	43,564	22,156	7,000	33,843	15,300	19,353	5,827	31,148	440,000	120925,504	121346,801	121347,801	121349,498	121349,922	121350,362	121350,941	43765,504	44026,801	44027,801	44029,498	44029,922	44030,362	44030,941	10,031	11,824	3,639	4,675	13,440	13,440	5,674	16,279	1,000	765,000	262,000	868,978	215,467
290,000	1140,000	1430,000	2,084	11,404	25,573	8,000	35,317	15,994	25,033	0,147	30,110	130,000	120925,504	121354,026	121355,026	121357,004	121357,301	121357,431	121358,451	43765,504	44034,026	44035,026	44037,004	44037,301	44037,431	44038,451	11,005	11,967	0,108	0,114	13,440	13,440	10,272	1,104	1,000	813,000	264,000	868,978	215,467
470,000	960,000	1430,000	1,509	25,000	26,905	8,000	35,165	16,810	21,654	3,527	31,196	240,000	120925,504	121400,615	121401,616	121405,572	121406,051	121406,291	121407,021	43765,504	44040,615	44041,616	44045,572	44046,051	44046,291	44047,021	11,541	12,610	2,399	2,746	13,440	13,440	4,846	15,358	1,000	819,000	235,000	868,978	215,467
460,000	970,000	1430,000	0,815	24,742	29,115	10,000	35,675	17,355	21,509	3,671	31,024	240,000	120925,504	121409,404	121410,404	121413,894	121414,360	121414,600	121415,340	43765,504	44049,404	44050,404	44053,894	44054,360	44054,600	44055,340	11,936	12,972	2,244	3,016	13,440	13,440	8,170	16,771	1,000	842,000	226,000	868,978	215,467
560,000	870,000	1430,000	2,510	36,782	27,323	6,000	34,487	15,723	20,609	4,572	31,214	320,000	120925,504	121417,218	121418,218	121419,245	121419,811	121420,131	121420,691	43765,504	44057,218	44058,218	44059,245	44059,811	44060,131	44060,691	10,597	11,935	2,955	3,651	13,440	13,440	7,193	16,821	1,000	788,000	253,000	868,978	215,467
30,000	20,000	50,000	19,162	0,000	0,000	0,000	29,096	0,000	25,180	0,000	29,096	0,000	120925,504	121423,738	121424,738	121428,468	121428,669	121428,669	121428,690	43765,504	44063,738	44064,738	44068,468	44068,669	44068,669	44068,690	0,000	0,000	0,000	0,000	13,440	13,440	NaN	NaN	1,000	389,000	699,000	868,978	215,467
160,000	60,000	220,000	19,463	0,000	0,552	0,000	28,678	0,028	25,179	0,001	28,635	0,000	120925,504	121432,686	121433,686	121436,273	121436,474	121436,474	121436,541	43765,504	44072,686	44073,686	44076,273	44076,474	44076,474	44076,541	0,030	0,000	0,000	0,000	13,440	13,440	0,148	NaN	1,000	388,000	713,000	868,978	215,467
750,000	680,000	1430,000	6,611	20,588	23,182	10,000	31,874	11,884	23,876	1,304	28,837	140,000	120925,504	121439,749	121440,750	121442,035	121442,791	121442,931	121443,480	43765,504	44079,749	44080,750	44082,035	44082,791	44082,931	44083,480	7,316	9,509	0,724	1,104	13,440	13,440	9,227	9,955	1,000	669,000	339,000	868,978	215,467
370,000	1060,000	1430,000	1,068	26,415	24,727	8,000	35,826	17,185	21,129	4,051	31,996	280,000	120925,504	121446,190	121447,191	121448,932	121449,312	121449,592	121450,380	43765,504	44086,190	44087,191	44088,933	44089,312	44089,592	44090,380	11,991	12,685	2,776	3,134	13,440	13,440	6,730	14,439	1,000	840,000	240,000	868,978	215,467
490,000	940,000	1430,000	2,247	30,851	24,390	8,000	34,841	15,943	20,960	4,220	31,805	290,000	120925,504	121452,891	121453,890	121457,147	121457,640	121457,930	121458,591	43765,504	44092,891	44093,891	44097,147	44097,640	44097,930	44098,591	10,582	12,174	2,695	3,359	13,440	13,440	5,029	15,644	1,000	796,000	248,000	868,978	215,467
