340,000	1060,000	1400,000	0,813	15,094	32,375	12,000	50,963	17,714	15,446	1,719	54,982	160,000	134524,682	134611,118	134612,118	134615,647	134615,995	134616,155	134617,065	49524,682	49571,118	49572,118	49575,647	49575,995	49576,155	49577,065	12,152	13,303	1,285	1,290	-13,440	13,440	7,881	8,691	1,000	594,000	233,000	571,022	215,467
480,000	1020,000	1500,000	1,623	20,588	37,436	12,000	52,016	19,789	14,974	2,191	55,833	210,000	134524,682	134618,736	134619,736	134622,773	134623,256	134623,466	134624,285	49524,682	49578,736	49579,736	49582,773	49583,256	49583,466	49584,285	14,007	14,262	1,602	1,554	-13,440	13,440	10,147	10,308	1,000	524,000	182,000	571,022	215,467
290,000	1150,000	1440,000	0,146	13,913	34,558	13,000	53,019	18,008	13,471	3,695	57,568	160,000	134524,682	134626,327	134627,327	134628,931	134629,225	134629,385	134630,385	49524,682	49586,327	49587,327	49588,931	49589,225	49589,385	49590,385	13,082	12,687	3,329	1,853	-13,440	13,440	22,374	26,529	1,000	576,000	217,000	571,022	215,467
220,000	1140,000	1360,000	0,622	18,421	30,787	10,000	52,371	17,661	13,457	3,709	57,799	210,000	134524,682	134632,392	134633,392	134635,531	134635,755	134635,965	134636,905	49524,682	49592,392	49593,392	49595,531	49595,755	49595,965	49596,905	12,265	13,055	3,295	1,915	-13,440	13,440	17,962	21,996	1,000	591,000	206,000	571,022	215,467
310,000	970,000	1280,000	1,072	20,619	35,230	6,000	52,696	18,359	13,241	3,924	56,813	200,000	134524,682	134639,385	134640,386	134642,505	134642,824	134643,024	134643,804	49524,682	49599,385	49600,386	49602,505	49602,824	49603,024	49603,805	12,967	13,165	3,088	2,421	-13,440	13,440	7,306	14,800	1,000	541,000	192,000	571,022	215,467
300,000	890,000	1190,000	0,857	22,472	42,930	10,000	51,875	17,446	13,392	3,773	56,492	200,000	134524,682	134645,896	134646,896	134648,618	134648,925	134649,125	134649,824	49524,682	49605,896	49606,896	49608,618	49608,925	49609,125	49609,825	11,842	13,163	2,872	2,520	-13,440	13,440	14,387	17,074	1,000	572,000	185,000	571,022	215,467
300,000	1170,000	1470,000	0,230	24,786	28,857	10,000	52,761	17,545	12,868	4,297	56,320	290,000	134524,682	134652,136	134653,138	134655,360	134655,665	134655,955	134656,844	49524,682	49612,136	49613,138	49615,360	49615,665	49615,955	49616,844	12,461	12,548	3,289	2,746	-13,440	13,440	3,775	8,917	1,000	563,000	217,000	571,022	215,467
300,000	1300,000	1600,000	0,510	21,538	25,569	10,000	52,553	16,859	13,257	3,909	55,981	280,000	134524,682	134658,612	134659,612	134702,740	134703,045	134703,325	134704,355	49524,682	49618,612	49619,612	49622,740	49623,045	49623,325	49624,355	11,814	12,265	2,948	2,548	-13,440	13,440	3,391	6,914	1,000	585,000	227,000	571,022	215,467
330,000	1310,000	1640,000	0,515	16,794	26,617	14,000	52,925	17,427	14,786	2,379	57,288	220,000	134524,682	134706,001	134707,000	134710,314	134710,657	134710,877	134711,974	49524,682	49626,001	49627,001	49630,314	49630,657	49630,877	49631,974	12,151	12,657	1,742	1,448	-13,440	13,440	2,593	2,130	1,000	589,000	212,000	571,022	215,467
330,000	970,000	1300,000	0,616	18,557	31,451	10,000	53,772	16,472	12,924	4,242	57,207	180,000	134524,682	134714,331	134715,331	134718,282	134718,615	134718,795	134719,595	49524,682	49634,331	49635,331	49638,282	49638,615	49638,795	49639,595	11,815	11,646	3,297	2,816	-13,440	13,440	19,559	22,347	1,000	589,000	228,000	571,022	215,467
310,000	1040,000	1350,000	1,252	21,154	33,290	12,000	53,857	18,698	11,831	5,334	56,905	220,000	134524,682	134721,277	134722,277	134725,464	134725,775	134725,995	134726,825	49524,682	49641,277	49642,277	49645,464	49645,775	49645,995	49646,825	13,586	12,967	4,050	3,458	-13,440	13,440	21,699	22,522	1,000	536,000	188,000	571,022	215,467
450,000	1270,000	1720,000	0,298	10,236	33,121	14,000	54,097	18,335	14,623	2,542	58,112	130,000	134524,682	134728,781	134729,781	134730,928	134731,384	134731,514	134732,665	49524,682	49648,781	49649,781	49650,928	49651,384	49651,514	49652,665	13,727	12,403	2,439	1,276	-13,440	13,440	20,886	21,712	1,000	570,000	226,000	571,022	215,467
100,000	1150,000	1250,000	0,918	17,391	34,005	8,000	52,815	17,329	15,089	2,076	57,364	200,000	134524,682	134734,303	134735,302	134737,535	134737,736	134737,935	134738,894	49524,682	49654,303	49655,302	49657,535	49657,736	49657,936	49658,894	12,294	12,630	1,778	1,377	-13,440	13,440	12,429	15,137	1,000	603,000	222,000	571,022	215,467
300,000	810,000	1110,000	1,143	16,049	41,030	10,000	53,829	18,814	14,454	2,711	57,608	130,000	134524,682	134740,973	134741,973	134745,352	134745,655	134745,785	134746,474	49524,682	49660,973	49661,973	49665,352	49665,655	49665,785	49666,474	13,615	13,084	2,027	1,905	-13,440	13,440	11,231	19,070	1,000	542,000	187,000	571,022	215,467
410,000	1300,000	1710,000	0,226	23,077	29,875	10,000	52,929	18,058	11,505	5,660	56,847	300,000	134524,682	134748,412	134749,412	134751,053	134751,465	134751,765	134752,774	49524,682	49668,412	49669,412	49671,053	49671,465	49671,765	49672,774	13,079	12,771	4,789	3,202	-13,440	13,440	12,443	13,973	1,000	563,000	216,000	571,022	215,467
340,000	910,000	1250,000	0,512	20,879	33,554	11,000	53,244	16,676	13,600	3,565	57,584	190,000	134524,682	134754,121	134755,122	134759,021	134759,366	134759,556	134800,285	49524,682	49674,121	49675,122	49679,021	49679,366	49679,556	49680,285	11,842	12,011	2,944	2,221	-13,440	13,440	17,454	18,143	1,000	588,000	222,000	571,022	215,467
350,000	1040,000	1390,000	0,111	15,385	32,796	10,000	54,068	17,277	12,773	4,393	57,810	160,000	134524,682	134802,342	134803,342	134806,468	134806,824	134806,984	134807,874	49524,682	49682,343	49683,342	49686,468	49686,824	49686,984	49687,874	12,741	11,982	3,747	2,714	-13,440	13,440	27,629	27,635	1,000	568,000	218,000	571,022	215,467
390,000	980,000	1370,000	0,464	14,286	33,422	12,000	53,007	18,040	13,676	3,489	57,719	140,000	134524,682	134809,239	134810,238	134812,172	134812,565	134812,705	134813,554	49524,682	49689,239	49690,238	49692,172	49692,565	49692,705	49693,555	12,574	12,965	2,719	1,951	-13,440	13,440	21,907	21,853	1,000	570,000	199,000	571,022	215,467
320,000	1590,000	1910,000	0,253	10,063	33,720	24,000	53,421	18,191	13,712	3,453	57,853	160,000	134524,682	134815,030	134816,029	134818,263	134818,585	134818,745	134820,185	49524,682	49695,030	49696,029	49698,263	49698,585	49698,745	49700,185	13,078	13,079	2,867	2,226	-13,440	13,440	24,640	25,079	1,000	580,000	215,000	571,022	215,467
310,000	1440,000	1750,000	1,126	9,028	31,732	16,000	53,792	18,833	13,758	3,407	57,361	130,000	134524,682	134822,041	134823,042	134826,560	134826,875	134827,005	134828,326	49524,682	49702,042	49703,042	49706,560	49706,875	49707,005	49708,326	13,557	13,079	2,425	2,374	-13,440	13,440	24,926	24,651	1,000	541,000	189,000	571,022	215,467
290,000	1150,000	1440,000	0,612	22,609	30,511	10,000	53,506	18,560	12,899	4,266	57,167	260,000	134524,682	134829,801	134830,801	134833,724	134834,024	134834,285	134835,185	49524,682	49709,801	49710,801	49713,724	49714,025	49714,285	49715,185	13,867	12,545	3,762	2,364	-13,440	13,440	16,269	20,305	1,000	554,000	229,000	571,022	215,467
300,000	1170,000	1470,000	0,405	14,530	31,970	12,000	52,951	17,658	13,886	3,279	56,544	170,000	134524,682	134836,543	134837,544	134841,365	134841,676	134841,845	134842,856	49524,682	49716,543	49717,544	49721,365	49721,676	49721,846	49722,856	12,660	12,684	2,584	2,331	-13,440	13,440	16,173	19,122	1,000	585,000	219,000	571,022	215,467
350,000	970,000	1320,000	0,468	24,742	46,646	6,000	53,977	18,718	11,683	5,482	57,568	240,000	134524,682	134844,745	134845,745	134847,499	134847,856	134848,095	134848,836	49524,682	49724,745	49725,745	49727,499	49727,856	49728,096	49728,836	14,011	12,656	4,652	3,355	-13,440	13,440	24,971	27,544	1,000	555,000	220,000	571,022	215,467
100,000	1500,000	1600,000	0,301	21,333	44,109	13,000	53,118	19,071	11,745	5,420	57,304	320,000	134524,682	134851,014	134852,014	134854,419	134854,620	134854,940	134856,125	49524,682	49731,014	49732,014	49734,419	49734,620	49734,940	49736,125	13,698	13,697	4,464	3,410	-13,440	13,440	17,737	17,762	1,000	576,000	206,000	571,022	215,467
380,000	1000,000	1380,000	0,134	15,000	42,802	10,000	54,122	17,244	12,211	4,954	58,122	150,000	134524,682	134857,160	134858,161	134859,642	134900,025	134900,175	134901,035	49524,682	49737,161	49738,161	49739,642	49740,025	49740,175	49741,035	12,719	11,957	4,298	3,022	-13,440	13,440	26,347	32,469	1,000	567,000	218,000	571,022	215,467
280,000	830,000	1110,000	1,003	25,301	36,818	8,000	52,888	17,009	11,561	5,604	55,335	210,000	134524,682	134902,943	134903,942	134905,777	134906,064	134906,274	134906,905	49524,682	49742,943	49743,942	49745,778	49746,064	49746,274	49746,905	12,179	12,100	4,092	4,239	-13,440	13,440	24,853	31,109	1,000	591,000	245,000	571,022	215,467
30,000	840,000	870,000	1,671	39,286	43,511	4,000	51,631	19,847	11,332	5,833	54,704	330,000	134524,682	134909,316	134910,316	134912,766	134912,967	134913,296	134913,815	49524,682	49749,316	49750,316	49752,766	49752,967	49753,297	49753,815	13,923	14,568	4,256	4,387	-13,440	13,440	16,434	19,699	1,000	534,000	169,000	571,022	215,467
280,000	1280,000	1560,000	0,425	25,781	31,422	12,000	52,811	18,142	9,550	7,616	55,050	330,000	134524,682	134915,658	134916,659	134920,151	134920,435	134920,765	134921,725	49524,682	49755,658	49756,659	49760,151	49760,435	49760,765	49761,725	13,023	12,826	5,586	5,464	-13,440	13,440	13,898	17,510	1,000	556,000	217,000	571,022	215,467
320,000	840,000	1160,000	1,113	15,476	33,677	12,000	52,573	17,369	14,317	2,848	55,496	130,000	134524,682	134923,565	134924,565	134926,452	134926,775	134926,905	134927,627	49524,682	49763,565	49764,565	49766,452	49766,775	49766,905	49767,627	12,237	12,628	2,044	2,166	-13,440	13,440	18,740	24,569	1,000	606,000	234,000	571,022	215,467
300,000	1090,000	1390,000	0,453	18,349	45,784	7,000	53,239	18,423	11,547	5,619	55,747	200,000	134524,682	134929,066	134930,066	134933,114	134933,415	134933,615	134934,515	49524,682	49769,066	49770,067	49773,114	49773,415	49773,615	49774,515	13,389	12,741	4,173	4,012	-13,440	13,440	32,173	31,698	1,000	584,000	225,000	571,022	215,467
390,000	790,000	1180,000	0,662	24,051	39,120	10,000	52,095	17,325	12,628	4,537	55,888	190,000	134524,682	134935,827	134936,826	134940,523	134940,915	134941,105	134941,715	49524,682	49775,827	49776,826	49780,523	49780,915	49781,105	49781,715	12,012	12,969	3,424	3,324	-13,440	13,440	13,840	20,009	1,000	578,000	193,000	571,022	215,467
290,000	980,000	1270,000	0,429	13,265	31,574	14,000	52,032	18,090	14,783	2,382	56,185	130,000	134524,682	134943,362	134944,362	134946,195	134946,494	134946,624	134947,486	49524,682	49783,362	49784,362	49786,195	49786,494	49786,624	49787,486	12,573	13,360	1,821	1,777	-13,440	13,440	17,484	17,998	1,000	583,000	206,000	571,022	215,467
310,000	1240,000	1550,000	1,760	16,935	34,321	10,000	53,118	20,184	12,144	5,021	56,635	210,000	134524,682	134948,633	134949,632	134951,905	134952,226	134952,436	134953,475	49524,682	49788,633	49789,632	49791,905	49792,226	49792,436	49793,475	14,709	14,176	4,016	3,412	-13,440	13,440	22,403	21,172	1,000	528,000	170,000	571,022	215,467
290,000	900,000	1190,000	0,803	14,444	32,889	12,000	52,240	18,938	14,613	2,552	57,055	130,000	134524,682	134955,106	134956,105	134957,690	134957,985	134958,115	134958,895	49524,682	49795,106	49796,105	49797,690	49797,985	49798,115	49798,895	13,249	13,897	2,148	1,620	-13,440	13,440	13,744	21,648	1,000	569,000	187,000	571,022	215,467
80,000	990,000	1070,000	0,485	21,212	36,570	10,000	53,266	17,574	14,579	2,586	57,139	210,000	134524,682	135000,347	135001,346	135003,494	135003,696	135003,905	135004,694	49524,682	49800,347	49801,346	49803,494	49803,696	49803,906	49804,694	12,713	12,488	2,172	1,748	-13,440	13,440	18,461	18,544	1,000	586,000	224,000	571,022	215,467
310,000	770,000	1080,000	0,176	32,468	42,509	5,000	53,130	18,311	10,968	6,197	56,629	250,000	134524,682	135006,239	135007,239	135010,404	135010,715	135010,965	135011,495	49524,682	49806,239	49807,240	49810,404	49810,715	49810,965	49811,495	13,306	12,910	5,054	4,085	-13,440	13,440	24,483	25,454	1,000	568,000	210,000	571,022	215,467
290,000	870,000	1160,000	0,725	18,391	32,147	14,000	52,387	17,950	14,408	2,758	56,855	160,000	134524,682	135013,120	135014,119	135016,674	135016,964	135017,124	135017,845	49524,682	49813,120	49814,119	49816,674	49816,964	49817,124	49817,845	12,574	13,279	2,262	1,897	-13,440	13,440	16,045	19,591	1,000	590,000	198,000	571,022	215,467
340,000	1080,000	1420,000	0,528	17,593	45,451	10,000	53,560	17,254	12,121	5,044	56,750	190,000	134524,682	135019,706	135020,705	135023,753	135024,096	135024,286	135025,185	49524,682	49819,706	49820,705	49823,753	49824,096	49824,286	49825,185	12,206	12,151	3,635	3,493	-13,440	13,440	25,418	26,100	1,000	585,000	228,000	571,022	215,467
60,000	950,000	1010,000	1,163	30,526	35,530	8,000	52,340	16,910	12,403	4,763	55,008	290,000	134524,682	135026,721	135027,720	135030,702	135030,903	135031,193	135031,855	49524,682	49826,721	49827,721	49830,702	49830,903	49831,193	49831,855	12,094	12,123	3,738	3,205	-13,440	13,440	26,868	28,691	1,000	586,000	254,000	571,022	215,467
430,000	1500,000	1930,000	7,175	22,667	38,461	12,000	50,739	26,737	7,523	9,642	54,137	340,000	134524,682	135033,210	135034,209	135035,905	135036,344	135036,684	135037,855	49524,682	49833,210	49834,209	49835,906	49836,344	49836,684	49837,855	18,643	19,749	6,990	6,950	-13,440	13,440	1,318	29,761	1,000	758,000	389,000	571,022	215,467
