420,000	1010,000	1430,000	1,252	16,832	30,953	10,000	53,848	18,723	14,204	2,961	56,273	170,000	154131,750	154158,087	154159,088	154200,332	154200,761	154200,931	154201,782	56491,750	56518,088	56519,088	56520,332	56520,761	56520,931	56521,782	14,067	12,538	2,322	2,097	-13,440	13,440	11,918	18,625	1,000	527,000	222,000	571,022	215,467
360,000	1030,000	1390,000	2,655	14,563	33,569	9,000	52,770	20,817	14,509	2,657	55,418	150,000	154131,750	154205,774	154206,774	154209,013	154209,383	154209,533	154210,421	56491,750	56525,775	56526,774	56529,013	56529,383	56529,533	56530,421	15,161	14,514	1,724	2,359	-13,440	13,440	20,054	20,474	1,000	490,000	167,000	571,022	215,467
620,000	810,000	1430,000	1,858	30,864	39,085	6,000	53,704	19,316	10,638	6,527	55,161	250,000	154131,750	154214,197	154215,198	154219,187	154219,811	154220,061	154220,631	56491,750	56534,197	56535,199	56539,187	56539,811	56540,061	56540,631	14,542	12,825	4,870	4,755	-13,440	13,440	28,705	29,882	1,000	505,000	213,000	571,022	215,467
380,000	890,000	1270,000	0,662	19,101	36,957	10,000	52,133	18,688	14,244	2,921	55,303	170,000	154131,750	154224,500	154225,501	154227,610	154227,991	154228,161	154228,891	56491,750	56544,500	56545,501	56547,610	56547,991	56548,161	56548,891	13,163	13,645	2,002	2,508	-13,440	13,440	15,779	19,101	1,000	564,000	193,000	571,022	215,467
520,000	890,000	1410,000	0,395	40,449	30,393	6,000	52,294	18,256	9,210	7,956	53,642	360,000	154131,750	154232,958	154233,958	154237,128	154237,652	154238,012	154238,552	56491,750	56552,958	56553,958	56557,128	56557,652	56558,012	56558,552	12,857	13,305	5,336	6,458	-13,440	13,440	22,973	27,126	1,000	585,000	217,000	571,022	215,467
450,000	980,000	1430,000	2,246	23,469	39,985	10,000	54,438	19,400	13,079	4,086	55,941	230,000	154131,750	154243,118	154244,119	154245,904	154246,363	154246,593	154247,351	56491,750	56563,118	56564,119	56565,904	56566,363	56566,593	56567,351	15,047	12,276	3,194	2,868	-13,440	13,440	19,437	23,439	1,000	499,000	250,000	571,022	215,467
330,000	1100,000	1430,000	1,551	16,364	30,582	7,000	53,032	16,311	14,025	3,140	55,186	180,000	154131,750	154250,814	154251,815	154254,285	154254,621	154254,801	154255,731	56491,750	56570,814	56571,815	56574,285	56574,621	56574,801	56575,731	11,627	11,782	1,985	2,838	-13,440	13,440	14,705	20,117	1,000	614,000	250,000	571,022	215,467
370,000	1060,000	1430,000	2,823	25,472	30,138	10,000	55,360	19,240	13,555	3,611	55,688	270,000	154131,750	154301,841	154302,842	154306,291	154306,672	154306,942	154307,741	56491,750	56581,841	56582,842	56586,292	56586,672	56586,942	56587,741	15,219	11,915	2,551	2,843	-13,440	13,440	2,186	16,609	1,000	473,000	237,000	571,022	215,467
390,000	1040,000	1430,000	1,037	13,462	23,868	16,000	53,751	16,481	16,145	1,020	56,191	140,000	154131,750	154312,878	154313,878	154316,802	154317,202	154317,342	154318,251	56491,750	56592,878	56593,878	56596,802	56597,202	56597,342	56598,251	12,186	11,422	0,677	0,856	-13,440	13,440	5,644	8,364	1,000	576,000	252,000	571,022	215,467
770,000	660,000	1430,000	5,254	28,788	22,369	10,000	52,125	12,192	14,451	2,715	55,339	190,000	154131,750	154322,413	154323,414	154325,539	154326,312	154326,502	154326,982	56491,750	56602,413	56603,414	56605,539	56606,312	56606,502	56606,982	7,925	9,941	1,656	2,491	-13,440	13,440	5,698	14,957	1,000	741,000	293,000	571,022	215,467
550,000	880,000	1430,000	1,821	53,409	25,645	4,000	52,729	16,015	8,319	8,846	53,860	470,000	154131,750	154331,864	154332,864	154335,310	154335,861	154336,331	154336,751	56491,750	56611,864	56612,864	56615,310	56615,861	56616,331	56616,751	11,416	11,623	6,250	6,696	-13,440	13,440	8,364	19,652	1,000	618,000	260,000	571,022	215,467
570,000	860,000	1430,000	1,167	46,512	31,401	8,000	51,872	16,809	8,308	8,857	52,959	400,000	154131,750	154341,711	154342,712	154343,793	154344,371	154344,771	154345,242	56491,750	56621,711	56622,712	56623,793	56624,371	56624,771	56625,242	11,487	12,775	5,764	7,314	-13,440	13,440	13,357	23,935	1,000	612,000	222,000	571,022	215,467
610,000	820,000	1430,000	2,814	26,829	26,384	9,000	53,616	15,063	13,735	3,431	55,622	220,000	154131,750	154349,875	154350,874	154354,870	154355,483	154355,703	154356,312	56491,750	56629,875	56630,874	56634,870	56635,483	56635,703	56636,312	10,986	10,601	2,411	2,713	-13,440	13,440	8,335	18,197	1,000	633,000	294,000	571,022	215,467
600,000	830,000	1430,000	0,771	56,627	32,579	4,000	53,082	16,780	6,551	10,615	53,585	470,000	154131,750	154400,239	154401,240	154402,835	154403,442	154403,912	154404,282	56491,750	56640,239	56641,240	56642,835	56643,442	56643,912	56644,282	12,110	11,921	7,475	7,986	-13,440	13,440	9,472	20,753	1,000	588,000	237,000	571,022	215,467
680,000	750,000	1430,000	3,100	37,333	24,639	8,000	52,922	13,802	13,462	3,703	54,665	280,000	154131,750	154408,552	154409,552	154410,663	154411,352	154411,632	154412,111	56491,750	56648,552	56649,552	56650,663	56651,352	56651,632	56652,111	9,702	10,281	2,407	3,213	-13,440	13,440	0,166	17,173	1,000	654,000	288,000	571,022	215,467
820,000	610,000	1430,000	1,295	65,574	33,456	3,000	52,763	14,956	7,771	9,394	53,454	400,000	154131,750	154416,396	154417,397	154421,161	154421,992	154422,392	154422,611	56491,750	56656,396	56657,397	56661,161	56661,992	56662,392	56662,611	10,467	11,197	6,369	7,444	-13,440	13,440	1,011	24,828	1,000	610,000	240,000	571,022	215,467
610,000	820,000	1430,000	1,428	20,732	33,222	8,000	52,401	16,397	14,218	2,947	55,440	170,000	154131,750	154426,219	154427,219	154430,324	154430,942	154431,112	154431,772	56491,750	56666,219	56667,219	56670,324	56670,942	56671,112	56671,772	11,410	12,198	1,960	2,480	-13,440	13,440	9,653	17,940	1,000	617,000	237,000	571,022	215,467
750,000	680,000	1430,000	1,485	38,235	34,111	8,000	52,970	15,502	13,149	4,016	55,175	260,000	154131,750	154435,303	154436,303	154439,189	154439,941	154440,201	154440,631	56491,750	56675,303	56676,303	56679,189	56679,941	56680,201	56680,631	11,125	11,314	2,880	3,216	-13,440	13,440	0,303	22,507	1,000	606,000	255,000	571,022	215,467
1320,000	110,000	1430,000	13,537	0,000	22,866	0,000	55,783	2,140	17,150	0,016	56,788	0,000	154131,750	154444,849	154445,851	154447,362	154448,691	154448,691	154448,812	56491,750	56684,849	56685,851	56687,362	56688,691	56688,691	56688,812	1,454	1,765	0,010	0,013	-13,440	13,440	21,328	NaN	1,000	919,000	548,000	571,022	215,467
1230,000	200,000	1430,000	10,707	0,000	32,214	0,000	55,731	4,457	17,155	0,010	57,062	0,000	154131,750	154453,224	154454,225	154455,969	154457,202	154457,202	154457,411	56491,750	56693,224	56694,225	56695,969	56697,202	56697,202	56697,411	3,271	3,429	0,008	0,010	-13,440	13,440	25,717	NaN	1,000	855,000	469,000	571,022	215,467
530,000	870,000	1400,000	0,190	20,690	40,490	8,000	52,006	18,477	14,189	2,977	55,714	180,000	154131,750	154501,688	154502,689	154506,319	154506,853	154507,033	154507,731	56491,750	56701,688	56702,689	56706,319	56706,853	56707,033	56707,731	12,940	13,500	2,188	2,245	-13,440	13,440	18,400	20,081	1,000	575,000	210,000	571,022	215,467
740,000	690,000	1430,000	0,454	46,377	33,937	7,000	52,744	17,618	9,572	7,593	53,640	320,000	154131,750	154511,497	154512,497	154513,931	154514,681	154515,001	154515,381	56491,750	56711,498	56712,497	56713,931	56714,681	56715,001	56715,381	12,709	12,527	5,166	6,034	-13,440	13,440	6,032	30,492	1,000	558,000	225,000	571,022	215,467
430,000	980,000	1410,000	0,120	22,449	33,085	6,000	52,483	18,326	13,823	3,342	55,344	220,000	154131,750	154518,736	154519,736	154523,445	154523,881	154524,101	154524,872	56491,750	56718,736	56719,736	56723,445	56723,881	56724,101	56724,872	13,080	13,164	2,342	2,705	-13,440	13,440	17,901	18,699	1,000	567,000	214,000	571,022	215,467
550,000	840,000	1390,000	0,130	16,667	48,325	8,000	52,232	18,141	14,179	2,986	55,750	140,000	154131,750	154528,730	154529,729	154532,191	154532,752	154532,892	154533,601	56491,750	56728,730	56729,729	56732,191	56732,752	56732,892	56733,601	12,825	13,138	2,217	2,302	-13,440	13,440	21,621	24,422	1,000	572,000	220,000	571,022	215,467
450,000	60,000	510,000	18,943	0,000	0,550	0,000	56,348	0,024	17,165	0,000	56,323	0,000	154131,750	154537,271	154538,271	154540,185	154540,642	154540,642	154540,711	56491,750	56737,271	56738,271	56740,185	56740,642	56740,642	56740,711	0,030	0,000	0,000	0,000	-13,440	13,440	0,053	NaN	1,000	1044,000	695,000	571,022	215,467
330,000	20,000	350,000	18,904	0,000	0,000	0,000	56,297	0,000	17,165	0,000	56,297	0,000	154131,750	154545,185	154546,185	154547,320	154547,651	154547,651	154547,681	56491,750	56745,185	56746,186	56747,320	56747,651	56747,651	56747,681	0,000	0,000	0,000	0,000	-13,440	13,440	NaN	NaN	1,000	1042,000	695,000	571,022	215,467
160,000	1270,000	1430,000	15,980	18,898	16,081	17,000	57,504	10,749	16,277	0,888	62,081	240,000	154131,750	154548,273	154549,274	154552,753	154552,954	154553,194	154554,232	56491,750	56748,273	56749,274	56752,753	56752,954	56753,194	56754,232	8,101	7,430	0,739	0,506	-13,440	13,440	7,337	0,558	1,000	969,000	621,000	571,022	215,467
460,000	790,000	1250,000	2,020	17,722	63,415	6,000	52,473	20,140	13,893	3,272	55,404	140,000	154131,750	154554,835	154555,835	154557,123	154557,592	154557,732	154558,391	56491,750	56754,835	56755,835	56757,123	56757,592	56757,732	56758,391	14,542	14,147	2,332	2,576	-13,440	13,440	23,168	25,995	1,000	508,000	181,000	571,022	215,467
540,000	760,000	1300,000	0,915	15,789	51,833	8,000	51,637	18,535	14,143	3,022	55,258	120,000	154131,750	154601,550	154602,550	154605,829	154606,371	154606,491	154607,143	56491,750	56761,550	56762,550	56765,829	56766,371	56766,491	56767,143	12,686	13,896	1,957	2,625	-13,440	13,440	23,956	27,631	1,000	573,000	183,000	571,022	215,467
450,000	980,000	1430,000	1,239	15,306	35,143	10,000	52,580	19,680	14,181	2,984	55,634	150,000	154131,750	154610,058	154611,057	154613,146	154613,601	154613,751	154614,592	56491,750	56770,058	56771,057	56773,146	56773,601	56773,751	56774,592	14,215	13,833	2,153	2,342	-13,440	13,440	19,561	20,222	1,000	532,000	195,000	571,022	215,467
630,000	800,000	1430,000	6,485	51,250	46,735	6,000	53,384	24,288	4,574	12,591	54,583	410,000	154131,750	154617,586	154618,587	154621,426	154622,061	154622,471	154622,871	56491,750	56777,586	56778,587	56781,426	56782,061	56782,471	56782,871	18,419	16,094	9,651	8,560	-13,440	13,440	19,360	45,025	1,000	367,000	108,000	571,022	215,467
580,000	850,000	1430,000	1,601	17,647	33,459	8,000	52,034	18,123	14,463	2,702	55,769	150,000	154131,750	154626,502	154627,503	154629,494	154630,081	154630,231	154630,941	56491,750	56786,502	56787,503	56789,494	56790,081	56790,231	56790,942	12,368	13,874	1,695	2,492	-13,440	13,440	7,715	19,943	1,000	610,000	174,000	571,022	215,467
480,000	820,000	1300,000	1,818	65,854	49,924	2,000	51,066	19,928	0,683	17,849	51,307	540,000	154131,750	154634,195	154635,195	154638,433	154638,921	154639,461	154639,752	56491,750	56794,195	56795,195	56798,433	56798,921	56799,461	56799,752	13,529	15,048	12,084	13,693	-13,440	13,440	22,485	25,630	1,000	551,000	154,000	571,022	215,467
430,000	990,000	1420,000	0,788	19,192	34,891	6,000	52,130	19,124	14,248	2,917	55,113	190,000	154131,750	154642,841	154643,844	154645,205	154645,641	154645,831	154646,642	56491,750	56802,841	56803,844	56805,205	56805,641	56805,831	56806,642	13,670	13,670	2,056	2,369	-13,440	13,440	13,831	18,404	1,000	544,000	208,000	571,022	215,467
320,000	80,000	400,000	15,533	0,000	32,331	0,000	55,901	1,817	17,133	0,032	57,688	0,000	154131,750	154651,337	154652,338	154654,438	154654,761	154654,761	154654,853	56491,750	56811,337	56812,338	56814,438	56814,761	56814,761	56814,853	0,902	1,625	0,018	0,031	-13,440	13,440	17,977	NaN	1,000	976,000	591,000	571,022	215,467
650,000	780,000	1430,000	3,361	44,872	25,326	6,000	53,494	13,564	13,259	3,906	55,140	350,000	154131,750	154701,767	154702,768	154705,645	154706,301	154706,651	154707,091	56491,750	56821,767	56822,768	56825,645	56826,301	56826,651	56827,091	9,921	9,627	2,785	3,012	-13,440	13,440	3,167	14,904	1,000	649,000	306,000	571,022	215,467
700,000	730,000	1430,000	0,184	28,767	34,398	8,000	52,030	17,523	13,895	3,271	54,774	210,000	154131,750	154710,866	154711,867	154713,456	154714,161	154714,371	154714,901	56491,750	56830,866	56831,867	56833,456	56834,161	56834,371	56834,901	12,426	12,799	2,256	2,677	-13,440	13,440	0,529	19,888	1,000	565,000	218,000	571,022	215,467
640,000	790,000	1430,000	2,660	49,367	45,345	6,000	52,776	20,900	5,445	11,720	53,589	390,000	154131,750	154717,950	154718,950	154720,280	154720,923	154721,313	154721,722	56491,750	56837,950	56838,950	56840,280	56840,923	56841,313	56841,722	15,376	14,402	8,586	8,493	-13,440	13,440	33,244	43,195	1,000	486,000	174,000	571,022	215,467
260,000	870,000	1130,000	1,663	36,782	52,734	4,000	51,501	19,201	10,931	6,234	55,104	320,000	154131,750	154725,548	154726,549	154729,725	154729,992	154730,312	154730,872	56491,750	56845,548	56846,549	56849,725	56849,992	56850,312	56850,872	13,023	14,739	4,456	4,951	-13,440	13,440	29,671	31,188	1,000	594,000	161,000	571,022	215,467
530,000	900,000	1430,000	1,187	37,778	30,871	8,000	52,239	19,069	9,454	7,711	53,416	340,000	154131,750	154734,200	154735,200	154738,958	154739,492	154739,832	154740,402	56491,750	56854,200	56855,200	56858,958	56859,492	56859,832	56860,402	13,364	14,016	4,932	6,506	-13,440	13,440	10,788	23,023	1,000	559,000	175,000	571,022	215,467
