30,000	1400,000	1430,000	6,192	10,000	21,357	16,000	49,647	4,915	24,776	0,404	51,066	140,000	150425,922	155206,277	155207,277	155208,864	155209,065	155209,205	155210,474	54265,922	57126,277	57127,277	57128,864	57129,065	57129,205	57130,474	3,178	3,880	0,085	0,543	13,440	13,440	2,246	2,692	1,000	743,000	396,000	868,978	215,467
30,000	110,000	140,000	18,648	90,909	0,840	0,000	31,291	0,078	25,106	0,074	31,291	100,000	150425,922	155220,705	155221,705	155223,172	155223,374	155223,474	155223,494	54265,922	57140,705	57141,705	57143,173	57143,374	57143,474	57143,493	0,058	0,057	0,057	0,054	13,440	13,440	NaN	0,610	1,000	433,000	715,000	868,978	215,467
30,000	140,000	170,000	20,245	92,857	2,348	0,000	27,412	0,189	24,993	0,187	27,412	130,000	150425,922	155230,905	155231,907	155235,526	155235,727	155235,857	155235,874	54265,922	57150,906	57151,907	57155,526	57155,727	57155,857	57155,874	0,028	0,199	0,028	0,197	13,440	13,440	NaN	1,371	1,000	388,000	751,000	868,978	215,467
120,000	1310,000	1430,000	4,939	9,160	23,129	16,000	35,714	14,051	24,262	0,918	32,055	120,000	150425,922	155242,853	155243,853	155247,513	155247,713	155247,833	155249,024	54265,922	57162,853	57163,853	57167,513	57167,713	57167,833	57169,024	9,440	10,679	0,567	0,756	13,440	13,440	3,794	6,420	1,000	765,000	357,000	868,978	215,467
270,000	1160,000	1430,000	7,793	16,379	20,626	12,000	36,875	10,293	24,925	0,256	31,403	190,000	150425,922	155253,476	155254,475	155258,429	155258,704	155258,894	155259,874	54265,922	57173,476	57174,475	57178,429	57178,704	57178,894	57179,874	8,022	7,005	0,172	0,213	13,440	13,440	8,414	0,763	1,000	708,000	441,000	868,978	215,467
850,000	580,000	1430,000	10,729	25,862	22,385	4,000	36,492	6,524	24,185	0,995	33,031	150,000	150425,922	155304,414	155305,415	155309,022	155309,875	155310,025	155310,465	54265,922	57184,414	57185,415	57189,022	57189,875	57190,025	57190,465	5,561	4,187	1,074	0,618	13,440	13,440	9,115	4,092	1,000	634,000	516,000	868,978	215,467
550,000	20,000	570,000	18,660	0,000	0,000	0,000	30,796	0,000	25,180	0,000	30,796	0,000	150425,922	155315,059	155316,060	155317,817	155318,374	155318,374	155318,404	54265,922	57195,059	57196,060	57197,817	57198,374	57198,374	57198,404	0,000	0,000	0,000	0,000	13,440	13,440	NaN	NaN	1,000	419,000	703,000	868,978	215,467
60,000	870,000	930,000	18,774	26,437	14,487	12,000	31,266	3,415	24,175	1,005	31,580	230,000	150425,922	155325,511	155326,511	155328,210	155328,410	155328,640	155329,284	54265,922	57205,511	57206,511	57208,210	57208,410	57208,640	57209,284	1,717	2,953	0,441	0,948	13,440	13,440	3,993	5,542	1,000	413,000	703,000	868,978	215,467
210,000	1220,000	1430,000	4,419	18,852	22,751	11,000	35,990	14,203	24,544	0,636	31,220	230,000	150425,922	155335,772	155336,772	155338,146	155338,364	155338,594	155339,594	54265,922	57215,772	57216,772	57218,146	57218,364	57218,594	57219,594	9,659	10,680	0,141	0,660	13,440	13,440	12,809	1,194	1,000	767,000	335,000	868,978	215,467
30,000	1400,000	1430,000	4,398	16,429	25,828	13,000	35,758	14,657	24,488	0,692	30,295	230,000	150425,922	155344,063	155345,064	155348,785	155348,985	155349,215	155350,394	54265,922	57224,063	57225,064	57228,785	57228,985	57229,215	57230,394	10,199	10,875	0,163	0,717	13,440	13,440	0,772	2,078	1,000	786,000	348,000	868,978	215,467
520,000	910,000	1430,000	3,160	16,484	25,935	10,000	38,182	14,032	24,299	0,881	33,368	150,000	150425,922	155354,468	155355,468	155359,363	155359,884	155360,034	155400,805	54265,922	57234,468	57235,468	57239,363	57239,884	57240,034	57240,805	10,823	9,588	0,922	0,518	13,440	13,440	14,187	2,756	1,000	823,000	318,000	868,978	215,467
130,000	110,000	240,000	19,143	0,000	0,578	0,000	29,269	0,050	25,180	0,000	29,338	0,000	150425,922	155404,358	155405,358	155408,331	155408,532	155408,532	155408,644	54265,922	57244,358	57245,358	57248,331	57248,532	57248,532	57248,644	0,000	0,057	0,000	0,000	13,440	13,440	0,539	NaN	1,000	394,000	703,000	868,978	215,467
60,000	40,000	100,000	18,151	0,000	0,340	0,000	31,786	0,015	25,179	0,001	31,809	0,000	150425,922	155414,872	155415,872	155419,238	155419,439	155419,439	155419,484	54265,922	57254,873	57255,872	57259,238	57259,439	57259,439	57259,484	0,000	0,000	0,000	0,000	13,440	13,440	0,015	NaN	1,000	422,000	681,000	868,978	215,467
640,000	790,000	1430,000	6,329	16,456	23,040	9,000	37,405	10,534	24,424	0,756	32,723	130,000	150425,922	155423,484	155424,484	155425,667	155426,315	155426,445	155427,115	54265,922	57263,484	57264,484	57265,667	57266,315	57266,445	57267,115	8,132	7,123	0,602	0,444	13,440	13,440	13,323	1,316	1,000	732,000	394,000	868,978	215,467
260,000	300,000	560,000	19,579	70,000	5,977	1,000	28,430	0,500	24,739	0,441	28,497	210,000	150425,922	155430,662	155431,662	155433,335	155433,604	155433,814	155433,915	54265,922	57270,662	57271,662	57273,335	57273,604	57273,814	57273,915	0,113	0,508	0,113	0,441	13,440	13,440	0,593	0,112	1,000	378,000	709,000	868,978	215,467
940,000	490,000	1430,000	12,971	26,531	26,514	4,000	35,152	3,979	25,036	0,144	31,085	130,000	150425,922	155438,571	155439,571	155441,146	155442,094	155442,224	155442,595	54265,922	57278,571	57279,571	57281,146	57282,094	57282,224	57282,595	3,601	2,487	0,154	0,105	13,440	13,440	19,412	0,807	1,000	574,000	570,000	868,978	215,467
130,000	20,000	150,000	19,003	0,000	0,000	0,000	29,350	0,000	25,180	0,000	29,350	0,000	150425,922	155446,563	155447,563	155449,878	155450,079	155450,079	155450,104	54265,922	57286,563	57287,564	57289,878	57290,079	57290,079	57290,104	0,000	0,000	0,000	0,000	13,440	13,440	NaN	NaN	1,000	388,000	690,000	868,978	215,467
680,000	750,000	1430,000	6,481	24,000	21,060	6,000	35,489	11,422	22,811	2,369	32,496	180,000	150425,922	155454,812	155455,812	155459,232	155459,914	155460,094	155500,674	54265,922	57294,812	57295,812	57299,232	57299,914	57300,094	57300,674	8,340	8,202	1,940	1,682	13,440	13,440	0,011	10,332	1,000	714,000	386,000	868,978	215,467
160,000	1270,000	1430,000	5,721	14,173	26,420	17,000	35,263	12,576	24,945	0,236	30,741	180,000	150425,922	155505,095	155506,095	155507,283	155507,484	155507,665	155508,765	54265,922	57305,095	57306,095	57307,283	57307,485	57307,665	57308,765	8,698	9,383	0,092	0,228	13,440	13,440	7,127	0,214	1,000	730,000	364,000	868,978	215,467
580,000	850,000	1430,000	7,509	20,000	34,972	9,000	34,632	11,748	24,545	0,635	31,785	170,000	150425,922	155513,517	155514,517	155515,714	155516,303	155516,473	155517,164	54265,922	57313,517	57314,517	57315,714	57316,303	57316,473	57317,164	7,681	9,033	0,260	0,615	13,440	13,440	14,987	3,221	1,000	684,000	408,000	868,978	215,467
30,000	1400,000	1430,000	2,082	15,714	30,977	14,000	36,195	17,070	24,567	0,613	29,061	220,000	150425,922	155521,000	155522,000	155525,849	155526,049	155526,269	155527,455	54265,922	57321,000	57322,000	57325,849	57326,050	57326,270	57327,455	12,372	12,315	0,218	0,588	13,440	13,440	11,072	1,417	1,000	831,000	279,000	868,978	215,467
30,000	290,000	320,000	18,327	58,621	11,481	2,000	30,031	1,263	24,308	0,872	30,301	170,000	150425,922	155530,152	155531,152	155534,582	155534,782	155534,952	155535,073	54265,922	57330,152	57331,152	57334,582	57334,782	57334,952	57335,074	0,337	1,267	0,255	0,869	13,440	13,440	2,812	1,454	1,000	412,000	680,000	868,978	215,467
30,000	770,000	800,000	0,559	31,169	6,155	8,000	69,107	2,274	24,543	0,637	71,555	240,000	150425,922	155540,866	155541,867	155543,439	155543,639	155543,879	155544,414	54265,922	57340,866	57341,867	57343,439	57343,639	57343,879	57344,414	1,717	1,969	0,503	0,632	13,440	13,440	1,009	0,711	1,000	873,000	196,000	868,978	215,467
30,000	1400,000	1430,000	6,847	8,571	27,782	20,000	34,893	12,035	23,951	1,229	28,903	120,000	150425,922	155547,610	155548,610	155551,958	155552,158	155552,278	155553,564	54265,922	57347,610	57348,610	57351,958	57352,158	57352,278	57353,564	8,318	8,987	0,230	1,237	13,440	13,440	17,700	5,357	1,000	720,000	408,000	868,978	215,467
270,000	400,000	670,000	17,790	55,000	9,081	2,000	30,787	1,197	24,834	0,346	30,817	220,000	150425,922	155557,103	155558,103	155559,493	155559,764	155559,984	155600,174	54265,922	57357,103	57358,104	57359,493	57359,764	57359,984	57360,174	0,538	1,073	0,114	0,335	13,440	13,440	7,354	0,222	1,000	420,000	661,000	868,978	215,467
570,000	860,000	1430,000	16,259	22,093	31,039	11,000	66,691	13,959	24,668	0,512	77,800	190,000	150425,922	155601,560	155602,561	155605,452	155606,024	155606,214	155606,894	54265,922	57361,560	57362,561	57365,452	57366,024	57366,214	57366,894	11,296	10,942	0,455	0,456	13,440	13,440	21,682	2,821	1,000	463,000	627,000	868,978	215,467
30,000	50,000	80,000	19,383	0,000	0,898	0,000	28,870	0,039	25,180	0,000	28,842	0,000	150425,922	155608,750	155609,750	155613,452	155613,652	155613,652	155613,704	54265,922	57368,750	57369,750	57373,452	57373,652	57373,652	57373,704	0,030	0,029	0,003	0,000	13,440	13,440	0,078	NaN	1,000	390,000	711,000	868,978	215,467
30,000	170,000	200,000	18,777	94,118	5,728	0,000	29,568	0,388	24,795	0,386	29,568	160,000	150425,922	155618,707	155619,709	155621,444	155621,646	155621,806	155621,825	54265,922	57378,707	57379,709	57381,444	57381,646	57381,806	57381,825	0,141	0,366	0,141	0,363	13,440	13,440	NaN	0,666	1,000	415,000	705,000	868,978	215,467
30,000	640,000	670,000	19,958	48,437	15,701	2,000	42,690	4,932	22,217	2,963	42,376	310,000	150425,922	155624,657	155625,657	155629,401	155629,602	155629,912	155630,245	54265,922	57384,657	57385,657	57389,401	57389,602	57389,912	57390,245	4,024	2,927	2,578	1,668	13,440	13,440	5,879	7,130	1,000	372,000	722,000	868,978	215,467
60,000	990,000	1050,000	18,435	23,232	30,184	13,000	26,087	5,568	24,056	1,124	28,516	230,000	150425,922	155630,833	155631,834	155635,082	155635,283	155635,513	155636,275	54265,922	57390,833	57391,834	57395,082	57395,283	57395,513	57396,275	1,211	5,654	0,250	1,157	13,440	13,440	4,043	4,185	1,000	420,000	693,000	868,978	215,467
870,000	260,000	1130,000	18,885	50,000	1,216	2,000	29,745	0,189	25,104	0,076	29,825	130,000	150425,922	155639,417	155640,417	155643,961	155644,834	155644,964	155645,104	54265,922	57399,417	57400,417	57403,961	57404,834	57404,964	57405,104	0,086	0,169	0,054	0,060	13,440	13,440	0,215	0,527	1,000	400,000	696,000	868,978	215,467
30,000	1370,000	1400,000	19,135	18,248	17,127	18,000	45,476	6,890	23,083	2,097	46,420	250,000	150425,922	155645,692	155646,692	155648,921	155649,122	155649,372	155650,494	54265,922	57405,692	57406,692	57408,921	57409,122	57409,372	57410,494	4,444	5,232	1,385	1,576	13,440	13,440	4,912	4,830	1,000	406,000	714,000	868,978	215,467
30,000	680,000	710,000	0,328	41,176	6,578	6,000	70,498	1,777	24,503	0,677	71,174	280,000	150425,922	155655,582	155656,582	155657,711	155657,913	155658,193	155658,593	54265,922	57415,582	57416,582	57417,711	57417,913	57418,193	57418,594	1,493	1,126	0,606	0,452	13,440	13,440	0,140	2,347	1,000	864,000	226,000	868,978	215,467
30,000	1400,000	1430,000	2,632	15,714	33,481	16,000	37,284	18,397	24,412	0,768	30,997	220,000	150425,922	155700,668	155701,668	155705,189	155705,391	155705,611	155706,795	54265,922	57420,668	57421,668	57425,189	57425,391	57425,611	57426,795	12,961	13,464	0,152	0,811	13,440	13,440	13,820	1,324	1,000	855,000	308,000	868,978	215,467
30,000	300,000	330,000	19,674	86,667	4,514	1,000	28,425	0,538	24,677	0,503	28,476	260,000	150425,922	155709,809	155710,810	155714,317	155714,518	155714,778	155714,824	54265,922	57429,809	57430,810	57434,317	57434,518	57434,778	57434,824	0,142	0,535	0,123	0,510	13,440	13,440	0,030	0,455	1,000	394,000	729,000	868,978	215,467
30,000	1400,000	1430,000	2,427	11,429	27,083	16,000	36,594	16,896	24,578	0,602	30,316	160,000	150425,922	155718,770	155719,770	155723,489	155723,690	155723,850	155725,095	54265,922	57438,770	57439,770	57443,490	57443,690	57443,850	57445,095	11,971	12,301	0,141	0,615	13,440	13,440	18,722	1,393	1,000	838,000	296,000	868,978	215,467
570,000	160,000	730,000	18,307	0,000	4,773	0,000	30,394	0,389	25,180	0,000	30,717	0,000	150425,922	155728,208	155729,209	155730,215	155730,795	155730,795	155730,964	54265,922	57448,208	57449,209	57450,215	57450,795	57450,795	57450,964	0,087	0,401	0,000	0,000	13,440	13,440	3,720	NaN	1,000	410,000	677,000	868,978	215,467
90,000	360,000	450,000	18,308	41,667	5,765	3,000	31,193	0,593	24,760	0,420	31,352	150,000	150425,922	155734,480	155735,480	155737,371	155737,572	155737,722	155737,934	54265,922	57454,480	57455,480	57457,371	57457,572	57457,722	57457,934	0,113	0,592	0,088	0,406	13,440	13,440	0,383	0,597	1,000	414,000	681,000	868,978	215,467
260,000	330,000	590,000	19,168	75,758	1,313	2,000	29,365	0,200	25,032	0,148	29,399	250,000	150425,922	155741,275	155742,275	155743,695	155743,964	155744,214	155744,304	54265,922	57461,275	57462,275	57463,695	57463,964	57464,214	57464,304	0,056	0,198	0,048	0,148	13,440	13,440	0,700	0,259	1,000	400,000	710,000	868,978	215,467
