650,000	780,000	1430,000	6,486	17,949	17,898	9,000	58,013	6,542	16,453	0,713	57,377	140,000	183243,415	183253,165	183254,165	183257,260	183257,915	183258,055	183258,705	66763,415	66773,165	66774,165	66777,260	66777,915	66778,055	66778,705	5,802	3,282	0,687	0,324	-13,440	13,440	0,064	5,277	1,000	653,000	431,000	571,022	215,467
530,000	210,000	740,000	17,655	76,190	1,412	2,000	57,276	0,187	17,005	0,161	57,315	160,000	183243,415	183303,714	183304,714	183307,510	183308,045	183308,205	183308,265	66763,415	66783,714	66784,714	66787,510	66788,045	66788,205	66788,265	0,112	0,171	0,114	0,124	-13,440	13,440	0,025	0,980	1,000	1025,000	649,000	571,022	215,467
580,000	850,000	1430,000	9,500	17,647	24,164	9,000	54,076	7,494	17,062	0,103	55,969	150,000	183243,415	183317,408	183318,408	183321,338	183321,925	183322,075	183322,785	66763,415	66797,409	66798,408	66801,338	66801,925	66802,075	66802,785	5,447	5,539	0,096	0,054	-13,440	13,440	21,146	0,607	1,000	803,000	461,000	571,022	215,467
200,000	50,000	250,000	18,430	0,000	0,549	0,000	56,117	0,024	17,165	0,000	56,091	0,000	183243,415	183329,005	183330,006	183331,160	183331,364	183331,364	183331,424	66763,415	66809,005	66810,006	66811,160	66811,364	66811,364	66811,425	0,030	0,000	0,003	0,000	-13,440	13,440	0,047	NaN	1,000	1024,000	689,000	571,022	215,467
760,000	670,000	1430,000	6,079	25,373	18,471	7,000	54,922	9,551	15,037	2,129	56,238	170,000	183243,415	183340,840	183341,840	183344,460	183345,225	183345,395	183345,905	66763,415	66820,840	66821,840	66824,461	66825,225	66825,395	66825,905	7,671	5,892	1,902	1,210	-13,440	13,440	0,164	13,063	1,000	661,000	412,000	571,022	215,467
230,000	20,000	250,000	17,903	0,000	0,000	0,000	55,747	0,000	17,165	0,000	55,747	0,000	183243,415	183353,772	183354,772	183356,985	183357,225	183357,225	183357,255	66763,415	66833,772	66834,773	66836,985	66837,225	66837,225	66837,255	0,000	0,000	0,000	0,000	-13,440	13,440	NaN	NaN	1,000	1003,000	683,000	571,022	215,467
540,000	890,000	1430,000	3,104	21,348	24,973	12,000	55,157	13,309	16,389	0,777	56,653	190,000	183243,415	183406,825	183407,825	183411,295	183411,845	183412,035	183412,746	66763,415	66846,825	66847,825	66851,295	66851,845	66852,035	66852,746	10,500	8,427	0,613	0,484	-13,440	13,440	18,129	4,509	1,000	591,000	324,000	571,022	215,467
520,000	910,000	1430,000	4,813	28,571	21,606	9,000	53,212	12,387	13,941	3,224	55,989	260,000	183243,415	183417,654	183418,654	183421,305	183421,835	183422,095	183422,754	66763,415	66857,654	66858,654	66861,305	66861,835	66862,095	66862,754	8,962	8,882	2,669	1,968	-13,440	13,440	2,525	12,385	1,000	684,000	344,000	571,022	215,467
450,000	980,000	1430,000	5,840	13,265	23,115	14,000	54,037	11,761	16,568	0,597	56,386	130,000	183243,415	183430,570	183431,570	183433,500	183433,954	183434,084	183434,945	66763,415	66870,570	66871,570	66873,500	66873,954	66874,084	66874,945	8,548	8,351	0,449	0,471	-13,440	13,440	5,145	4,834	1,000	713,000	367,000	571,022	215,467
460,000	970,000	1430,000	3,882	14,433	27,205	14,000	53,026	13,743	16,113	1,052	56,075	140,000	183243,415	183439,331	183440,331	183442,300	183442,764	183442,905	183443,745	66763,415	66879,331	66880,331	66882,300	66882,765	66882,905	66883,745	10,018	9,647	0,949	0,697	-13,440	13,440	0,206	7,744	1,000	655,000	325,000	571,022	215,467
620,000	810,000	1430,000	6,174	61,728	19,433	5,000	55,026	8,642	13,140	4,025	56,612	500,000	183243,415	183449,591	183450,590	183454,348	183454,975	183455,475	183455,795	66763,415	66889,591	66890,591	66894,348	66894,975	66895,475	66895,795	6,544	5,872	3,250	2,608	-13,440	13,440	4,425	11,726	1,000	708,000	387,000	571,022	215,467
30,000	1400,000	1430,000	2,080	9,286	26,165	21,000	53,646	16,451	17,065	0,100	55,960	130,000	183243,415	183501,692	183502,692	183506,678	183506,878	183507,008	183508,284	66763,415	66901,692	66902,692	66906,678	66906,879	66907,009	66908,284	12,520	10,949	0,085	0,058	-13,440	13,440	17,729	0,683	1,000	502,000	242,000	571,022	215,467
540,000	890,000	1430,000	3,658	23,596	22,655	9,000	55,392	9,306	16,544	0,621	58,110	210,000	183243,415	183520,660	183521,660	183525,295	183525,844	183526,054	183526,745	66763,415	66920,661	66921,660	66925,295	66925,844	66926,054	66926,745	6,784	6,785	0,424	0,535	-13,440	13,440	11,101	4,507	1,000	669,000	301,000	571,022	215,467
300,000	120,000	420,000	16,849	0,000	0,549	0,000	56,148	0,024	17,165	0,000	56,121	0,000	183243,415	183531,352	183532,351	183535,617	183535,924	183535,924	183536,054	66763,415	66931,352	66932,351	66935,617	66935,924	66935,924	66936,054	0,030	0,000	0,000	0,000	-13,440	13,440	0,053	NaN	1,000	977,000	656,000	571,022	215,467
60,000	1370,000	1430,000	0,699	13,139	26,677	16,000	53,349	15,741	17,063	0,102	56,894	180,000	183243,415	183540,742	183541,741	183545,080	183545,282	183545,462	183546,654	66763,415	66940,742	66941,741	66945,080	66945,282	66945,462	66946,654	11,507	11,005	0,082	0,028	-13,440	13,440	7,616	0,009	1,000	563,000	239,000	571,022	215,467
30,000	60,000	90,000	17,187	0,000	1,604	0,000	55,345	0,081	17,162	0,004	55,455	0,000	183243,415	183559,935	183600,936	183604,667	183604,867	183604,867	183604,935	66763,415	66959,935	66960,936	66964,667	66964,867	66964,867	66964,935	0,030	0,058	0,000	0,003	-13,440	13,440	0,431	NaN	1,000	975,000	674,000	571,022	215,467
30,000	20,000	50,000	17,868	0,000	0,000	0,000	55,562	0,000	17,165	0,000	55,562	0,000	183243,415	183611,466	183612,467	183614,923	183615,124	183615,124	183615,145	66763,415	66971,466	66972,467	66974,923	66975,124	66975,124	66975,145	0,000	0,000	0,000	0,000	-13,440	13,440	NaN	NaN	1,000	999,000	685,000	571,022	215,467
760,000	100,000	860,000	17,722	0,000	2,018	0,000	55,985	0,151	17,163	0,002	56,015	0,000	183243,415	183626,530	183627,530	183631,446	183632,215	183632,215	183632,325	66763,415	66986,530	66987,531	66991,446	66992,215	66992,215	66992,325	0,115	0,058	0,003	0,000	-13,440	13,440	1,845	NaN	1,000	1000,000	677,000	571,022	215,467
580,000	620,000	1200,000	6,728	37,097	25,598	7,000	54,590	10,553	14,481	2,685	56,617	230,000	183243,415	183637,845	183638,844	183640,546	183641,134	183641,364	183641,765	66763,415	66997,845	66998,844	67000,546	67001,134	67001,364	67001,765	7,990	6,924	2,167	1,731	-13,440	13,440	5,362	13,489	1,000	703,000	415,000	571,022	215,467
720,000	710,000	1430,000	0,328	32,394	31,615	10,000	53,491	14,813	12,336	4,829	55,819	230,000	183243,415	183649,997	183650,996	183652,102	183652,824	183653,054	183653,544	66763,415	67009,997	67010,996	67012,102	67012,824	67013,054	67013,544	10,561	10,584	3,505	3,397	-13,440	13,440	12,706	24,177	1,000	566,000	226,000	571,022	215,467
