30,000	20,000	50,000	18,238	0,000	0,000	0,000	30,977	0,000	25,180	0,000	30,977	0,000	184144,399	184154,672	184155,682	184159,677	184159,877	184159,877	184159,904	67304,399	67314,672	67315,683	67319,677	67319,877	67319,877	67319,904	0,000	0,000	0,000	0,000	13,440	13,440	NaN	NaN	1,000	395,000	658,000	868,978	215,467
970,000	460,000	1430,000	7,504	30,435	18,869	6,000	47,514	3,582	24,025	1,155	48,807	140,000	184144,399	184213,837	184214,837	184218,358	184219,334	184219,474	184219,805	67304,399	67333,837	67334,837	67338,358	67339,334	67339,474	67339,805	2,055	2,971	0,703	0,927	13,440	13,440	0,103	5,119	1,000	646,000	362,000	868,978	215,467
790,000	640,000	1430,000	8,618	18,750	20,202	9,000	36,714	7,276	24,329	0,852	36,685	120,000	184144,399	184235,976	184236,976	184239,957	184240,754	184240,874	184241,404	67304,399	67355,976	67356,976	67359,957	67360,754	67360,874	67361,404	4,610	5,581	0,513	0,659	13,440	13,440	8,964	5,708	1,000	629,000	406,000	868,978	215,467
910,000	520,000	1430,000	11,001	42,308	22,265	4,000	35,419	5,468	23,059	2,121	34,177	220,000	184144,399	184247,202	184248,201	184251,745	184252,664	184252,884	184253,193	67304,399	67367,202	67368,201	67371,745	67372,664	67372,884	67373,194	4,137	3,848	1,608	1,522	13,440	13,440	3,248	8,717	1,000	572,000	470,000	868,978	215,467
880,000	550,000	1430,000	7,596	23,636	19,153	6,000	38,288	7,503	23,364	1,816	37,981	130,000	184144,399	184300,041	184301,042	184304,974	184305,864	184305,994	184306,424	67304,399	67380,041	67381,042	67384,974	67385,864	67385,994	67386,424	4,774	5,686	1,195	1,312	13,440	13,440	3,856	14,261	1,000	669,000	397,000	868,978	215,467
790,000	640,000	1430,000	7,062	23,437	18,632	7,000	37,221	8,088	23,676	1,504	37,851	150,000	184144,399	184316,559	184317,559	184319,510	184320,304	184320,454	184320,953	67304,399	67396,559	67397,559	67399,510	67400,304	67400,454	67400,953	4,938	6,377	0,948	1,153	13,440	13,440	1,933	6,802	1,000	668,000	366,000	868,978	215,467
840,000	590,000	1430,000	9,016	38,983	21,329	5,000	36,847	6,442	23,443	1,737	36,494	230,000	184144,399	184326,075	184327,075	184328,810	184329,655	184329,885	184330,254	67304,399	67406,075	67407,075	67408,810	67409,655	67409,885	67410,254	3,995	5,115	1,028	1,427	13,440	13,440	16,172	3,249	1,000	609,000	403,000	868,978	215,467
680,000	750,000	1430,000	5,454	22,667	19,525	12,000	37,510	9,736	23,074	2,106	37,084	170,000	184144,399	184338,701	184339,701	184340,990	184341,673	184341,843	184342,434	67304,399	67418,701	67419,701	67420,990	67421,673	67421,843	67422,434	6,371	7,357	1,354	1,570	13,440	13,440	7,317	12,586	1,000	705,000	319,000	868,978	215,467
30,000	60,000	90,000	13,911	0,000	1,868	0,000	42,789	0,082	25,180	0,000	42,781	0,000	184144,399	184353,251	184354,251	184356,242	184356,443	184356,443	184356,504	67304,399	67433,251	67434,251	67436,242	67436,443	67436,443	67436,504	0,059	0,058	0,000	0,000	13,440	13,440	0,179	NaN	1,000	519,000	565,000	868,978	215,467
1060,000	370,000	1430,000	9,329	43,243	24,057	3,000	38,542	5,280	23,844	1,336	37,734	160,000	184144,399	184403,460	184404,460	184407,570	184408,634	184408,794	184409,016	67304,399	67443,460	67444,460	67447,570	67448,634	67448,794	67449,016	3,347	4,067	0,879	0,995	13,440	13,440	11,404	5,627	1,000	616,000	430,000	868,978	215,467
1020,000	410,000	1430,000	9,993	34,146	21,955	3,000	37,069	5,323	23,513	1,668	36,340	140,000	184144,399	184414,383	184415,384	184417,839	184418,865	184419,005	184419,284	67304,399	67454,383	67455,384	67457,839	67458,865	67459,005	67459,284	3,425	4,159	1,164	1,307	13,440	13,440	6,754	10,582	1,000	585,000	429,000	868,978	215,467
30,000	80,000	110,000	18,789	0,000	0,571	0,000	30,272	0,025	25,180	0,000	30,307	0,000	184144,399	184425,094	184426,095	184427,311	184427,512	184427,512	184427,594	67304,399	67465,094	67466,095	67467,311	67467,512	67467,512	67467,594	0,000	0,029	0,000	0,000	13,440	13,440	0,055	NaN	1,000	408,000	699,000	868,978	215,467
500,000	930,000	1430,000	5,757	12,903	22,066	10,000	33,690	12,337	24,108	1,072	31,062	120,000	184144,399	184434,153	184435,154	184437,073	184437,584	184437,704	184438,524	67304,399	67474,154	67475,154	67477,074	67477,584	67477,704	67478,524	7,787	9,681	0,634	0,934	13,440	13,440	0,239	9,014	1,000	693,000	320,000	868,978	215,467
510,000	920,000	1430,000	3,154	13,043	22,639	10,000	36,413	13,932	24,300	0,880	33,156	120,000	184144,399	184442,969	184443,969	184445,627	184446,144	184446,264	184447,074	67304,399	67482,969	67483,969	67485,627	67486,144	67486,264	67487,074	9,377	10,457	0,555	0,698	13,440	13,440	3,278	7,569	1,000	781,000	285,000	868,978	215,467
590,000	840,000	1430,000	6,730	15,476	20,929	12,000	34,994	10,818	24,387	0,793	31,308	130,000	184144,399	184450,783	184451,783	184455,436	184456,034	184456,164	184456,884	67304,399	67490,783	67491,783	67495,436	67496,034	67496,164	67496,884	7,408	8,151	0,478	0,667	13,440	13,440	7,081	6,695	1,000	688,000	372,000	868,978	215,467
30,000	20,000	50,000	15,511	0,000	0,000	0,000	38,581	0,000	25,180	0,000	38,581	0,000	184144,399	184501,131	184502,130	184505,489	184505,689	184505,689	184505,715	67304,399	67501,131	67502,130	67505,489	67505,689	67505,689	67505,715	0,000	0,000	0,000	0,000	13,440	13,440	NaN	NaN	1,000	492,000	618,000	868,978	215,467
550,000	880,000	1430,000	6,102	15,909	19,284	10,000	34,646	11,089	24,416	0,764	30,824	140,000	184144,399	184510,947	184511,947	184514,967	184515,525	184515,665	184516,413	67304,399	67510,947	67511,947	67514,967	67515,525	67515,665	67516,414	7,499	8,447	0,369	0,691	13,440	13,440	7,431	5,056	1,000	698,000	349,000	868,978	215,467
60,000	560,000	620,000	17,589	39,286	5,487	3,000	29,770	1,499	24,404	0,776	29,913	220,000	184144,399	184521,248	184522,249	184523,541	184523,741	184523,961	184524,304	67304,399	67521,248	67522,249	67523,541	67523,741	67523,961	67524,304	0,509	1,437	0,200	0,797	13,440	13,440	1,384	2,743	1,000	407,000	637,000	868,978	215,467
510,000	920,000	1430,000	2,768	18,478	24,177	8,000	35,757	14,506	23,766	1,414	32,950	170,000	184144,399	184531,139	184532,140	184533,331	184533,844	184534,014	184534,774	67304,399	67531,139	67532,140	67533,331	67533,844	67534,014	67534,774	9,553	11,051	0,914	1,113	13,440	13,440	3,926	7,837	1,000	778,000	253,000	868,978	215,467
520,000	910,000	1430,000	5,418	17,582	22,757	11,000	33,962	12,178	24,319	0,861	30,734	160,000	184144,399	184538,858	184539,858	184542,953	184543,485	184543,645	184544,404	67304,399	67538,858	67539,858	67542,953	67543,485	67543,645	67544,404	7,793	9,538	0,422	0,776	13,440	13,440	8,222	5,557	1,000	700,000	308,000	868,978	215,467
520,000	910,000	1430,000	7,262	16,484	21,435	10,000	34,326	10,416	24,759	0,421	30,094	150,000	184144,399	184548,467	184549,467	184551,730	184552,255	184552,405	184553,174	67304,399	67548,467	67549,467	67551,730	67552,255	67552,405	67553,174	7,133	7,860	0,111	0,431	13,440	13,440	11,241	2,808	1,000	676,000	387,000	868,978	215,467
480,000	950,000	1430,000	5,285	13,684	20,975	10,000	34,746	12,306	24,327	0,853	30,664	130,000	184144,399	184557,687	184558,687	184601,045	184601,535	184601,665	184602,494	67304,399	67557,686	67558,687	67561,045	67561,535	67561,665	67562,494	8,386	9,260	0,440	0,741	13,440	13,440	5,214	6,476	1,000	720,000	330,000	868,978	215,467
600,000	830,000	1430,000	6,467	24,096	18,156	12,000	34,868	10,552	23,545	1,635	32,302	200,000	184144,399	184606,455	184607,455	184610,640	184611,244	184611,444	184612,085	67304,399	67566,455	67567,455	67570,640	67571,244	67571,444	67572,085	7,112	8,005	1,057	1,310	13,440	13,440	6,327	9,114	1,000	687,000	356,000	868,978	215,467
460,000	970,000	1430,000	4,624	22,680	20,448	10,000	34,369	12,848	23,524	1,656	31,478	220,000	184144,399	184616,053	184617,053	184619,653	184620,114	184620,334	184621,095	67304,399	67576,053	67577,053	67579,653	67580,115	67580,335	67581,095	8,287	9,989	0,998	1,380	13,440	13,440	7,004	8,730	1,000	724,000	293,000	868,978	215,467
580,000	850,000	1430,000	6,538	21,176	17,317	13,000	33,273	11,116	23,753	1,427	31,500	180,000	184144,399	184624,906	184625,906	184629,709	184630,296	184630,476	184631,154	67304,399	67584,906	67585,906	67589,709	67590,296	67590,476	67591,154	6,784	8,877	0,914	1,131	13,440	13,440	6,143	8,906	1,000	669,000	334,000	868,978	215,467
140,000	60,000	200,000	18,049	0,000	0,903	0,000	32,028	0,040	25,180	0,000	32,005	0,000	184144,399	184635,544	184636,544	184638,101	184638,302	184638,302	184638,364	67304,399	67595,544	67596,544	67598,101	67598,302	67598,302	67598,364	0,030	0,030	0,000	0,000	13,440	13,440	0,163	NaN	1,000	419,000	673,000	868,978	215,467
600,000	830,000	1430,000	5,391	22,892	21,490	11,000	34,647	11,889	23,964	1,216	32,238	190,000	184144,399	184647,212	184648,212	184649,337	184649,944	184650,134	184650,784	67304,399	67607,212	67608,212	67609,337	67609,944	67610,134	67610,784	7,745	9,167	0,813	0,951	13,440	13,440	7,874	8,256	1,000	711,000	324,000	868,978	215,467
30,000	20,000	50,000	18,705	0,000	0,000	0,000	30,313	0,000	25,180	0,000	30,313	0,000	184144,399	184654,562	184655,562	184656,819	184657,020	184657,020	184657,045	67304,399	67614,562	67615,562	67616,819	67617,020	67617,020	67617,045	0,000	0,000	0,000	0,000	13,440	13,440	NaN	NaN	1,000	404,000	691,000	868,978	215,467
350,000	20,000	370,000	19,126	0,000	0,000	0,000	28,856	0,000	25,180	0,000	28,856	0,000	184144,399	184702,754	184703,754	184707,622	184707,976	184707,976	184708,004	67304,399	67622,754	67623,754	67627,621	67627,976	67627,976	67628,004	0,000	0,000	0,000	0,000	13,440	13,440	NaN	NaN	1,000	378,000	686,000	868,978	215,467
30,000	20,000	50,000	18,347	0,000	0,000	0,000	31,001	0,000	25,180	0,000	31,001	0,000	184144,399	184713,349	184714,348	184716,684	184716,885	184716,885	184716,914	67304,399	67633,349	67634,348	67636,684	67636,885	67636,885	67636,914	0,000	0,000	0,000	0,000	13,440	13,440	NaN	NaN	1,000	405,000	674,000	868,978	215,467
280,000	20,000	300,000	18,606	0,000	0,000	0,000	30,509	0,000	25,180	0,000	30,509	0,000	184144,399	184722,285	184723,285	184726,309	184726,593	184726,593	184726,624	67304,399	67642,285	67643,285	67646,309	67646,593	67646,593	67646,624	0,000	0,000	0,000	0,000	13,440	13,440	NaN	NaN	1,000	406,000	688,000	868,978	215,467
580,000	850,000	1430,000	4,724	20,000	21,445	7,000	35,359	12,269	24,235	0,945	32,022	170,000	184144,399	184732,409	184733,410	184734,945	184735,535	184735,704	184736,394	67304,399	67652,409	67653,410	67654,945	67655,535	67655,705	67656,394	8,181	9,357	0,553	0,780	13,440	13,440	7,921	5,670	1,000	725,000	302,000	868,978	215,467
30,000	60,000	90,000	18,645	0,000	0,570	0,000	30,422	0,025	25,180	0,000	30,458	0,000	184144,399	184740,631	184741,633	184744,375	184744,576	184744,576	184744,644	67304,399	67660,632	67661,633	67664,375	67664,576	67664,576	67664,644	0,000	0,029	0,000	0,000	13,440	13,440	0,055	NaN	1,000	404,000	688,000	868,978	215,467
450,000	980,000	1430,000	3,217	33,673	23,733	8,000	35,883	13,725	23,428	1,752	32,703	330,000	184144,399	184750,241	184751,242	184753,781	184754,234	184754,563	184755,224	67304,399	67670,241	67671,242	67673,781	67674,234	67674,564	67675,224	9,143	10,453	1,068	1,459	13,440	13,440	3,183	8,066	1,000	769,000	271,000	868,978	215,467
560,000	870,000	1430,000	7,957	17,241	14,878	12,000	32,950	9,730	24,218	0,962	30,451	150,000	184144,399	184758,306	184759,305	184801,521	184802,084	184802,234	184802,964	67304,399	67678,306	67679,305	67681,521	67682,084	67682,234	67682,964	6,034	7,743	0,397	0,881	13,440	13,440	5,925	6,165	1,000	636,000	376,000	868,978	215,467
30,000	20,000	50,000	17,413	0,000	0,000	0,000	33,300	0,000	25,180	0,000	33,300	0,000	184144,399	184807,190	184808,191	184810,995	184811,197	184811,197	184811,225	67304,399	67687,190	67688,191	67690,995	67691,197	67691,197	67691,225	0,000	0,000	0,000	0,000	13,440	13,440	NaN	NaN	1,000	425,000	647,000	868,978	215,467
640,000	790,000	1430,000	6,134	16,456	18,887	12,000	33,921	11,050	23,960	1,220	32,080	130,000	184144,399	184816,127	184817,127	184820,943	184821,585	184821,715	184822,384	67304,399	67696,127	67697,127	67700,943	67701,585	67701,715	67702,385	6,900	8,719	0,795	0,955	13,440	13,440	7,068	10,059	1,000	684,000	331,000	868,978	215,467
650,000	780,000	1430,000	4,438	30,769	26,013	8,000	35,993	12,330	23,444	1,736	32,364	240,000	184144,399	184826,449	184827,449	184830,113	184830,764	184831,003	184831,555	67304,399	67706,449	67707,449	67710,113	67710,764	67711,004	67711,555	8,283	9,325	0,840	1,563	13,440	13,440	8,339	7,686	1,000	731,000	292,000	868,978	215,467
780,000	650,000	1430,000	10,535	35,385	19,091	6,000	32,083	6,905	23,998	1,182	29,967	230,000	184144,399	184835,049	184836,048	184837,653	184838,444	184838,674	184839,104	67304,399	67715,049	67716,048	67717,653	67718,444	67718,674	67719,104	4,415	5,493	0,674	1,003	13,440	13,440	9,967	6,769	1,000	581,000	455,000	868,978	215,467
370,000	70,000	440,000	18,426	0,000	0,568	0,000	30,704	0,025	25,180	0,000	30,741	0,000	184144,399	184843,535	184844,536	184847,617	184847,994	184847,994	184848,074	67304,399	67723,535	67724,536	67727,617	67727,994	67727,994	67728,074	0,000	0,029	0,000	0,000	13,440	13,440	0,055	NaN	1,000	406,000	679,000	868,978	215,467
