360,000	980,000	1340,000	4,434	17,347	34,595	8,000	57,377	19,326	14,259	2,907	56,280	170,000	163935,669	163951,334	163952,334	163954,173	163954,542	163954,712	163955,532	59975,669	59991,334	59992,334	59994,173	59994,542	59994,712	59995,532	16,399	10,098	2,271	1,971	-13,440	13,440	15,194	18,824	1,000	453,000	320,000	571,022	215,467
30,000	790,000	820,000	19,285	25,316	18,470	5,000	57,072	5,662	14,263	2,902	57,907	200,000	163935,669	163959,195	164000,195	164002,343	164002,544	164002,744	164003,342	59975,669	59999,195	60000,195	60002,343	60002,544	60002,744	60003,342	4,446	3,292	2,402	1,527	-13,440	13,440	11,101	12,501	1,000	1065,000	691,000	571,022	215,467
30,000	110,000	140,000	21,038	90,909	4,553	0,000	57,512	0,306	16,859	0,306	57,512	100,000	163935,669	164003,927	164004,927	164007,070	164007,270	164007,370	164007,381	59975,669	60003,927	60004,927	60007,070	60007,270	60007,370	60007,381	0,141	0,257	0,143	0,256	-13,440	13,440	NaN	4,244	1,000	1126,000	717,000	571,022	215,467
490,000	710,000	1200,000	1,130	42,254	45,196	6,000	54,049	19,055	6,788	10,378	55,696	300,000	163935,669	164008,346	164009,347	164010,736	164011,231	164011,531	164011,953	59975,669	60008,346	60009,347	60010,736	60011,231	60011,531	60011,953	14,150	12,717	7,932	6,950	-13,440	13,440	36,673	41,498	1,000	531,000	219,000	571,022	215,467
590,000	840,000	1430,000	1,015	27,381	32,040	8,000	53,438	18,769	11,232	5,934	55,953	230,000	163935,669	164017,188	164018,187	164021,974	164022,571	164022,801	164023,421	59975,669	60017,188	60018,187	60021,974	60022,571	60022,801	60023,421	13,732	13,087	4,495	4,223	-13,440	13,440	21,442	28,809	1,000	540,000	197,000	571,022	215,467
520,000	910,000	1430,000	1,519	16,484	38,686	8,000	52,820	19,814	14,022	3,143	56,204	150,000	163935,669	164026,135	164027,135	164028,332	164028,863	164029,013	164029,781	59975,669	60026,135	60027,135	60028,332	60028,863	60029,013	60029,781	14,498	13,720	2,521	2,135	-13,440	13,440	19,883	23,090	1,000	519,000	201,000	571,022	215,467
360,000	1070,000	1430,000	1,669	17,757	34,674	14,000	52,229	20,354	14,167	2,998	55,278	190,000	163935,669	164032,247	164033,247	164036,539	164036,901	164037,091	164037,982	59975,669	60032,247	60033,247	60036,539	60036,901	60037,091	60037,982	14,599	14,462	2,119	2,362	-13,440	13,440	12,451	18,076	1,000	522,000	182,000	571,022	215,467
540,000	890,000	1430,000	0,370	33,708	39,080	8,000	52,957	18,138	9,248	7,917	54,922	300,000	163935,669	164040,550	164041,549	164042,635	164043,181	164043,481	164044,081	59975,669	60040,550	60041,550	60042,635	60043,181	60043,481	60044,081	13,119	12,741	5,879	5,702	-13,440	13,440	32,315	32,116	1,000	561,000	224,000	571,022	215,467
390,000	1040,000	1430,000	0,941	17,308	33,767	12,000	52,759	18,956	14,069	3,096	55,826	180,000	163935,669	164046,592	164047,592	164051,063	164051,461	164051,641	164052,512	59975,669	60046,592	60047,592	60051,063	60051,461	60051,641	60052,512	13,754	13,276	2,325	2,278	-13,440	13,440	19,156	19,165	1,000	538,000	210,000	571,022	215,467
380,000	1050,000	1430,000	0,409	18,095	32,191	15,000	52,216	17,479	13,918	3,248	55,733	190,000	163935,669	164054,836	164055,835	164059,660	164100,051	164100,241	164101,111	59975,669	60054,836	60055,835	60059,660	60060,051	60060,241	60061,111	12,302	12,831	2,436	2,425	-13,440	13,440	13,021	18,703	1,000	584,000	222,000	571,022	215,467
30,000	240,000	270,000	19,958	87,500	1,189	1,000	56,568	0,134	17,049	0,116	56,568	210,000	163935,669	164103,693	164104,694	164106,783	164106,984	164107,194	164107,232	59975,669	60063,694	60064,694	60066,783	60066,984	60067,194	60067,232	0,143	0,028	0,133	0,028	-13,440	13,440	NaN	0,129	1,000	1078,000	712,000	571,022	215,467
530,000	900,000	1430,000	1,384	28,889	31,973	8,000	52,531	17,217	13,619	3,546	55,133	260,000	163935,669	164110,838	164111,839	164113,908	164114,442	164114,702	164115,351	59975,669	60070,838	60071,839	60073,908	60074,442	60074,702	60075,351	12,273	12,412	2,463	2,847	-13,440	13,440	10,931	18,602	1,000	604,000	252,000	571,022	215,467
370,000	1060,000	1430,000	1,431	17,925	31,084	14,000	52,744	19,014	14,182	2,983	56,264	190,000	163935,669	164118,222	164119,221	164121,564	164121,941	164122,131	164123,011	59975,669	60078,222	60079,221	60081,564	60081,941	60082,131	60083,012	13,755	13,332	2,338	2,030	-13,440	13,440	13,566	16,599	1,000	524,000	196,000	571,022	215,467
380,000	1050,000	1430,000	0,511	33,333	29,860	9,000	53,550	17,747	9,428	7,737	55,122	350,000	163935,669	164125,709	164126,710	164130,428	164130,811	164131,161	164131,871	59975,669	60085,709	60086,710	60090,428	60090,811	60091,161	60091,871	12,881	12,529	5,498	5,852	-13,440	13,440	19,869	27,980	1,000	589,000	218,000	571,022	215,467
30,000	1140,000	1170,000	0,077	38,596	32,018	9,000	52,733	18,435	9,145	8,021	54,894	440,000	163935,669	164134,698	164135,697	164139,290	164139,491	164139,931	164140,632	59975,669	60094,698	60095,697	60099,290	60099,491	60099,931	60100,632	13,277	13,135	5,963	5,784	-13,440	13,440	26,479	26,304	1,000	570,000	218,000	571,022	215,467
280,000	1150,000	1430,000	0,270	25,217	33,864	8,000	52,766	18,509	13,510	3,656	55,244	290,000	163935,669	164142,612	164143,612	164145,728	164146,011	164146,301	164147,172	59975,669	60102,612	60103,612	60105,728	60106,011	60106,301	60107,172	13,413	13,076	2,614	2,887	-13,440	13,440	12,025	18,433	1,000	564,000	222,000	571,022	215,467
470,000	960,000	1430,000	0,699	19,792	31,944	14,000	53,318	18,307	13,866	3,300	55,588	190,000	163935,669	164149,537	164150,537	164151,711	164152,191	164152,381	164153,161	59975,669	60109,537	60110,537	60111,711	60112,191	60112,381	60113,161	13,501	12,549	2,353	2,553	-13,440	13,440	12,836	20,945	1,000	557,000	236,000	571,022	215,467
290,000	1140,000	1430,000	0,353	42,982	33,696	10,000	52,731	17,509	6,401	10,765	53,786	490,000	163935,669	164155,827	164156,826	164159,486	164159,783	164160,273	164200,931	59975,669	60115,827	60116,827	60119,486	60119,783	60120,273	60120,931	12,557	12,521	7,683	7,926	-13,440	13,440	16,210	20,212	1,000	576,000	227,000	571,022	215,467
340,000	1090,000	1430,000	0,383	13,761	31,833	12,000	52,057	18,955	14,737	2,429	55,504	150,000	163935,669	164203,110	164204,110	164207,919	164208,264	164208,414	164209,361	59975,669	60123,110	60124,110	60127,919	60128,264	60128,414	60129,361	13,297	13,850	1,660	1,997	-13,440	13,440	15,596	19,557	1,000	573,000	202,000	571,022	215,467
420,000	1010,000	1430,000	0,431	35,644	35,326	8,000	52,435	18,824	8,654	8,511	54,054	360,000	163935,669	164211,316	164212,316	164215,382	164215,811	164216,171	164216,832	59975,669	60131,317	60132,316	60135,382	60135,811	60136,171	60136,832	13,359	13,548	5,973	6,543	-13,440	13,440	30,782	30,159	1,000	566,000	201,000	571,022	215,467
410,000	1020,000	1430,000	3,531	37,255	37,149	6,000	52,798	22,047	9,101	8,064	54,689	380,000	163935,669	164219,505	164220,505	164221,852	164222,271	164222,651	164223,302	59975,669	60139,505	60140,505	60141,852	60142,271	60142,651	60143,302	16,261	15,081	5,969	5,842	-13,440	13,440	25,888	30,052	1,000	461,000	155,000	571,022	215,467
410,000	1020,000	1430,000	0,593	22,549	29,590	11,000	52,710	17,942	13,227	3,938	55,188	230,000	163935,669	164225,761	164226,762	164228,188	164228,602	164228,832	164229,632	59975,669	60145,761	60146,762	60148,188	60148,602	60148,832	60149,632	12,997	12,640	2,839	3,010	-13,440	13,440	12,313	20,910	1,000	561,000	234,000	571,022	215,467
370,000	1060,000	1430,000	0,281	17,925	32,117	8,000	53,235	17,974	14,175	2,991	55,870	190,000	163935,669	164232,026	164233,025	164236,193	164236,573	164236,763	164237,642	59975,669	60152,026	60153,026	60156,193	60156,573	60156,763	60157,642	13,062	12,610	2,112	2,362	-13,440	13,440	17,906	18,839	1,000	568,000	225,000	571,022	215,467
490,000	940,000	1430,000	0,610	20,213	28,440	10,000	53,092	17,669	14,146	3,020	55,356	190,000	163935,669	164240,505	164241,506	164244,929	164245,422	164245,612	164246,371	59975,669	60160,506	60161,506	60164,929	60165,422	60165,612	60166,371	12,821	12,471	2,039	2,510	-13,440	13,440	9,653	17,899	1,000	578,000	236,000	571,022	215,467
360,000	1050,000	1410,000	0,587	19,048	31,052	10,000	52,269	19,441	13,965	3,200	55,372	200,000	163935,669	164249,108	164250,108	164253,744	164254,114	164254,314	164255,171	59975,669	60169,108	60170,108	60173,744	60174,114	60174,314	60175,172	13,840	13,954	2,261	2,552	-13,440	13,440	15,534	19,805	1,000	556,000	201,000	571,022	215,467
420,000	1010,000	1430,000	1,045	24,752	33,536	7,000	52,293	19,446	13,773	3,392	54,767	250,000	163935,669	164257,260	164258,260	164300,532	164300,962	164301,212	164301,981	59975,669	60177,260	60178,260	60180,532	60180,962	60181,212	60181,981	13,981	13,909	2,277	2,883	-13,440	13,440	8,713	17,127	1,000	540,000	195,000	571,022	215,467
410,000	870,000	1280,000	1,545	32,184	42,541	4,000	52,146	19,169	8,800	8,365	54,099	280,000	163935,669	164304,176	164305,177	164308,809	164309,222	164309,502	164310,101	59975,669	60184,176	60185,177	60188,809	60189,222	60189,502	60190,101	13,530	13,754	5,911	6,324	-13,440	13,440	34,958	37,636	1,000	526,000	184,000	571,022	215,467
890,000	540,000	1430,000	6,824	27,778	26,206	7,000	54,217	10,365	15,289	1,876	55,567	150,000	163935,669	164311,982	164312,981	164316,482	164317,382	164317,532	164317,932	59975,669	60191,982	60192,981	60196,482	60197,382	60197,532	60197,932	7,672	7,346	1,317	1,582	-13,440	13,440	11,217	13,127	1,000	732,000	397,000	571,022	215,467
620,000	810,000	1430,000	0,790	37,037	32,720	8,000	54,220	17,492	9,944	7,221	55,256	300,000	163935,669	164320,315	164321,315	164323,448	164324,072	164324,372	164324,891	59975,669	60200,315	60201,315	60203,449	60204,072	60204,372	60204,891	13,136	11,718	5,232	5,384	-13,440	13,440	16,762	26,389	1,000	547,000	230,000	571,022	215,467
190,000	20,000	210,000	19,185	0,000	0,000	0,000	57,088	0,000	17,165	0,000	57,088	0,000	163935,669	164326,729	164327,729	164328,839	164329,040	164329,040	164329,062	59975,669	60206,729	60207,729	60208,839	60209,040	60209,040	60209,062	0,000	0,000	0,000	0,000	-13,440	13,440	NaN	NaN	1,000	1063,000	688,000	571,022	215,467
550,000	880,000	1430,000	0,688	26,136	33,863	6,000	52,756	18,766	13,544	3,621	55,329	230,000	163935,669	164332,357	164333,357	164334,377	164334,931	164335,161	164335,822	59975,669	60212,357	60213,357	60214,377	60214,931	60215,161	60215,822	13,696	13,088	2,670	2,742	-13,440	13,440	10,403	20,281	1,000	550,000	228,000	571,022	215,467
510,000	920,000	1430,000	0,889	58,696	29,560	8,000	52,963	17,996	8,148	9,018	54,364	540,000	163935,669	164338,278	164339,279	164341,233	164341,751	164342,291	164342,682	59975,669	60218,279	60219,279	60221,233	60221,751	60222,291	60222,682	13,220	12,622	6,747	6,379	-13,440	13,440	8,215	27,804	1,000	542,000	228,000	571,022	215,467
380,000	1050,000	1430,000	0,485	17,143	32,101	9,000	52,277	17,782	13,987	3,178	55,793	180,000	163935,669	164345,141	164346,140	164349,459	164349,842	164350,022	164350,902	59975,669	60225,141	60226,140	60229,459	60229,842	60230,022	60230,902	12,353	13,112	2,205	2,494	-13,440	13,440	19,843	19,859	1,000	587,000	209,000	571,022	215,467
390,000	1040,000	1430,000	0,158	46,154	30,966	6,000	52,964	18,833	6,400	10,765	54,094	480,000	163935,669	164353,274	164354,275	164356,155	164356,551	164357,031	164357,601	59975,669	60233,274	60234,275	60236,155	60236,551	60237,031	60237,601	13,647	13,235	7,751	7,935	-13,440	13,440	21,859	27,275	1,000	566,000	218,000	571,022	215,467
360,000	1070,000	1430,000	2,460	26,168	24,124	13,000	53,194	15,210	13,304	3,861	55,083	280,000	163935,669	164359,737	164400,737	164403,604	164403,972	164404,252	164405,052	59975,669	60239,738	60240,738	60243,604	60243,972	60244,252	60245,052	10,864	11,009	2,580	3,210	-13,440	13,440	8,816	17,302	1,000	636,000	274,000	571,022	215,467
210,000	1180,000	1390,000	0,336	26,271	40,223	14,000	52,593	18,476	12,639	4,526	55,055	310,000	163935,669	164407,593	164408,592	164412,199	164412,413	164412,723	164413,602	59975,669	60247,593	60248,592	60252,199	60252,413	60252,723	60253,602	13,331	13,108	3,331	3,547	-13,440	13,440	21,838	21,401	1,000	561,000	222,000	571,022	215,467
30,000	40,000	70,000	18,665	0,000	0,353	0,000	56,870	0,016	17,164	0,001	56,909	0,000	163935,669	164415,534	164416,534	164420,181	164420,383	164420,383	164420,431	59975,669	60255,534	60256,534	60260,181	60260,383	60260,383	60260,431	0,000	0,029	0,000	0,003	-13,440	13,440	0,016	NaN	1,000	1045,000	680,000	571,022	215,467
370,000	850,000	1220,000	0,070	22,353	34,953	6,000	53,002	18,026	13,978	3,187	56,067	190,000	163935,669	164423,398	164424,398	164426,384	164426,763	164426,953	164427,621	59975,669	60263,398	60264,398	60266,384	60266,763	60266,953	60267,621	12,969	12,802	2,308	2,497	-13,440	13,440	14,613	18,838	1,000	569,000	214,000	571,022	215,467
430,000	820,000	1250,000	1,049	23,171	36,037	10,000	53,413	18,254	13,868	3,297	56,382	190,000	163935,669	164429,358	164430,359	164432,309	164432,743	164432,933	164433,571	59975,669	60269,358	60270,359	60272,309	60272,743	60272,933	60273,571	13,419	12,576	2,528	2,407	-13,440	13,440	15,400	21,033	1,000	534,000	211,000	571,022	215,467
600,000	830,000	1430,000	0,734	37,349	35,226	8,000	53,366	18,223	10,038	7,127	54,903	310,000	163935,669	164436,374	164437,374	164439,192	164439,801	164440,111	164440,641	59975,669	60276,374	60277,374	60279,192	60279,801	60280,111	60280,641	13,281	12,748	5,052	5,473	-13,440	13,440	12,502	25,893	1,000	546,000	208,000	571,022	215,467
