30,000	310,000	340,000	4,696	74,194	2,106	1,000	66,395	0,194	25,094	0,086	66,532	230,000	164154,511	164340,645	164341,646	164343,682	164343,883	164344,113	164344,196	60114,511	60220,645	60221,646	60223,682	60223,883	60224,113	60224,196	0,114	0,226	0,050	0,129	13,440	13,440	1,676	0,109	1,000	738,000	319,000	868,978	215,467
30,000	290,000	320,000	18,168	79,310	5,500	1,000	31,413	0,516	24,733	0,448	31,509	230,000	164154,511	164351,219	164352,219	164354,476	164354,677	164354,907	164354,974	60114,511	60231,219	60232,219	60234,476	60234,677	60234,907	60234,974	0,113	0,536	0,095	0,472	13,440	13,440	0,581	0,948	1,000	417,000	677,000	868,978	215,467
60,000	20,000	80,000	19,023	0,000	0,000	0,000	29,397	0,000	25,180	0,000	29,397	0,000	164154,511	164400,523	164401,523	164403,323	164403,524	164403,524	164403,554	60114,511	60240,523	60241,523	60243,324	60243,524	60243,524	60243,554	0,000	0,000	0,000	0,000	13,440	13,440	NaN	NaN	1,000	391,000	694,000	868,978	215,467
30,000	1400,000	1430,000	18,466	8,571	17,049	15,000	56,452	11,132	25,064	0,116	61,774	120,000	164154,511	164404,441	164405,441	164408,266	164408,467	164408,587	164409,874	60114,511	60244,441	60245,441	60248,266	60248,467	60248,587	60249,874	8,173	8,125	0,067	0,140	13,440	13,440	8,030	0,843	1,000	427,000	701,000	868,978	215,467
560,000	870,000	1430,000	9,409	18,391	20,620	9,000	33,773	7,699	25,114	0,066	31,157	160,000	164154,511	164410,616	164411,616	164414,680	164415,244	164415,404	164416,125	60114,511	60250,616	60251,616	60254,681	60255,244	60255,404	60256,125	5,122	5,961	0,067	0,043	13,440	13,440	13,897	0,200	1,000	621,000	440,000	868,978	215,467
740,000	690,000	1430,000	4,233	18,841	28,572	6,000	37,192	12,188	24,190	0,990	34,032	130,000	164154,511	164420,171	164421,171	164424,292	164425,034	164425,164	164425,734	60114,511	60260,171	60261,171	60264,292	60265,034	60265,164	60265,734	8,579	8,900	0,786	0,698	13,440	13,440	8,857	7,376	1,000	748,000	305,000	868,978	215,467
300,000	30,000	330,000	19,466	0,000	0,000	0,000	28,666	0,000	25,180	0,000	28,666	0,000	164154,511	164431,220	164432,220	164435,916	164436,225	164436,225	164436,265	60114,511	60271,220	60272,221	60275,916	60276,225	60276,225	60276,265	0,000	0,000	0,000	0,000	13,440	13,440	NaN	NaN	1,000	392,000	717,000	868,978	215,467
30,000	100,000	130,000	2,336	0,000	6,739	0,000	69,318	0,387	25,174	0,007	70,190	0,000	164154,511	164437,047	164438,046	164439,781	164439,981	164439,981	164440,085	60114,511	60277,047	60278,046	60279,781	60279,981	60279,981	60280,085	0,227	0,343	0,005	0,005	13,440	13,440	5,998	NaN	1,000	845,000	295,000	868,978	215,467
130,000	20,000	150,000	18,307	0,000	0,000	0,000	31,126	0,000	25,180	0,000	31,126	0,000	164154,511	164442,865	164443,866	164445,645	164445,845	164445,845	164445,874	60114,511	60282,865	60283,866	60285,645	60285,845	60285,845	60285,874	0,000	0,000	0,000	0,000	13,440	13,440	NaN	NaN	1,000	407,000	674,000	868,978	215,467
30,000	850,000	880,000	19,126	17,647	19,014	10,000	51,069	8,830	22,911	2,269	51,711	150,000	164154,511	164446,489	164447,489	164451,349	164451,549	164451,699	164452,404	60114,511	60286,489	60287,489	60291,349	60291,550	60291,700	60292,404	6,583	5,767	1,677	1,565	13,440	13,440	11,623	14,635	1,000	398,000	706,000	868,978	215,467
170,000	40,000	210,000	19,984	0,000	0,287	0,000	26,399	0,013	25,179	0,001	26,415	0,000	164154,511	164452,992	164453,993	164457,443	164457,643	164457,643	164457,684	60114,511	60292,992	60293,993	60297,443	60297,643	60297,643	60297,684	0,000	0,000	0,000	0,000	13,440	13,440	0,013	NaN	1,000	341,000	691,000	868,978	215,467
30,000	880,000	910,000	19,105	48,864	14,891	8,000	49,798	7,709	20,517	4,663	49,464	430,000	164154,511	164458,554	164459,555	164502,835	164503,036	164503,466	164503,924	60114,511	60298,555	60299,555	60302,835	60303,036	60303,466	60303,924	5,966	4,785	3,528	3,016	13,440	13,440	0,242	5,744	1,000	397,000	704,000	868,978	215,467
590,000	840,000	1430,000	1,407	11,905	15,743	7,000	63,033	4,638	25,030	0,150	64,374	100,000	164154,511	164504,507	164505,507	164508,600	164509,195	164509,294	164510,044	60114,511	60304,507	60305,507	60308,600	60309,195	60309,295	60310,044	4,008	2,480	0,192	0,028	13,440	13,440	10,560	1,313	1,000	862,000	265,000	868,978	215,467
500,000	930,000	1430,000	3,844	16,129	24,012	10,000	37,403	13,301	23,844	1,336	34,105	150,000	164154,511	164513,037	164514,037	164517,419	164517,924	164518,073	164518,864	60114,511	60313,037	60314,037	60317,419	60317,924	60318,074	60318,864	9,666	9,455	1,286	0,803	13,440	13,440	1,194	8,123	1,000	790,000	327,000	868,978	215,467
590,000	20,000	610,000	19,005	0,000	0,000	0,000	29,621	0,000	25,180	0,000	29,621	0,000	164154,511	164521,532	164522,532	164524,642	164525,234	164525,234	164525,264	60114,511	60321,532	60322,532	60324,642	60325,234	60325,234	60325,264	0,000	0,000	0,000	0,000	13,440	13,440	NaN	NaN	1,000	398,000	700,000	868,978	215,467
250,000	20,000	270,000	0,202	0,000	0,000	0,000	76,272	0,000	25,180	0,000	76,272	0,000	164154,511	164525,850	164526,851	164528,212	164528,464	164528,464	164528,494	60114,511	60325,850	60326,851	60328,212	60328,464	60328,464	60328,494	0,000	0,000	0,000	0,000	13,440	13,440	NaN	NaN	1,000	876,000	214,000	868,978	215,467
30,000	20,000	50,000	18,626	0,000	0,000	0,000	30,162	0,000	25,180	0,000	30,162	0,000	164154,511	164530,951	164531,951	164534,299	164534,500	164534,500	164534,525	60114,511	60330,951	60331,951	60334,299	60334,500	60334,500	60334,525	0,000	0,000	0,000	0,000	13,440	13,440	NaN	NaN	1,000	395,000	678,000	868,978	215,467
30,000	1400,000	1430,000	19,301	12,143	21,977	12,000	49,201	13,357	22,482	2,698	51,021	170,000	164154,511	164535,107	164536,107	164538,689	164538,890	164539,060	164540,294	60114,511	60335,107	60336,107	60338,689	60338,890	60339,060	60340,294	9,359	9,488	1,823	2,002	13,440	13,440	11,945	13,924	1,000	385,000	702,000	868,978	215,467
200,000	30,000	230,000	18,388	0,000	0,000	0,000	31,074	0,000	25,180	0,000	31,074	0,000	164154,511	164540,877	164541,877	164545,308	164545,515	164545,515	164545,554	60114,511	60340,877	60341,877	60345,308	60345,515	60345,515	60345,554	0,000	0,000	0,000	0,000	13,440	13,440	NaN	NaN	1,000	414,000	685,000	868,978	215,467
1070,000	360,000	1430,000	12,102	72,222	22,287	1,000	33,144	5,361	21,874	3,306	32,140	260,000	164154,511	164554,170	164555,171	164557,822	164558,894	164559,154	164559,264	60114,511	60354,170	60355,171	60357,822	60358,894	60359,154	60359,265	4,013	3,869	2,532	2,361	13,440	13,440	4,546	15,373	1,000	568,000	523,000	868,978	215,467
30,000	50,000	80,000	0,885	0,000	0,777	0,000	77,272	0,035	25,178	0,003	77,625	0,000	164154,511	164604,556	164605,557	164607,833	164608,035	164608,035	164608,093	60114,511	60364,556	60365,557	60367,833	60368,035	60368,035	60368,094	0,000	0,029	0,000	0,000	13,440	13,440	0,120	NaN	1,000	848,000	192,000	868,978	215,467
490,000	940,000	1430,000	4,622	18,085	22,826	10,000	35,051	12,994	24,635	0,545	31,403	170,000	164154,511	164610,331	164611,332	164612,550	164613,044	164613,214	164613,993	60114,511	60370,331	60371,332	60372,550	60373,044	60373,214	60373,993	8,768	9,823	0,431	0,405	13,440	13,440	12,545	1,963	1,000	736,000	312,000	868,978	215,467
130,000	20,000	150,000	18,526	0,000	0,000	0,000	30,565	0,000	25,180	0,000	30,565	0,000	164154,511	164617,576	164618,576	164621,689	164621,890	164621,890	164621,914	60114,511	60377,576	60378,576	60381,689	60381,890	60381,890	60381,914	0,000	0,000	0,000	0,000	13,440	13,440	NaN	NaN	1,000	401,000	679,000	868,978	215,467
140,000	310,000	450,000	18,486	70,968	19,644	3,000	33,652	1,507	23,706	1,474	33,536	220,000	164154,511	164626,661	164627,662	164629,957	164630,157	164630,377	164630,474	60114,511	60386,661	60387,662	60389,957	60390,157	60390,377	60390,474	0,790	1,266	0,733	1,266	13,440	13,440	0,298	0,287	1,000	406,000	682,000	868,978	215,467
1280,000	150,000	1430,000	16,139	93,333	9,132	0,000	31,964	0,994	24,272	0,908	31,927	140,000	164154,511	164635,272	164636,272	164637,366	164638,654	164638,794	164638,814	60114,511	60395,272	60396,272	60397,366	60398,654	60398,794	60398,814	0,777	0,699	0,707	0,639	13,440	13,440	NaN	5,797	1,000	463,000	621,000	868,978	215,467
940,000	490,000	1430,000	15,170	69,388	13,970	3,000	32,826	2,535	23,387	1,793	31,858	340,000	164154,511	164642,360	164643,361	164644,626	164645,574	164645,914	164646,074	60114,511	60402,360	60403,361	60404,626	60405,574	60405,914	60406,074	2,068	1,753	1,361	1,323	13,440	13,440	0,862	4,459	1,000	498,000	607,000	868,978	215,467
30,000	1400,000	1430,000	1,046	16,429	38,918	13,000	37,640	17,252	24,661	0,519	32,891	230,000	164154,511	164650,277	164651,277	164654,566	164654,767	164654,997	164656,174	60114,511	60410,277	60411,277	60414,566	60414,767	60414,997	60416,174	12,151	12,523	0,366	0,366	13,440	13,440	3,079	0,346	1,000	844,000	243,000	868,978	215,467
600,000	830,000	1430,000	5,375	26,506	26,822	7,000	34,033	11,912	23,968	1,212	29,223	220,000	164154,511	164658,983	164659,984	164702,817	164703,425	164703,645	164704,264	60114,511	60418,983	60419,984	60422,817	60423,425	60423,645	60424,264	8,219	9,018	0,554	1,072	13,440	13,440	23,967	0,219	1,000	724,000	340,000	868,978	215,467
60,000	110,000	170,000	18,804	0,000	0,573	0,000	29,852	0,025	25,180	0,000	29,888	0,000	164154,511	164707,354	164708,354	164709,794	164709,995	164709,995	164710,114	60114,511	60427,354	60428,354	60429,794	60429,995	60429,995	60430,114	0,000	0,029	0,000	0,000	13,440	13,440	0,055	NaN	1,000	396,000	688,000	868,978	215,467
170,000	70,000	240,000	0,245	0,000	1,077	0,000	76,477	0,063	25,177	0,003	76,788	0,000	164154,511	164710,697	164711,697	164713,035	164713,235	164713,235	164713,313	60114,511	60430,697	60431,697	60433,035	60433,235	60433,235	60433,314	0,030	0,029	0,000	0,003	13,440	13,440	0,544	NaN	1,000	867,000	207,000	868,978	215,467
30,000	20,000	50,000	18,627	0,000	0,000	0,000	30,596	0,000	25,180	0,000	30,596	0,000	164154,511	164714,809	164715,809	164718,822	164719,023	164719,023	164719,044	60114,511	60434,809	60435,809	60438,822	60439,023	60439,023	60439,044	0,000	0,000	0,000	0,000	13,440	13,440	NaN	NaN	1,000	408,000	691,000	868,978	215,467
240,000	320,000	560,000	18,227	43,750	2,122	2,000	30,767	0,271	25,098	0,082	30,865	140,000	164154,511	164723,662	164724,663	164725,735	164725,984	164726,124	164726,314	60114,511	60443,662	60444,663	60445,735	60445,984	60446,124	60446,314	0,056	0,282	0,003	0,095	13,440	13,440	0,132	0,458	1,000	409,000	672,000	868,978	215,467
30,000	200,000	230,000	0,548	75,000	1,320	1,000	75,098	0,125	25,103	0,077	75,081	150,000	164154,511	164736,442	164737,442	164738,910	164739,111	164739,261	164739,314	60114,511	60456,442	60457,442	60458,910	60459,111	60459,261	60459,314	0,115	0,057	0,080	0,047	13,440	13,440	0,374	0,467	1,000	851,000	223,000	868,978	215,467
30,000	70,000	100,000	18,844	0,000	0,330	0,000	29,941	0,014	25,180	0,000	29,879	0,000	164154,511	164740,706	164741,706	164744,645	164744,845	164744,845	164744,924	60114,511	60460,706	60461,706	60464,645	60464,845	60464,845	60464,924	0,030	0,000	0,000	0,000	13,440	13,440	0,032	NaN	1,000	397,000	691,000	868,978	215,467
320,000	60,000	380,000	19,182	0,000	0,322	0,000	29,159	0,014	25,180	0,000	29,096	0,000	164154,511	164749,222	164750,222	164751,873	164752,194	164752,194	164752,264	60114,511	60469,222	60470,222	60471,873	60472,194	60472,194	60472,264	0,030	0,000	0,000	0,000	13,440	13,440	0,031	NaN	1,000	388,000	699,000	868,978	215,467
30,000	1400,000	1430,000	18,710	14,286	30,366	15,000	62,241	17,509	24,942	0,238	76,381	200,000	164154,511	164753,076	164754,076	164757,370	164757,570	164757,770	164758,974	60114,511	60473,076	60474,076	60477,370	60477,570	60477,770	60478,974	13,275	14,056	0,228	0,278	13,440	13,440	0,782	0,713	1,000	410,000	697,000	868,978	215,467
60,000	20,000	80,000	17,860	0,000	0,000	0,000	32,667	0,000	25,180	0,000	32,667	0,000	164154,511	164759,557	164800,557	164803,374	164803,575	164803,575	164803,604	60114,511	60479,557	60480,557	60483,374	60483,575	60483,575	60483,604	0,000	0,000	0,000	0,000	13,440	13,440	NaN	NaN	1,000	436,000	680,000	868,978	215,467
190,000	280,000	470,000	0,878	42,857	21,498	2,000	72,233	2,222	24,370	0,810	75,605	120,000	164154,511	164805,624	164806,624	164808,684	164808,885	164809,005	164809,174	60114,511	60485,624	60486,624	60488,684	60488,885	60489,005	60489,174	1,606	2,265	0,704	0,867	13,440	13,440	4,207	5,425	1,000	898,000	204,000	868,978	215,467
200,000	20,000	220,000	18,883	0,000	0,000	0,000	29,754	0,000	25,180	0,000	29,754	0,000	164154,511	164811,611	164812,611	164815,915	164816,124	164816,124	164816,154	60114,511	60491,611	60492,611	60495,915	60496,124	60496,124	60496,154	0,000	0,000	0,000	0,000	13,440	13,440	NaN	NaN	1,000	395,000	691,000	868,978	215,467
80,000	110,000	190,000	18,428	90,909	0,566	0,000	31,050	0,049	25,134	0,046	31,050	100,000	164154,511	164820,674	164821,674	164824,918	164825,118	164825,218	164825,236	60114,511	60500,674	60501,674	60504,918	60505,118	60505,218	60505,236	0,000	0,057	0,000	0,054	13,440	13,440	NaN	0,439	1,000	413,000	686,000	868,978	215,467
