520,000	910,000	1430,000	1,303	16,484	30,903	11,000	35,871	16,423	22,366	2,814	30,886	150,000	162434,685	162450,133	162451,133	162453,167	162453,691	162453,841	162454,611	59074,685	59090,133	59091,133	59093,167	59093,691	59093,841	59094,611	11,349	12,210	1,573	2,395	13,440	13,440	9,274	19,488	1,000	825,000	230,000	868,978	215,467
570,000	860,000	1430,000	0,058	16,279	37,200	10,000	37,101	18,022	22,185	2,995	31,741	140,000	162434,685	162457,410	162458,410	162502,071	162502,652	162502,792	162503,521	59074,685	59097,410	59098,410	59102,071	59102,652	59102,792	59103,521	12,837	12,972	1,782	2,450	13,440	13,440	18,137	22,621	1,000	867,000	216,000	868,978	215,467
60,000	1370,000	1430,000	0,270	10,949	36,459	16,000	36,667	18,964	25,130	0,050	29,495	150,000	162434,685	162506,515	162507,515	162511,383	162511,584	162511,734	162512,962	59074,685	59106,515	59107,515	59111,383	59111,584	59111,734	59112,962	13,701	13,665	0,048	0,036	13,440	13,440	3,059	0,172	1,000	875,000	208,000	868,978	215,467
380,000	820,000	1200,000	0,548	18,293	37,554	6,000	38,297	17,986	22,326	2,855	33,107	150,000	162434,685	162515,672	162516,672	162520,635	162521,021	162521,171	162521,852	59074,685	59115,672	59116,672	59120,635	59121,021	59121,171	59121,852	12,914	12,800	1,756	2,313	13,440	13,440	16,938	20,986	1,000	886,000	206,000	868,978	215,467
350,000	1080,000	1430,000	0,200	17,593	36,562	13,000	37,327	17,896	21,661	3,519	32,272	190,000	162434,685	162525,015	162526,016	162527,715	162528,071	162528,261	162529,162	59074,685	59125,015	59126,016	59127,715	59128,071	59128,261	59129,162	12,545	13,024	1,966	2,981	13,440	13,440	19,684	18,806	1,000	866,000	209,000	868,978	215,467
430,000	1000,000	1430,000	0,270	17,000	30,248	14,000	36,443	17,424	21,914	3,266	31,564	170,000	162434,685	162532,096	162533,096	162534,333	162534,771	162534,941	162535,781	59074,685	59132,096	59133,096	59134,333	59134,771	59134,941	59135,781	12,190	12,792	1,953	2,684	13,440	13,440	10,888	21,709	1,000	863,000	223,000	868,978	215,467
520,000	910,000	1430,000	0,668	18,681	29,739	10,000	36,536	17,001	22,099	3,081	31,625	170,000	162434,685	162539,054	162540,054	162543,576	162544,102	162544,272	162545,022	59074,685	59139,054	59140,054	59143,576	59144,102	59144,272	59145,022	11,910	12,493	1,869	2,536	13,440	13,440	13,088	20,421	1,000	851,000	231,000	868,978	215,467
380,000	1020,000	1400,000	0,368	16,667	36,440	8,000	36,076	18,398	22,233	2,947	31,069	170,000	162434,685	162548,025	162549,025	162552,265	162552,651	162552,821	162553,681	59074,685	59148,025	59149,025	59152,265	59152,651	59152,821	59153,681	12,770	13,557	1,769	2,416	13,440	13,440	19,628	20,416	1,000	859,000	207,000	868,978	215,467
360,000	930,000	1290,000	0,308	23,656	37,416	6,000	37,586	18,271	20,888	4,292	32,560	220,000	162434,685	162556,686	162557,687	162600,909	162601,271	162601,491	162602,212	59074,685	59156,686	59157,687	59160,909	59161,271	59161,491	59162,212	13,276	12,994	2,821	3,419	13,440	13,440	24,497	23,269	1,000	877,000	208,000	868,978	215,467
520,000	910,000	1430,000	0,297	16,484	35,515	12,000	37,894	17,785	22,243	2,937	33,487	150,000	162434,685	162605,066	162606,066	162607,475	162608,001	162608,151	162608,921	59074,685	59165,066	59166,067	59167,475	59168,001	59168,151	59168,921	12,886	12,663	2,159	2,208	13,440	13,440	17,334	21,845	1,000	878,000	210,000	868,978	215,467
370,000	1060,000	1430,000	0,229	20,755	26,924	10,000	37,654	17,957	21,563	3,617	32,652	220,000	162434,685	162611,613	162612,613	162614,478	162614,852	162615,072	162615,921	59074,685	59171,613	59172,613	59174,478	59174,852	59175,072	59175,921	13,002	12,805	2,382	2,846	13,440	13,440	12,123	17,794	1,000	877,000	214,000	868,978	215,467
410,000	1020,000	1430,000	0,094	21,569	33,761	11,000	36,712	17,829	21,438	3,742	32,710	220,000	162434,685	162618,617	162619,617	162622,601	162623,021	162623,241	162624,052	59074,685	59178,617	59179,617	59182,601	59183,021	59183,241	59184,052	12,616	12,971	2,661	2,824	13,440	13,440	15,290	20,443	1,000	866,000	217,000	868,978	215,467
350,000	930,000	1280,000	0,190	40,860	33,319	6,000	37,239	18,011	16,070	9,111	34,638	380,000	162434,685	162626,688	162627,688	162630,175	162630,532	162630,912	162631,472	59074,685	59186,688	59187,688	59190,175	59190,532	59190,912	59191,472	12,825	12,994	6,246	6,929	13,440	13,440	28,003	28,949	1,000	865,000	210,000	868,978	215,467
390,000	1040,000	1430,000	0,353	22,115	37,778	10,000	37,151	17,862	21,497	3,683	33,013	230,000	162434,685	162634,145	162635,146	162636,635	162637,031	162637,261	162638,081	59074,685	59194,145	59195,146	59196,635	59197,031	59197,261	59198,081	12,920	12,797	2,768	2,742	13,440	13,440	19,814	19,727	1,000	864,000	227,000	868,978	215,467
380,000	1050,000	1430,000	1,388	21,905	26,412	9,000	36,749	16,125	21,449	3,731	32,648	230,000	162434,685	162640,932	162641,932	162645,670	162646,051	162646,281	162647,112	59074,685	59200,932	59201,933	59205,670	59206,051	59206,281	59207,112	11,405	11,757	2,477	2,942	13,440	13,440	12,987	17,212	1,000	831,000	247,000	868,978	215,467
550,000	880,000	1430,000	1,272	19,318	35,096	10,000	36,359	16,273	21,904	3,276	32,255	170,000	162434,685	162650,422	162651,422	162652,799	162653,353	162653,522	162654,241	59074,685	59210,422	59211,422	59212,799	59213,353	59213,523	59214,241	11,440	11,936	2,196	2,579	13,440	13,440	11,572	19,999	1,000	831,000	240,000	868,978	215,467
390,000	1040,000	1430,000	0,607	17,308	31,248	9,000	37,233	18,270	22,010	3,170	31,622	180,000	162434,685	162657,038	162658,039	162701,987	162702,382	162702,562	162703,433	59074,685	59217,038	59218,039	59221,987	59222,382	59222,562	59223,433	13,212	13,099	2,076	2,507	13,440	13,440	13,280	21,424	1,000	885,000	201,000	868,978	215,467
520,000	910,000	1430,000	0,605	73,626	40,227	6,000	37,104	17,447	9,669	15,511	36,766	670,000	162434,685	162706,629	162707,629	162710,127	162710,651	162711,321	162711,571	59074,685	59226,629	59227,629	59230,127	59230,651	59231,321	59231,571	12,800	12,401	11,409	11,065	13,440	13,440	1,477	8,496	1,000	860,000	235,000	868,978	215,467
440,000	990,000	1430,000	0,094	36,364	34,017	9,000	36,729	18,173	16,150	9,030	33,925	360,000	162434,685	162714,470	162715,470	162718,502	162718,951	162719,311	162719,951	59074,685	59234,470	59235,470	59238,502	59238,951	59239,311	59239,951	13,055	13,083	6,269	6,807	13,440	13,440	25,693	27,690	1,000	866,000	217,000	868,978	215,467
360,000	1070,000	1430,000	0,208	31,776	36,940	6,000	37,546	17,593	17,157	8,023	34,013	340,000	162434,685	162724,008	162725,008	162727,060	162727,421	162727,761	162728,501	59074,685	59244,008	59245,008	59247,061	59247,421	59247,761	59248,501	12,687	12,593	5,331	6,273	13,440	13,440	28,103	29,754	1,000	862,000	213,000	868,978	215,467
380,000	1050,000	1430,000	0,359	22,857	33,879	12,000	36,726	18,020	21,670	3,511	32,646	240,000	162434,685	162730,982	162731,982	162734,721	162735,112	162735,352	162736,171	59074,685	59250,982	59251,982	59254,721	59255,112	59255,352	59256,171	12,968	12,967	2,790	2,489	13,440	13,440	15,827	19,296	1,000	858,000	222,000	868,978	215,467
690,000	740,000	1430,000	2,108	18,919	33,008	7,000	35,723	15,267	23,745	1,436	30,963	140,000	162434,685	162738,875	162739,876	162740,935	162741,632	162741,772	162742,382	59074,685	59258,875	59259,876	59260,935	59261,632	59261,772	59262,382	10,674	11,328	0,956	1,159	13,440	13,440	3,640	11,674	1,000	803,000	251,000	868,978	215,467
490,000	940,000	1430,000	0,548	15,957	33,610	9,000	37,284	17,038	22,237	2,944	33,080	150,000	162434,685	162745,253	162746,253	162748,400	162748,891	162749,041	162749,842	59074,685	59265,253	59266,253	59268,400	59268,891	59269,041	59269,842	12,208	12,252	2,138	2,221	13,440	13,440	16,179	18,829	1,000	852,000	225,000	868,978	215,467
570,000	860,000	1430,000	0,296	20,930	34,021	10,000	37,245	17,432	22,016	3,164	31,929	180,000	162434,685	162753,360	162754,361	162755,378	162755,953	162756,133	162756,822	59074,685	59273,360	59274,361	59275,378	59275,953	59276,133	59276,822	12,816	12,391	2,205	2,454	13,440	13,440	7,787	18,561	1,000	869,000	226,000	868,978	215,467
300,000	1040,000	1340,000	0,328	19,231	35,464	10,000	36,364	18,216	21,697	3,483	31,552	200,000	162434,685	162759,598	162800,597	162803,324	162803,632	162803,832	162804,682	59074,685	59279,598	59280,597	59283,324	59283,632	59283,832	59284,682	12,714	13,388	2,133	2,863	13,440	13,440	20,168	21,187	1,000	860,000	208,000	868,978	215,467
210,000	20,000	230,000	18,666	0,000	0,000	0,000	30,125	0,000	25,180	0,000	30,125	0,000	162434,685	162806,493	162807,493	162811,386	162811,602	162811,602	162811,632	59074,685	59286,493	59287,493	59291,386	59291,602	59291,602	59291,632	0,000	0,000	0,000	0,000	13,440	13,440	NaN	NaN	1,000	394,000	679,000	868,978	215,467
620,000	810,000	1430,000	0,300	16,049	34,646	8,000	37,364	17,465	22,560	2,620	33,100	130,000	162434,685	162815,068	162816,070	162819,652	162820,281	162820,411	162821,102	59074,685	59295,068	59296,070	59299,652	59300,281	59300,411	59301,102	12,214	12,730	1,653	2,074	13,440	13,440	14,259	21,741	1,000	867,000	205,000	868,978	215,467
30,000	20,000	50,000	18,466	0,000	0,000	0,000	30,676	0,000	25,180	0,000	30,676	0,000	162434,685	162824,098	162825,098	162826,517	162826,717	162826,717	162826,741	59074,685	59304,098	59305,098	59306,517	59306,717	59306,717	59306,741	0,000	0,000	0,000	0,000	13,440	13,440	NaN	NaN	1,000	401,000	676,000	868,978	215,467
360,000	830,000	1190,000	0,666	16,867	35,810	10,000	38,204	18,322	22,047	3,133	33,187	140,000	162434,685	162831,186	162832,186	162833,774	162834,141	162834,281	162834,982	59074,685	59311,186	59312,186	59313,774	59314,141	59314,281	59314,982	13,219	12,996	2,006	2,504	13,440	13,440	18,760	22,069	1,000	886,000	199,000	868,978	215,467
610,000	810,000	1420,000	0,553	34,568	41,748	4,000	37,185	18,618	17,560	7,620	33,757	280,000	162434,685	162837,509	162838,511	162839,530	162840,143	162840,423	162840,961	59074,685	59317,509	59318,511	59319,530	59320,143	59320,423	59320,961	13,304	13,415	5,129	5,929	13,440	13,440	33,718	35,212	1,000	878,000	198,000	868,978	215,467
390,000	900,000	1290,000	0,216	16,667	37,532	10,000	37,060	18,226	21,962	3,218	31,468	150,000	162434,685	162843,368	162844,368	162847,623	162848,021	162848,171	162848,931	59074,685	59323,368	59324,368	59327,623	59328,021	59328,171	59328,931	13,193	13,023	2,025	2,622	13,440	13,440	21,868	22,649	1,000	873,000	222,000	868,978	215,467
460,000	970,000	1430,000	0,184	22,680	32,233	8,000	36,808	18,048	21,636	3,544	31,832	220,000	162434,685	162851,842	162852,843	162854,958	162855,421	162855,641	162856,402	59074,685	59331,842	59332,843	59334,958	59335,421	59335,641	59336,402	12,858	13,106	2,312	2,820	13,440	13,440	11,981	19,667	1,000	870,000	209,000	868,978	215,467
360,000	1070,000	1430,000	0,385	19,626	32,114	11,000	37,729	18,331	21,619	3,561	32,241	210,000	162434,685	162858,527	162859,527	162902,499	162902,861	162903,071	162903,942	59074,685	59338,527	59339,527	59342,499	59342,861	59343,071	59343,942	13,641	12,816	2,538	2,706	13,440	13,440	17,806	16,842	1,000	881,000	222,000	868,978	215,467
530,000	900,000	1430,000	0,676	16,667	35,369	10,000	36,522	17,542	22,004	3,176	32,278	150,000	162434,685	162906,922	162907,923	162911,471	162912,012	162912,162	162912,921	59074,685	59346,922	59347,923	59351,471	59352,012	59352,162	59352,921	12,358	12,765	2,206	2,443	13,440	13,440	18,690	22,143	1,000	845,000	217,000	868,978	215,467
340,000	1090,000	1430,000	0,113	13,761	36,116	8,000	36,578	18,436	22,179	3,001	30,622	150,000	162434,685	162915,508	162916,508	162919,433	162919,782	162919,932	162920,883	59074,685	59355,508	59356,508	59359,433	59359,782	59359,932	59360,883	13,218	13,302	1,775	2,485	13,440	13,440	17,058	19,557	1,000	865,000	215,000	868,978	215,467
410,000	1020,000	1430,000	0,137	13,725	32,212	10,000	38,000	17,646	22,461	2,719	32,717	140,000	162434,685	162924,291	162925,291	162927,552	162927,971	162928,111	162929,001	59074,685	59364,291	59365,291	59367,553	59367,971	59368,111	59369,001	12,685	12,572	1,635	2,241	13,440	13,440	18,482	18,161	1,000	867,000	211,000	868,978	215,467
350,000	1080,000	1430,000	0,043	17,593	30,461	12,000	38,153	17,068	21,984	3,196	33,086	190,000	162434,685	162930,610	162931,610	162934,351	162934,712	162934,902	162935,801	59074,685	59370,610	59371,610	59374,351	59374,712	59374,902	59375,801	12,443	12,082	2,082	2,519	13,440	13,440	10,153	17,513	1,000	869,000	217,000	868,978	215,467
370,000	860,000	1230,000	0,686	38,372	35,224	8,000	37,552	18,759	17,161	8,019	33,204	330,000	162434,685	162938,086	162939,087	162942,686	162943,062	162943,392	162943,931	59074,685	59378,086	59379,087	59382,686	59383,062	59383,392	59383,931	13,701	13,306	5,227	6,320	13,440	13,440	21,370	27,459	1,000	891,000	205,000	868,978	215,467
340,000	910,000	1250,000	0,388	19,780	35,766	10,000	36,782	18,214	21,924	3,257	32,049	180,000	162434,685	162946,092	162947,092	162951,083	162951,431	162951,611	162952,352	59074,685	59386,092	59387,092	59391,083	59391,431	59391,611	59392,352	12,882	13,219	2,171	2,548	13,440	13,440	18,003	19,548	1,000	860,000	205,000	868,978	215,467
30,000	230,000	260,000	17,332	95,652	1,249	0,000	33,529	0,102	25,081	0,099	33,529	220,000	162434,685	162954,216	162955,216	162957,595	162957,796	162958,016	162958,032	59074,685	59394,216	59395,216	59397,595	59397,796	59398,016	59398,032	0,056	0,085	0,056	0,082	13,440	13,440	NaN	0,154	1,000	435,000	653,000	868,978	215,467
