1460,000	-30,000	1430,000	9,714	-0,000	0,000	0,000	0,000	0,000	17,165	0,000	0,000	0,000	122000,625	122045,619	122046,621	122050,380	122051,840	122051,840	122051,821	44400,625	44445,619	44446,621	44450,380	44451,840	44451,840	44451,821	0,000	0,000	0,000	0,000	-13,440	13,440	NaN	NaN	1,000	836,000	437,000	571,022	215,467
1480,000	-50,000	1430,000	16,765	-0,000	0,000	0,000	0,000	0,000	17,165	0,000	0,000	0,000	122000,625	122110,535	122111,536	122114,081	122115,572	122115,572	122115,530	44400,625	44470,535	44471,536	44474,081	44475,572	44475,572	44475,530	0,000	0,000	0,000	0,000	-13,440	13,440	NaN	NaN	1,000	978,000	651,000	571,022	215,467
1720,000	150,000	1870,000	10,069	93,333	20,975	0,000	60,475	2,488	14,854	2,311	59,677	140,000	122000,625	122145,744	122146,743	122148,433	122150,161	122150,301	122150,322	44400,625	44505,744	44506,743	44508,433	44510,161	44510,301	44510,322	1,907	1,573	1,763	1,474	-13,440	13,440	NaN	15,100	1,000	838,000	454,000	571,022	215,467
1540,000	-30,000	1510,000	12,540	-0,000	0,000	0,000	0,000	0,000	17,165	0,000	0,000	0,000	122000,625	122205,236	122206,235	122209,278	122210,821	122210,821	122210,800	44400,625	44525,236	44526,235	44529,278	44530,821	44530,821	44530,800	0,000	0,000	0,000	0,000	-13,440	13,440	NaN	NaN	1,000	883,000	534,000	571,022	215,467
1650,000	80,000	1730,000	10,674	0,000	14,211	0,000	58,241	1,101	17,135	0,030	59,375	0,000	122000,625	122218,606	122219,606	122222,211	122223,872	122223,872	122223,960	44400,625	44538,606	44539,606	44542,211	44543,872	44543,872	44543,960	0,621	0,873	0,013	0,021	-13,440	13,440	10,334	NaN	1,000	832,000	491,000	571,022	215,467
1640,000	70,000	1710,000	7,370	0,000	8,964	0,000	61,384	0,435	17,150	0,015	62,191	0,000	122000,625	122241,310	122242,311	122244,726	122246,371	122246,371	122246,451	44400,625	44561,310	44562,311	44564,726	44566,371	44566,371	44566,451	0,213	0,262	0,013	0,008	-13,440	13,440	4,498	NaN	1,000	752,000	405,000	571,022	215,467
2830,000	1190,000	4020,000	2,531	11,765	10,314	16,000	59,935	3,879	16,709	0,456	59,309	140,000	122000,625	122312,724	122313,724	122316,349	122319,181	122319,321	122320,381	44400,625	44592,724	44593,724	44596,349	44599,181	44599,321	44600,381	3,546	1,578	0,480	0,111	-13,440	13,440	1,089	3,458	1,000	580,000	305,000	571,022	215,467
30,000	20,000	50,000	18,754	0,000	0,000	0,000	55,646	0,000	17,165	0,000	55,646	0,000	122000,625	122413,237	122414,236	122415,607	122415,808	122415,808	122415,830	44400,625	44653,237	44654,236	44655,607	44655,808	44655,808	44655,830	0,000	0,000	0,000	0,000	-13,440	13,440	NaN	NaN	1,000	1027,000	702,000	571,022	215,467
670,000	150,000	820,000	17,950	0,000	3,635	0,000	56,425	0,326	17,165	0,000	56,464	0,000	122000,625	122433,750	122434,749	122438,487	122439,161	122439,161	122439,320	44400,625	44673,750	44674,749	44678,487	44679,161	44679,161	44679,320	0,257	0,201	0,003	0,000	-13,440	13,440	3,480	NaN	1,000	1016,000	673,000	571,022	215,467
1680,000	90,000	1770,000	8,029	0,000	1,322	0,000	56,404	0,087	17,162	0,004	56,470	0,000	122000,625	122510,870	122511,870	122514,489	122516,174	122516,174	122516,271	44400,625	44710,870	44711,870	44714,489	44716,174	44716,174	44716,271	0,058	0,028	0,000	0,003	-13,440	13,440	1,149	NaN	1,000	706,000	467,000	571,022	215,467
2140,000	570,000	2710,000	10,801	28,070	10,625	4,000	54,935	3,377	15,591	1,574	54,039	160,000	122000,625	122531,594	122532,593	122534,347	122536,491	122536,651	122537,072	44400,625	44731,594	44732,593	44734,347	44736,491	44736,651	44737,072	2,845	1,605	1,087	0,986	-13,440	13,440	4,630	8,981	1,000	781,000	537,000	571,022	215,467
710,000	30,000	740,000	19,053	0,000	0,000	0,000	55,524	0,000	17,165	0,000	55,524	0,000	122000,625	122555,429	122556,429	122559,550	122600,270	122600,270	122600,310	44400,625	44755,430	44756,429	44759,550	44760,270	44760,270	44760,310	0,000	0,000	0,000	0,000	-13,440	13,440	NaN	NaN	1,000	1034,000	710,000	571,022	215,467
2140,000	20,000	2160,000	3,903	0,000	0,000	0,000	58,558	0,000	17,165	0,000	58,558	0,000	122000,625	122614,393	122615,394	122618,764	122620,911	122620,911	122620,942	44400,625	44774,393	44775,394	44778,764	44780,911	44780,911	44780,942	0,000	0,000	0,000	0,000	-13,440	13,440	NaN	NaN	1,000	579,000	354,000	571,022	215,467
3010,000	270,000	3280,000	5,799	74,074	2,391	2,000	52,513	0,349	16,864	0,301	52,528	200,000	122000,625	122752,238	122753,239	122755,841	122758,861	122759,061	122759,140	44400,625	44872,238	44873,239	44875,841	44878,861	44879,061	44879,141	0,311	0,169	0,280	0,142	-13,440	13,440	0,104	1,157	1,000	523,000	416,000	571,022	215,467
3010,000	150,000	3160,000	4,494	93,333	0,575	0,000	60,459	0,049	17,118	0,047	60,459	140,000	122000,625	122828,041	122829,041	122832,990	122836,010	122836,150	122836,172	44400,625	44908,041	44909,041	44912,990	44916,010	44916,150	44916,172	0,058	0,000	0,057	0,000	-13,440	13,440	NaN	0,317	1,000	637,000	361,000	571,022	215,467
1940,000	370,000	2310,000	3,432	43,243	34,762	4,000	48,198	7,355	14,414	2,751	52,308	160,000	122000,625	122855,797	122856,796	122900,483	122902,430	122902,590	122902,811	44400,625	44935,797	44936,796	44940,483	44942,430	44942,590	44942,811	4,220	6,494	2,118	1,922	-13,440	13,440	7,694	12,506	1,000	542,000	334,000	571,022	215,467
770,000	220,000	990,000	18,171	68,182	4,272	1,000	55,734	0,410	16,975	0,190	55,689	150,000	122000,625	122938,793	122939,793	122942,759	122943,530	122943,681	122943,761	44400,625	44978,793	44979,793	44982,759	44983,531	44983,681	44983,761	0,429	0,056	0,212	0,038	-13,440	13,440	2,177	0,537	1,000	1004,000	695,000	571,022	215,467
30,000	660,000	690,000	4,732	45,455	6,498	6,000	57,966	1,632	16,162	1,003	58,024	300,000	122000,625	122944,349	122945,348	122949,144	122949,345	122949,645	122950,011	44400,625	44984,349	44985,348	44989,144	44989,345	44989,645	44990,011	1,297	0,959	0,780	0,619	-13,440	13,440	2,741	0,620	1,000	459,000	341,000	571,022	215,467
1280,000	110,000	1390,000	14,788	90,909	21,224	0,000	56,908	1,534	15,638	1,527	56,908	100,000	122000,625	123025,406	123026,405	123027,516	123028,800	123028,900	123028,921	44400,625	45025,406	45026,405	45027,516	45028,800	45028,900	45028,921	0,971	0,627	0,975	0,622	-13,440	13,440	NaN	18,465	1,000	902,000	624,000	571,022	215,467
2250,000	260,000	2510,000	6,325	53,846	7,817	3,000	53,144	1,624	16,281	0,884	52,782	140,000	122000,625	123045,336	123046,335	123048,378	123050,633	123050,773	123050,901	44400,625	45045,336	45046,335	45048,378	45050,633	45050,773	45050,901	1,472	0,706	0,755	0,543	-13,440	13,440	1,022	6,322	1,000	518,000	434,000	571,022	215,467
2820,000	60,000	2880,000	10,083	0,000	1,313	0,000	51,320	0,064	17,163	0,002	51,393	0,000	122000,625	123103,512	123104,513	123105,908	123108,731	123108,731	123108,800	44400,625	45063,512	45064,513	45065,908	45068,731	45068,731	45068,801	0,030	0,029	0,000	0,000	-13,440	13,440	0,281	NaN	1,000	689,000	554,000	571,022	215,467
1860,000	290,000	2150,000	5,706	48,276	16,794	3,000	57,180	3,469	15,499	1,666	57,332	140,000	122000,625	123121,246	123122,247	123124,967	123126,830	123126,970	123127,132	44400,625	45081,246	45082,247	45084,968	45086,830	45086,970	45087,132	2,716	1,946	1,228	0,855	-13,440	13,440	3,046	8,445	1,000	635,000	408,000	571,022	215,467
1760,000	140,000	1900,000	10,306	92,857	14,049	0,000	55,215	1,015	16,149	1,016	55,215	130,000	122000,625	123137,248	123138,247	123141,199	123142,961	123143,091	123143,112	44400,625	45097,248	45098,248	45101,199	45102,961	45103,091	45103,112	0,761	0,481	0,762	0,485	-13,440	13,440	NaN	9,432	1,000	759,000	530,000	571,022	215,467
3010,000	20,000	3030,000	14,704	0,000	0,000	0,000	55,424	0,000	17,165	0,000	55,424	0,000	122000,625	123156,382	123157,381	123201,130	123204,151	123204,151	123204,181	44400,625	45116,382	45117,381	45121,130	45124,151	45124,151	45124,181	0,000	0,000	0,000	0,000	-13,440	13,440	NaN	NaN	1,000	901,000	621,000	571,022	215,467
3010,000	20,000	3030,000	17,500	0,000	0,000	0,000	53,033	0,000	17,165	0,000	53,033	0,000	122000,625	123321,576	123322,578	123325,045	123328,061	123328,061	123328,091	44400,625	45201,576	45202,578	45205,045	45208,061	45208,061	45208,091	0,000	0,000	0,000	0,000	-13,440	13,440	NaN	NaN	1,000	946,000	712,000	571,022	215,467
2340,000	190,000	2530,000	11,497	57,895	4,562	1,000	49,933	0,416	17,017	0,149	49,948	110,000	122000,625	123347,793	123348,793	123350,375	123352,721	123352,831	123352,920	44400,625	45227,793	45228,793	45230,375	45232,721	45232,831	45232,920	0,372	0,171	0,145	0,078	-13,440	13,440	2,965	1,043	1,000	704,000	602,000	571,022	215,467
1930,000	60,000	1990,000	13,850	0,000	1,721	0,000	57,090	0,081	17,162	0,004	57,219	0,000	122000,625	123404,745	123405,744	123409,372	123411,310	123411,310	123411,380	44400,625	45244,745	45245,744	45249,372	45251,310	45251,310	45251,381	0,029	0,058	0,003	0,003	-13,440	13,440	0,503	NaN	1,000	901,000	581,000	571,022	215,467
120,000	40,000	160,000	19,699	0,000	1,973	0,000	56,310	0,088	17,157	0,008	56,515	0,000	122000,625	123433,885	123434,886	123436,994	123437,194	123437,194	123437,241	44400,625	45273,885	45274,886	45276,994	45277,194	45277,194	45277,241	0,000	0,029	0,000	0,003	-13,440	13,440	0,089	NaN	1,000	1065,000	712,000	571,022	215,467
740,000	100,000	840,000	19,068	0,000	0,597	0,000	55,855	0,040	17,165	0,000	55,867	0,000	122000,625	123446,016	123447,018	123450,283	123451,030	123451,030	123451,141	44400,625	45286,017	45287,018	45290,283	45291,030	45291,030	45291,141	0,030	0,028	0,000	0,000	-13,440	13,440	0,363	NaN	1,000	1039,000	706,000	571,022	215,467
2740,000	250,000	2990,000	9,864	64,000	26,110	2,000	49,563	2,732	15,159	2,007	49,678	160,000	122000,625	123618,851	123619,850	123622,365	123625,111	123625,271	123625,371	44400,625	45378,851	45379,850	45382,365	45385,111	45385,271	45385,371	1,196	2,541	0,684	2,118	-13,440	13,440	4,894	3,255	1,000	699,000	542,000	571,022	215,467
1490,000	-60,000	1430,000	8,907	-0,000	0,000	0,000	0,000	0,000	17,165	0,000	0,000	0,000	122000,625	123657,144	123658,143	123701,258	123702,750	123702,750	123702,700	44400,625	45417,144	45418,143	45421,259	45422,751	45422,751	45422,700	0,000	0,000	0,000	0,000	-13,440	13,440	NaN	NaN	1,000	718,000	496,000	571,022	215,467
1440,000	-10,000	1430,000	17,177	-0,000	0,000	0,000	55,568	0,000	17,165	0,000	55,568	0,000	122000,625	123709,249	123710,248	123713,053	123714,501	123714,501	123714,501	44400,625	45429,249	45430,248	45433,054	45434,501	45434,501	45434,501	0,000	0,000	0,000	0,000	-13,440	13,440	NaN	NaN	1,000	971,000	677,000	571,022	215,467
1410,000	20,000	1430,000	7,696	0,000	0,526	0,000	58,361	0,069	17,165	0,000	58,050	0,000	122000,625	123721,703	123722,704	123726,026	123727,440	123727,440	123727,470	44400,625	45441,703	45442,704	45446,026	45447,440	45447,440	45447,470	0,108	0,056	0,010	0,000	-13,440	13,440	NaN	NaN	1,000	726,000	441,000	571,022	215,467
30,000	500,000	530,000	9,110	44,000	16,789	3,000	53,904	2,972	14,956	2,210	53,577	220,000	122000,625	123736,237	123737,238	123740,878	123741,079	123741,299	123741,580	44400,625	45456,237	45457,238	45460,878	45461,079	45461,299	45461,580	2,396	1,493	1,688	1,241	-13,440	13,440	1,662	3,496	1,000	708,000	509,000	571,022	215,467
2140,000	290,000	2430,000	6,154	62,069	19,842	1,000	60,586	3,077	15,561	1,604	59,715	180,000	122000,625	123805,295	123806,294	123810,026	123812,172	123812,352	123812,470	44400,625	45485,295	45486,294	45490,026	45492,172	45492,352	45492,471	3,059	0,535	1,540	0,433	-13,440	13,440	16,131	1,638	1,000	634,000	425,000	571,022	215,467
2720,000	710,000	3430,000	8,394	28,169	29,752	5,000	55,029	4,807	14,755	2,410	54,988	200,000	122000,625	123817,453	123818,453	123820,125	123822,851	123823,051	123823,570	44400,625	45497,453	45498,453	45500,125	45502,851	45503,051	45503,570	3,438	2,707	1,440	1,523	-13,440	13,440	1,842	3,084	1,000	713,000	478,000	571,022	215,467
2380,000	780,000	3160,000	3,575	19,231	67,597	10,000	53,700	16,134	9,810	7,356	56,861	150,000	122000,625	123852,039	123853,040	123855,800	123858,191	123858,341	123858,981	44400,625	45532,039	45533,040	45535,801	45538,191	45538,341	45538,981	10,218	12,324	4,267	5,985	-13,440	13,440	31,368	34,827	1,000	471,000	137,000	571,022	215,467
2720,000	60,000	2780,000	10,621	0,000	10,037	0,000	56,358	0,472	17,141	0,024	57,366	0,000	122000,625	123905,969	123906,970	123908,384	123911,111	123911,111	123911,181	44400,625	45545,969	45546,970	45548,384	45551,111	45551,111	45551,181	0,118	0,411	0,005	0,021	-13,440	13,440	3,084	NaN	1,000	801,000	515,000	571,022	215,467
680,000	50,000	730,000	18,723	0,000	1,611	0,000	55,482	0,073	17,161	0,004	55,566	0,000	122000,625	123934,473	123935,473	123938,840	123939,522	123939,522	123939,581	44400,625	45574,473	45575,473	45578,840	45579,522	45579,522	45579,581	0,030	0,000	0,003	0,000	-13,440	13,440	0,228	NaN	1,000	1020,000	707,000	571,022	215,467
890,000	40,000	930,000	17,728	0,000	0,534	0,000	55,692	0,024	17,163	0,002	55,749	0,000	122000,625	124009,076	124010,077	124011,564	124012,461	124012,461	124012,510	44400,625	45609,077	45610,077	45611,564	45612,461	45612,461	45612,510	0,000	0,000	0,000	0,000	-13,440	13,440	0,024	NaN	1,000	996,000	681,000	571,022	215,467
