330,000	20,000	350,000	18,585	0,000	0,000	0,000	56,591	0,000	17,165	0,000	56,591	0,000	160254,604	160323,129	160324,130	160325,337	160325,674	160325,674	160325,704	57774,604	57803,129	57804,130	57805,337	57805,674	57805,674	57805,704	0,000	0,000	0,000	0,000	-13,440	13,440	NaN	NaN	1,000	1037,000	684,000	571,022	215,467
500,000	50,000	550,000	19,281	0,000	0,364	0,000	56,523	0,016	17,165	0,000	56,561	0,000	160254,604	160334,569	160335,569	160339,408	160339,914	160339,914	160339,974	57774,604	57814,569	57815,569	57819,408	57819,914	57819,914	57819,974	0,000	0,029	0,000	0,000	-13,440	13,440	0,032	NaN	1,000	1057,000	699,000	571,022	215,467
620,000	810,000	1430,000	8,386	19,753	17,726	9,000	55,053	8,701	16,466	0,699	57,070	160,000	160254,604	160347,237	160348,237	160351,281	160351,904	160352,064	160352,724	57774,604	57827,237	57828,237	57831,281	57831,904	57832,064	57832,724	6,405	6,195	0,544	0,506	-13,440	13,440	14,987	0,374	1,000	788,000	420,000	571,022	215,467
910,000	70,000	980,000	19,302	0,000	0,917	0,000	56,085	0,040	17,165	0,000	56,097	0,000	160254,604	160358,527	160359,527	160402,416	160403,334	160403,334	160403,414	57774,604	57838,527	57839,527	57842,416	57843,334	57843,334	57843,414	0,030	0,029	0,000	0,000	-13,440	13,440	0,088	NaN	1,000	1051,000	706,000	571,022	215,467
30,000	450,000	480,000	20,199	37,778	11,861	6,000	55,637	2,069	15,763	1,403	55,759	170,000	160254,604	160404,002	160405,003	160407,867	160408,068	160408,238	160408,525	57774,604	57844,002	57845,003	57847,867	57848,068	57848,238	57848,525	1,547	1,238	1,034	0,878	-13,440	13,440	6,534	6,098	1,000	1070,000	732,000	571,022	215,467
770,000	580,000	1350,000	0,485	24,138	4,516	9,000	69,950	1,422	16,840	0,325	69,677	140,000	160254,604	160410,289	160411,290	160414,216	160414,994	160415,134	160415,584	57774,604	57850,289	57851,290	57854,216	57854,994	57855,134	57855,584	1,380	0,366	0,342	0,085	-13,440	13,440	1,509	2,491	1,000	586,000	224,000	571,022	215,467
190,000	50,000	240,000	19,491	0,000	0,919	0,000	55,333	0,040	17,165	0,000	55,345	0,000	160254,604	160417,952	160418,952	160421,427	160421,628	160421,628	160421,683	57774,604	57857,952	57858,952	57861,427	57861,628	57861,628	57861,683	0,030	0,029	0,003	0,000	-13,440	13,440	0,080	NaN	1,000	1044,000	722,000	571,022	215,467
30,000	160,000	190,000	19,899	93,750	0,822	0,000	55,915	0,063	17,105	0,060	55,915	150,000	160254,604	160428,139	160429,139	160430,710	160430,910	160431,060	160431,074	57774,604	57868,139	57869,139	57870,710	57870,910	57871,060	57871,074	0,058	0,028	0,057	0,028	-13,440	13,440	NaN	0,022	1,000	1065,000	722,000	571,022	215,467
30,000	350,000	380,000	2,794	37,143	7,957	3,000	66,696	0,864	17,023	0,142	68,149	130,000	160254,604	160431,977	160432,977	160436,051	160436,251	160436,381	160436,603	57774,604	57871,977	57872,977	57876,051	57876,251	57876,381	57876,604	0,677	0,619	0,145	0,092	-13,440	13,440	0,131	0,476	1,000	649,000	277,000	571,022	215,467
270,000	20,000	290,000	19,822	0,000	0,000	0,000	55,604	0,000	17,165	0,000	55,604	0,000	160254,604	160440,073	160441,074	160444,199	160444,474	160444,474	160444,504	57774,604	57880,073	57881,074	57884,199	57884,474	57884,474	57884,504	0,000	0,000	0,000	0,000	-13,440	13,440	NaN	NaN	1,000	1059,000	724,000	571,022	215,467
30,000	1100,000	1130,000	19,425	11,818	5,238	13,000	54,437	1,790	16,967	0,198	54,950	130,000	160254,604	160449,365	160450,365	160451,627	160451,827	160451,957	160452,935	57774,604	57889,365	57890,365	57891,627	57891,827	57891,957	57892,935	1,238	1,351	0,133	0,168	-13,440	13,440	0,782	0,754	1,000	1049,000	714,000	571,022	215,467
30,000	1400,000	1430,000	0,972	9,286	6,400	20,000	67,781	2,719	17,060	0,106	70,382	130,000	160254,604	160454,484	160455,484	160456,639	160456,840	160456,970	160458,244	57774,604	57894,484	57895,485	57896,640	57896,840	57896,970	57898,244	2,171	1,993	0,135	0,049	-13,440	13,440	1,799	0,155	1,000	572,000	250,000	571,022	215,467
30,000	70,000	100,000	19,553	0,000	0,543	0,000	55,222	0,024	17,165	0,000	55,196	0,000	160254,604	160459,563	160500,563	160501,592	160501,792	160501,792	160501,864	57774,604	57899,563	57900,564	57901,592	57901,792	57901,792	57901,864	0,030	0,000	0,000	0,000	-13,440	13,440	0,052	NaN	1,000	1044,000	725,000	571,022	215,467
30,000	1230,000	1260,000	20,142	16,260	21,885	14,000	54,597	11,064	14,513	2,653	58,296	200,000	160254,604	160502,973	160503,973	160506,048	160506,249	160506,449	160507,484	57774,604	57902,973	57903,973	57906,048	57906,249	57906,449	57907,484	7,681	8,355	1,830	2,130	-13,440	13,440	10,892	13,583	1,000	1051,000	747,000	571,022	215,467
30,000	750,000	780,000	0,466	18,667	10,061	10,000	59,811	2,771	16,649	0,516	63,825	140,000	160254,604	160510,720	160511,720	160512,728	160512,929	160513,069	160513,684	57774,604	57910,720	57911,720	57912,728	57912,929	57913,069	57913,684	1,631	2,842	0,420	0,413	-13,440	13,440	2,229	2,719	1,000	577,000	200,000	571,022	215,467
840,000	560,000	1400,000	19,580	37,500	6,953	6,000	54,348	1,037	16,410	0,756	54,537	210,000	160254,604	160515,742	160516,742	160519,188	160520,035	160520,245	160520,603	57774,604	57915,742	57916,742	57919,188	57920,035	57920,245	57920,604	0,536	1,041	0,398	0,765	-13,440	13,440	1,776	1,539	1,000	1059,000	712,000	571,022	215,467
770,000	20,000	790,000	19,620	0,000	0,000	0,000	56,695	0,000	17,165	0,000	56,695	0,000	160254,604	160525,086	160526,087	160528,681	160529,454	160529,454	160529,485	57774,604	57925,086	57926,087	57928,681	57929,454	57929,454	57929,485	0,000	0,000	0,000	0,000	-13,440	13,440	NaN	NaN	1,000	1070,000	703,000	571,022	215,467
240,000	100,000	340,000	19,083	90,000	1,653	0,000	56,096	0,086	17,080	0,085	56,096	90,000	160254,604	160534,874	160535,874	160537,783	160538,024	160538,114	160538,135	57774,604	57934,874	57935,874	57937,783	57938,024	57938,114	57938,135	0,028	0,113	0,028	0,111	-13,440	13,440	NaN	1,402	1,000	1047,000	699,000	571,022	215,467
30,000	1400,000	1430,000	18,985	9,286	15,596	18,000	54,184	6,896	15,328	1,838	56,631	130,000	160254,604	160538,722	160539,722	160543,202	160543,403	160543,533	160544,804	57774,604	57938,722	57939,722	57943,202	57943,403	57943,533	57944,804	4,570	5,358	1,223	1,400	-13,440	13,440	13,116	14,462	1,000	1055,000	686,000	571,022	215,467
30,000	1400,000	1430,000	16,815	9,286	28,270	13,000	57,679	15,467	17,076	0,089	69,423	130,000	160254,604	160545,390	160546,390	160549,576	160549,776	160549,906	160551,184	57774,604	57945,390	57946,390	57949,576	57949,776	57949,906	57951,184	11,428	11,510	0,077	0,000	-13,440	13,440	4,822	0,490	1,000	996,000	636,000	571,022	215,467
180,000	500,000	680,000	20,052	28,000	5,445	5,000	54,919	1,020	16,789	0,377	55,206	140,000	160254,604	160551,773	160552,774	160554,042	160554,242	160554,382	160554,743	57774,604	57951,773	57952,774	57954,042	57954,242	57954,382	57954,743	0,619	0,732	0,181	0,252	-13,440	13,440	0,317	0,712	1,000	1055,000	739,000	571,022	215,467
30,000	20,000	50,000	19,839	0,000	0,000	0,000	55,914	0,000	17,165	0,000	55,914	0,000	160254,604	160559,459	160600,459	160601,665	160601,865	160601,865	160601,894	57774,604	57959,459	57960,459	57961,665	57961,865	57961,865	57961,895	0,000	0,000	0,000	0,000	-13,440	13,440	NaN	NaN	1,000	1064,000	720,000	571,022	215,467
30,000	300,000	330,000	20,387	50,000	4,479	2,000	54,269	0,518	16,977	0,188	54,632	150,000	160254,604	160607,344	160608,344	160609,947	160610,147	160610,297	160610,454	57774,604	57967,344	57968,344	57969,947	57970,147	57970,297	57970,454	0,169	0,537	0,048	0,152	-13,440	13,440	2,745	0,050	1,000	1054,000	756,000	571,022	215,467
60,000	290,000	350,000	20,857	48,276	3,268	4,000	55,264	0,412	16,999	0,166	55,426	140,000	160254,604	160616,315	160617,315	160620,452	160620,652	160620,793	160620,945	57774,604	57976,315	57977,315	57980,452	57980,653	57980,793	57980,945	0,171	0,395	0,028	0,171	-13,440	13,440	2,777	0,224	1,000	1084,000	751,000	571,022	215,467
30,000	480,000	510,000	20,025	35,417	8,695	4,000	54,566	2,403	16,241	0,924	55,039	170,000	160254,604	160621,534	160622,534	160625,186	160625,387	160625,557	160625,874	57774,604	57981,534	57982,534	57985,186	57985,387	57985,557	57985,874	1,605	1,775	0,596	0,695	-13,440	13,440	0,330	2,399	1,000	1047,000	745,000	571,022	215,467
130,000	20,000	150,000	19,739	0,000	0,000	0,000	56,099	0,000	17,165	0,000	56,099	0,000	160254,604	160627,668	160628,669	160630,985	160631,185	160631,185	160631,214	57774,604	57987,668	57988,669	57990,985	57991,185	57991,185	57991,214	0,000	0,000	0,000	0,000	-13,440	13,440	NaN	NaN	1,000	1064,000	715,000	571,022	215,467
30,000	60,000	90,000	19,739	0,000	0,549	0,000	56,211	0,024	17,165	0,000	56,186	0,000	160254,604	160637,174	160638,174	160639,363	160639,564	160639,564	160639,634	57774,604	57997,174	57998,174	57999,363	57999,564	57999,564	57999,634	0,030	0,000	0,000	0,000	-13,440	13,440	0,053	NaN	1,000	1065,000	714,000	571,022	215,467
30,000	1400,000	1430,000	2,183	12,857	34,628	17,000	52,467	17,679	16,321	0,844	56,153	180,000	160254,604	160645,095	160646,095	160649,384	160649,585	160649,765	160650,994	57774,604	58005,095	58006,095	58009,385	58009,585	58009,765	58010,994	12,644	12,562	0,678	0,293	-13,440	13,440	10,158	2,002	1,000	622,000	274,000	571,022	215,467
290,000	70,000	360,000	19,613	0,000	0,946	0,000	55,225	0,048	17,165	0,000	55,174	0,000	160254,604	160656,807	160657,807	160659,917	160700,215	160700,215	160700,294	57774,604	58016,807	58017,808	58019,917	58020,215	58020,215	58020,294	0,058	0,000	0,003	0,000	-13,440	13,440	0,295	NaN	1,000	1045,000	727,000	571,022	215,467
390,000	1040,000	1430,000	7,522	19,231	33,544	14,000	54,154	11,317	16,690	0,476	56,285	200,000	160254,604	160704,906	160705,906	160707,339	160707,734	160707,934	160708,784	57774,604	58024,906	58025,906	58027,339	58027,734	58027,934	58028,784	8,440	7,881	0,436	0,244	-13,440	13,440	15,444	1,624	1,000	748,000	416,000	571,022	215,467
30,000	360,000	390,000	20,873	38,889	5,685	4,000	56,262	0,578	17,065	0,101	56,310	140,000	160254,604	160712,060	160713,060	160716,261	160716,462	160716,602	160716,824	57774,604	58032,060	58033,060	58036,261	58036,462	58036,602	58036,824	0,451	0,366	0,076	0,082	-13,440	13,440	4,166	0,005	1,000	1100,000	736,000	571,022	215,467
30,000	1400,000	1430,000	18,040	8,571	23,284	20,000	55,883	16,296	16,894	0,271	64,799	120,000	160254,604	160718,631	160719,631	160723,174	160723,375	160723,495	160724,785	57774,604	58038,631	58039,631	58043,174	58043,375	58043,495	58044,785	11,986	11,881	0,167	0,316	-13,440	13,440	6,437	1,523	1,000	997,000	695,000	571,022	215,467
3010,000	20,000	3030,000	21,170	0,000	0,000	0,000	45,860	0,000	17,165	0,000	45,860	0,000	160254,604	160726,734	160727,734	160730,889	160733,904	160733,904	160733,934	57774,604	58046,734	58047,734	58050,890	58053,904	58053,904	58053,934	0,000	0,000	0,000	0,000	-13,440	13,440	NaN	NaN	1,000	913,000	886,000	571,022	215,467
30,000	1400,000	1430,000	17,104	12,857	33,549	16,000	59,677	16,604	16,938	0,227	65,665	180,000	160254,604	160738,319	160739,319	160742,074	160742,275	160742,455	160743,684	57774,604	58058,319	58059,319	58062,074	58062,275	58062,455	58063,684	13,608	9,846	0,219	0,115	-13,440	13,440	4,985	0,360	1,000	1026,000	619,000	571,022	215,467
60,000	1370,000	1430,000	14,549	7,299	24,071	14,000	58,835	13,040	16,987	0,178	66,912	100,000	160254,604	160744,880	160745,880	160747,395	160747,596	160747,696	160748,976	57774,604	58064,880	58065,880	58067,395	58067,596	58067,696	58068,976	9,945	9,204	0,184	0,116	-13,440	13,440	4,396	1,518	1,000	933,000	585,000	571,022	215,467
30,000	1400,000	1430,000	9,183	21,429	20,492	16,000	57,628	12,582	16,238	0,927	57,041	300,000	160254,604	160749,564	160750,564	160754,385	160754,585	160754,885	160755,994	57774,604	58069,564	58070,564	58074,385	58074,585	58074,885	58075,994	11,043	6,253	0,946	0,281	-13,440	13,440	13,954	0,154	1,000	743,000	493,000	571,022	215,467
60,000	170,000	230,000	20,057	0,000	4,166	0,000	56,003	0,256	17,165	0,000	55,951	0,000	160254,604	160759,390	160800,391	160801,590	160801,791	160801,791	160801,964	57774,604	58079,390	58080,391	58081,590	58081,791	58081,791	58081,964	0,229	0,115	0,000	0,000	-13,440	13,440	2,809	NaN	1,000	1072,000	723,000	571,022	215,467
30,000	1400,000	1430,000	19,301	12,857	9,956	17,000	50,570	6,048	16,428	0,737	54,585	180,000	160254,604	160802,550	160803,550	160806,889	160807,090	160807,270	160808,494	57774,604	58082,550	58083,550	58086,889	58087,090	58087,270	58088,494	2,989	6,080	0,483	0,628	-13,440	13,440	1,444	1,792	1,000	1055,000	702,000	571,022	215,467
30,000	1400,000	1430,000	2,422	10,000	13,227	21,000	51,119	10,713	15,839	1,327	55,587	140,000	160254,604	160809,084	160810,085	160811,625	160811,826	160811,966	160813,234	57774,604	58089,085	58090,085	58091,625	58091,826	58091,966	58093,234	6,973	8,437	1,059	0,760	-13,440	13,440	0,265	8,755	1,000	619,000	287,000	571,022	215,467
30,000	1360,000	1390,000	19,242	16,912	8,848	14,000	54,495	3,180	16,608	0,558	55,521	230,000	160254,604	160817,229	160818,229	160820,130	160820,331	160820,561	160821,694	57774,604	58097,229	58098,229	58100,130	58100,331	58100,561	58101,694	2,083	2,532	0,317	0,567	-13,440	13,440	1,795	2,934	1,000	1051,000	703,000	571,022	215,467
