250,000	1200,000	1450,000	0,281	10,833	40,428	12,000	37,413	17,472	21,677	3,503	33,889	130,000	130849,969	130911,384	130912,384	130914,435	130914,696	130914,826	130915,906	47329,969	47351,384	47352,384	47354,435	47354,696	47354,826	47355,906	12,066	12,713	2,271	2,704	13,440	13,440	27,599	26,390	1,000	859,000	215,000	868,978	215,467
260,000	810,000	1070,000	1,269	41,975	56,175	4,000	37,090	17,348	12,668	12,512	35,881	340,000	130849,969	130917,569	130918,570	130920,930	130921,195	130921,535	130922,016	47329,969	47357,569	47358,570	47360,930	47361,195	47361,535	47362,016	11,419	13,023	7,905	9,708	13,440	13,440	23,159	22,524	1,000	849,000	175,000	868,978	215,467
280,000	770,000	1050,000	2,629	44,156	51,329	6,000	36,978	19,587	12,921	12,260	34,734	340,000	130849,969	130923,439	130924,439	130926,356	130926,645	130926,985	130927,425	47329,969	47363,439	47364,439	47366,356	47366,645	47366,985	47367,425	13,025	14,685	7,517	9,758	13,440	13,440	24,513	29,866	1,000	896,000	126,000	868,978	215,467
260,000	720,000	980,000	2,073	23,611	55,527	6,000	36,762	19,466	20,174	5,006	33,795	170,000	130849,969	130928,827	130929,826	130931,562	130931,825	130931,995	130932,554	47329,969	47368,827	47369,826	47371,562	47371,825	47371,995	47372,555	13,052	14,540	3,202	3,996	13,440	13,440	27,201	27,962	1,000	887,000	144,000	868,978	215,467
30,000	20,000	50,000	17,909	0,000	0,000	0,000	32,221	0,000	25,180	0,000	32,221	0,000	130849,969	130933,983	130934,985	130936,659	130936,860	130936,860	130936,885	47329,969	47373,983	47374,985	47376,659	47376,860	47376,860	47376,885	0,000	0,000	0,000	0,000	13,440	13,440	NaN	NaN	1,000	421,000	668,000	868,978	215,467
280,000	890,000	1170,000	0,208	20,225	47,438	10,000	38,160	17,003	18,851	6,329	36,258	180,000	130849,969	130939,034	130940,034	130943,227	130943,515	130943,695	130944,416	47329,969	47379,034	47380,034	47383,227	47383,515	47383,695	47384,416	11,872	12,209	4,480	4,669	13,440	13,440	32,432	35,037	1,000	862,000	213,000	868,978	215,467
300,000	910,000	1210,000	0,153	14,286	37,213	8,000	38,405	17,184	21,764	3,416	34,479	130,000	130849,969	130945,891	130946,891	130948,093	130948,395	130948,525	130949,314	47329,969	47385,891	47386,891	47388,093	47388,395	47388,525	47389,314	12,234	12,208	2,240	2,633	13,440	13,440	25,740	26,438	1,000	872,000	220,000	868,978	215,467
270,000	820,000	1090,000	0,428	17,073	40,112	10,000	37,807	17,016	20,687	4,493	34,588	140,000	130849,969	130950,690	130951,690	130953,036	130953,314	130953,454	130954,144	47329,969	47390,690	47391,690	47393,036	47393,314	47393,454	47394,144	12,038	12,180	3,067	3,433	13,440	13,440	33,363	34,655	1,000	862,000	229,000	868,978	215,467
230,000	840,000	1070,000	0,133	16,667	53,584	8,000	36,966	17,618	20,211	4,969	34,866	140,000	130849,969	130955,679	130956,680	130959,685	130959,925	130960,065	131000,774	47329,969	47395,679	47396,680	47399,685	47399,925	47400,065	47400,774	12,125	12,861	3,619	3,671	13,440	13,440	29,580	34,451	1,000	865,000	218,000	868,978	215,467
260,000	800,000	1060,000	0,070	41,250	41,928	6,000	37,982	17,434	14,581	10,599	36,191	330,000	130849,969	131001,927	131002,928	131005,346	131005,614	131005,944	131006,426	47329,969	47401,927	47402,928	47405,346	47405,614	47405,944	47406,426	12,350	12,462	7,296	7,860	13,440	13,440	22,850	26,614	1,000	867,000	217,000	868,978	215,467
250,000	810,000	1060,000	0,240	20,988	35,779	8,000	37,758	17,654	20,344	4,836	33,627	170,000	130849,969	131007,556	131008,555	131011,485	131011,745	131011,915	131012,565	47329,969	47407,556	47408,555	47411,485	47411,745	47411,915	47412,565	12,883	12,462	3,379	3,680	13,440	13,440	24,611	29,760	1,000	869,000	224,000	868,978	215,467
280,000	930,000	1210,000	0,128	17,204	55,417	8,000	38,007	17,221	19,336	5,844	35,987	160,000	130849,969	131013,720	131014,720	131017,823	131018,106	131018,265	131019,045	47329,969	47413,720	47414,720	47417,823	47418,106	47418,266	47419,045	12,234	12,264	4,331	4,277	13,440	13,440	36,281	34,706	1,000	869,000	220,000	868,978	215,467
250,000	720,000	970,000	0,815	20,833	44,571	8,000	37,372	18,726	20,902	4,278	33,223	150,000	130849,969	131020,105	131021,105	131023,937	131024,195	131024,345	131024,924	47329,969	47420,105	47421,105	47423,937	47424,195	47424,345	47424,924	13,333	13,421	2,932	3,247	13,440	13,440	20,017	27,454	1,000	886,000	192,000	868,978	215,467
270,000	910,000	1180,000	0,352	14,286	30,712	12,000	38,239	17,832	21,785	3,395	33,345	130,000	130849,969	131026,132	131027,131	131029,736	131030,015	131030,145	131030,935	47329,969	47426,132	47427,131	47429,736	47430,015	47430,145	47430,935	12,857	12,607	2,293	2,577	13,440	13,440	21,187	28,580	1,000	881,000	212,000	868,978	215,467
250,000	920,000	1170,000	0,172	18,478	38,526	8,000	37,720	17,766	20,304	4,876	34,690	170,000	130849,969	131032,118	131033,119	131035,855	131036,115	131036,285	131037,045	47329,969	47432,118	47433,119	47435,855	47436,115	47436,285	47437,045	12,516	12,769	3,412	3,647	13,440	13,440	28,517	26,661	1,000	874,000	212,000	868,978	215,467
230,000	780,000	1010,000	0,245	43,590	40,286	4,000	37,036	18,180	14,407	10,773	36,251	340,000	130849,969	131038,334	131039,335	131041,186	131041,425	131041,765	131042,215	47329,969	47438,335	47439,335	47441,186	47441,425	47441,765	47442,215	12,715	13,221	7,870	7,758	13,440	13,440	26,838	30,482	1,000	871,000	207,000	868,978	215,467
260,000	820,000	1080,000	0,229	32,927	43,059	4,000	37,571	18,246	16,327	8,853	35,031	270,000	130849,969	131043,355	131044,355	131046,023	131046,286	131046,556	131047,114	47329,969	47443,355	47444,355	47446,023	47446,286	47446,556	47447,114	12,909	13,051	6,028	6,669	13,440	13,440	36,558	34,379	1,000	877,000	214,000	868,978	215,467
250,000	820,000	1070,000	0,638	13,415	46,371	8,000	39,027	17,440	21,910	3,270	34,999	110,000	130849,969	131048,175	131049,175	131051,226	131051,485	131051,595	131052,315	47329,969	47448,175	47449,175	47451,226	47451,485	47451,595	47452,315	12,713	12,096	2,310	2,393	13,440	13,440	30,699	30,203	1,000	890,000	224,000	868,978	215,467
250,000	860,000	1110,000	1,068	15,116	34,844	8,000	35,615	18,505	21,978	3,202	32,768	130,000	130849,969	131053,404	131054,404	131057,682	131057,935	131058,065	131058,805	47329,969	47453,404	47454,404	47457,682	47457,935	47458,065	47458,805	12,122	14,065	2,122	2,507	13,440	13,440	19,109	23,527	1,000	851,000	182,000	868,978	215,467
230,000	590,000	820,000	0,423	23,729	59,243	4,000	38,309	16,585	20,810	4,371	36,517	140,000	130849,969	131059,800	131100,800	131104,595	131104,835	131104,975	131105,436	47329,969	47459,800	47460,800	47464,595	47464,835	47464,975	47465,436	11,507	11,958	3,198	3,208	13,440	13,440	26,762	29,241	1,000	854,000	217,000	868,978	215,467
360,000	950,000	1310,000	0,195	16,842	38,993	8,000	38,444	17,561	21,033	4,147	35,241	160,000	130849,969	131106,573	131107,572	131109,274	131109,634	131109,794	131110,596	47329,969	47466,573	47467,572	47469,274	47469,635	47469,795	47470,596	12,489	12,488	2,943	3,045	13,440	13,440	27,041	26,289	1,000	875,000	212,000	868,978	215,467
260,000	720,000	980,000	0,249	20,833	45,334	4,000	38,033	17,319	20,589	4,591	35,709	150,000	130849,969	131111,729	131112,729	131116,030	131116,295	131116,445	131117,025	47329,969	47471,729	47472,729	47476,030	47476,295	47476,445	47477,025	12,208	12,433	3,151	3,472	13,440	13,440	32,156	33,280	1,000	862,000	210,000	868,978	215,467
290,000	720,000	1010,000	0,596	23,611	48,679	6,000	39,439	17,365	19,769	5,411	37,303	170,000	130849,969	131118,155	131119,156	131121,059	131121,355	131121,525	131122,085	47329,969	47478,155	47479,156	47481,059	47481,355	47481,525	47482,085	12,743	11,987	4,267	3,736	13,440	13,440	27,370	31,008	1,000	890,000	218,000	868,978	215,467
240,000	670,000	910,000	1,000	28,358	46,895	4,000	36,895	16,957	19,389	5,791	34,814	190,000	130849,969	131123,249	131124,248	131125,916	131126,165	131126,355	131126,847	47329,969	47483,249	47484,248	47485,916	47486,165	47486,355	47486,847	11,479	12,548	3,905	4,460	13,440	13,440	24,841	29,386	1,000	834,000	209,000	868,978	215,467
290,000	730,000	1020,000	0,333	16,438	48,230	6,000	37,564	17,558	21,701	3,479	34,673	120,000	130849,969	131127,964	131128,963	131130,332	131130,624	131130,744	131131,365	47329,969	47487,964	47488,963	47490,332	47490,624	47490,744	47491,365	12,097	12,800	2,415	2,627	13,440	13,440	24,227	29,680	1,000	866,000	204,000	868,978	215,467
250,000	710,000	960,000	0,539	39,437	47,154	5,000	37,667	18,237	15,110	10,070	36,418	280,000	130849,969	131132,417	131133,417	131137,141	131137,395	131137,675	131138,114	47329,969	47492,417	47493,417	47497,141	47497,395	47497,675	47498,115	13,139	13,058	7,558	7,244	13,440	13,440	34,206	39,123	1,000	887,000	209,000	868,978	215,467
350,000	720,000	1070,000	0,573	34,722	55,675	6,000	37,142	18,091	14,549	10,631	35,721	250,000	130849,969	131139,222	131140,222	131141,247	131141,605	131141,855	131142,335	47329,969	47499,222	47500,222	47501,247	47501,605	47501,855	47502,335	12,348	13,303	7,158	8,106	13,440	13,440	46,182	47,293	1,000	863,000	196,000	868,978	215,467
240,000	610,000	850,000	0,202	24,590	61,581	4,000	38,354	17,092	19,291	5,889	36,170	150,000	130849,969	131143,979	131144,979	131146,904	131147,156	131147,306	131147,775	47329,969	47503,979	47504,979	47506,904	47507,156	47507,306	47507,775	12,098	12,153	4,217	4,383	13,440	13,440	37,470	38,736	1,000	872,000	222,000	868,978	215,467
240,000	960,000	1200,000	0,270	17,708	48,597	8,000	37,606	17,470	19,860	5,320	33,800	170,000	130849,969	131149,061	131150,062	131153,766	131154,014	131154,184	131154,985	47329,969	47509,061	47510,062	47513,766	47514,014	47514,184	47514,985	12,377	12,572	3,718	4,081	13,440	13,440	32,479	31,664	1,000	863,000	223,000	868,978	215,467
240,000	840,000	1080,000	0,310	27,381	51,663	6,000	38,009	17,574	14,956	10,224	38,069	230,000	130849,969	131156,727	131157,727	131201,290	131201,535	131201,765	131202,385	47329,969	47516,727	47517,727	47521,290	47521,535	47521,765	47522,385	12,347	12,573	7,827	7,038	13,440	13,440	48,071	47,227	1,000	880,000	216,000	868,978	215,467
400,000	790,000	1190,000	0,339	53,165	49,779	4,000	37,871	17,026	10,344	14,836	37,475	420,000	130849,969	131203,396	131204,396	131205,752	131206,155	131206,575	131206,955	47329,969	47523,396	47524,396	47525,752	47526,155	47526,575	47526,955	12,011	12,206	10,438	10,805	13,440	13,440	21,993	21,122	1,000	857,000	214,000	868,978	215,467
250,000	720,000	970,000	0,334	16,667	56,709	7,000	38,570	17,203	21,197	3,983	35,549	120,000	130849,969	131208,100	131209,101	131211,213	131211,465	131211,585	131212,194	47329,969	47528,100	47529,101	47531,213	47531,465	47531,585	47532,194	12,123	12,291	2,700	3,052	13,440	13,440	35,786	34,207	1,000	872,000	204,000	868,978	215,467
220,000	880,000	1100,000	0,130	37,500	45,653	5,000	37,608	17,818	13,935	11,245	35,837	330,000	130849,969	131213,173	131214,175	131216,077	131216,304	131216,634	131217,195	47329,969	47533,173	47534,175	47536,077	47536,305	47536,635	47537,195	12,855	12,684	7,980	8,315	13,440	13,440	39,568	39,715	1,000	868,000	220,000	868,978	215,467
230,000	740,000	970,000	0,226	29,730	38,274	4,000	37,693	17,914	18,925	6,255	34,169	220,000	130849,969	131218,518	131219,518	131222,868	131223,105	131223,325	131223,855	47329,969	47538,518	47539,518	47542,868	47543,105	47543,325	47543,855	12,801	12,802	4,201	4,820	13,440	13,440	22,395	27,367	1,000	877,000	215,000	868,978	215,467
270,000	1000,000	1270,000	0,350	44,000	52,091	11,000	37,576	17,375	11,533	13,647	36,923	440,000	130849,969	131226,436	131227,435	131228,831	131229,104	131229,544	131230,116	47329,969	47546,436	47547,435	47548,831	47549,104	47549,544	47550,116	12,405	12,376	9,858	9,678	13,440	13,440	9,852	10,808	1,000	861,000	225,000	868,978	215,467
240,000	890,000	1130,000	0,098	17,978	50,279	10,000	36,838	18,421	20,024	5,156	32,489	160,000	130849,969	131231,539	131232,540	131235,226	131235,474	131235,634	131236,375	47329,969	47551,539	47552,540	47555,226	47555,474	47555,634	47556,376	13,249	13,221	3,741	3,841	13,440	13,440	32,528	36,482	1,000	869,000	212,000	868,978	215,467
270,000	810,000	1080,000	0,359	20,988	34,064	8,000	37,836	18,128	20,917	4,264	33,829	170,000	130849,969	131237,462	131238,462	131242,155	131242,435	131242,605	131243,255	47329,969	47557,462	47558,462	47562,155	47562,435	47562,605	47563,255	13,053	12,886	3,027	3,169	13,440	13,440	19,683	25,121	1,000	880,000	209,000	868,978	215,467
30,000	20,000	50,000	18,705	0,000	0,000	0,000	30,236	0,000	25,180	0,000	30,236	0,000	130849,969	131244,383	131245,384	131247,031	131247,233	131247,233	131247,254	47329,969	47564,383	47565,384	47567,031	47567,233	47567,233	47567,254	0,000	0,000	0,000	0,000	13,440	13,440	NaN	NaN	1,000	401,000	688,000	868,978	215,467
260,000	840,000	1100,000	0,397	22,619	34,292	8,000	37,973	18,023	19,855	5,326	34,597	190,000	130849,969	131249,644	131250,644	131254,394	131254,665	131254,855	131255,515	47329,969	47569,644	47570,644	47574,394	47574,665	47574,855	47575,515	12,940	12,802	3,744	3,981	13,440	13,440	25,553	31,566	1,000	882,000	210,000	868,978	215,467
280,000	740,000	1020,000	0,499	17,568	44,765	6,000	38,483	17,766	21,652	3,528	34,554	130,000	130849,969	131256,753	131257,753	131259,765	131300,054	131300,184	131300,805	47329,969	47576,753	47577,753	47579,765	47580,054	47580,184	47580,805	12,712	12,601	2,392	2,696	13,440	13,440	23,195	25,906	1,000	884,000	206,000	868,978	215,467
