30,000	910,000	940,000	1,264	21,978	16,587	11,000	52,539	7,433	15,243	1,922	58,863	200,000	193214,951	193220,871	193221,871	193223,224	193223,425	193223,625	193224,345	70334,952	70340,871	70341,871	70343,224	70343,425	70343,625	70344,345	4,559	6,351	1,598	1,049	-13,440	13,440	1,960	10,034	1,000	608,000	241,000	571,022	215,467
30,000	370,000	400,000	18,626	59,459	2,686	3,000	57,024	0,431	16,897	0,269	57,146	220,000	193214,951	193231,122	193232,122	193234,752	193234,952	193235,172	193235,326	70334,952	70351,123	70352,123	70354,752	70354,952	70355,172	70355,326	0,367	0,226	0,238	0,169	-13,440	13,440	0,408	0,529	1,000	1045,000	678,000	571,022	215,467
600,000	830,000	1430,000	7,252	31,325	15,407	11,000	52,895	8,750	15,461	1,704	55,502	260,000	193214,951	193240,175	193241,175	193244,631	193245,235	193245,495	193246,076	70334,952	70360,175	70361,175	70364,631	70365,235	70365,495	70366,076	6,008	6,664	1,363	1,109	-13,440	13,440	7,822	7,114	1,000	748,000	403,000	571,022	215,467
310,000	90,000	400,000	19,020	0,000	0,405	0,000	58,253	0,030	17,165	0,000	58,330	0,000	193214,951	193249,604	193250,604	193253,773	193254,085	193254,085	193254,185	70334,952	70369,604	70370,604	70373,773	70374,086	70374,086	70374,185	0,000	0,057	0,000	0,000	-13,440	13,440	0,320	NaN	1,000	1078,000	663,000	571,022	215,467
450,000	980,000	1430,000	1,553	20,408	24,657	10,000	53,375	15,469	15,234	1,931	56,094	200,000	193214,951	193301,271	193302,271	193304,964	193305,415	193305,615	193306,406	70334,952	70381,271	70382,271	70384,964	70385,415	70385,615	70386,406	11,218	10,938	1,370	1,471	-13,440	13,440	0,588	10,718	1,000	605,000	259,000	571,022	215,467
530,000	900,000	1430,000	4,948	12,222	17,304	9,000	53,773	10,765	16,499	0,666	57,564	110,000	193214,951	193309,882	193310,883	193314,141	193314,675	193314,785	193315,585	70334,952	70389,882	70390,883	70394,141	70394,675	70394,785	70395,585	7,537	8,062	0,508	0,468	-13,440	13,440	5,452	5,617	1,000	714,000	318,000	571,022	215,467
560,000	870,000	1430,000	3,254	17,241	26,856	7,000	53,681	14,165	16,001	1,164	56,502	150,000	193214,951	193319,071	193320,071	193321,182	193321,745	193321,896	193322,626	70334,952	70399,071	70400,071	70401,182	70401,746	70401,896	70402,626	10,255	10,133	0,787	0,974	-13,440	13,440	3,536	8,710	1,000	656,000	294,000	571,022	215,467
410,000	1020,000	1430,000	4,949	14,706	23,981	9,000	53,316	12,749	16,636	0,529	55,695	150,000	193214,951	193325,991	193326,992	193330,378	193330,795	193330,945	193331,826	70334,952	70405,991	70406,992	70410,378	70410,795	70410,945	70411,826	9,300	9,032	0,315	0,476	-13,440	13,440	9,405	3,103	1,000	689,000	346,000	571,022	215,467
310,000	1120,000	1430,000	2,271	13,393	24,120	14,000	52,658	14,951	17,029	0,136	56,906	150,000	193214,951	193335,474	193336,473	193338,839	193339,156	193339,306	193340,285	70334,952	70415,474	70416,473	70418,839	70419,156	70419,306	70420,285	10,338	11,337	0,028	0,164	-13,440	13,440	13,727	0,199	1,000	644,000	250,000	571,022	215,467
660,000	770,000	1430,000	7,600	25,974	18,137	7,000	52,238	9,471	15,954	1,211	54,904	200,000	193214,951	193344,253	193345,253	193347,160	193347,826	193348,026	193348,607	70334,952	70424,253	70425,253	70427,161	70427,826	70428,026	70428,607	6,168	7,789	0,663	1,237	-13,440	13,440	9,991	5,523	1,000	779,000	388,000	571,022	215,467
110,000	20,000	130,000	17,910	0,000	0,000	0,000	57,273	0,000	17,165	0,000	57,273	0,000	193214,951	193351,835	193352,834	193354,581	193354,782	193354,782	193354,806	70334,952	70431,835	70432,835	70434,581	70434,782	70434,782	70434,806	0,000	0,000	0,000	0,000	-13,440	13,440	NaN	NaN	1,000	1027,000	660,000	571,022	215,467
420,000	1010,000	1430,000	3,630	29,703	20,705	12,000	53,783	13,428	15,290	1,875	56,267	300,000	193214,951	193401,014	193402,015	193405,527	193405,956	193406,256	193406,976	70334,952	70441,014	70442,015	70445,527	70445,956	70446,256	70446,976	9,837	9,516	1,385	1,418	-13,440	13,440	7,154	7,271	1,000	663,000	306,000	571,022	215,467
410,000	1020,000	1430,000	1,229	16,667	25,992	12,000	54,858	16,371	16,356	0,809	57,259	170,000	193214,951	193410,864	193411,864	193413,505	193413,925	193414,095	193414,955	70334,952	70450,864	70451,864	70453,505	70453,925	70454,095	70454,955	12,563	10,739	0,619	0,575	-13,440	13,440	9,351	4,669	1,000	575,000	259,000	571,022	215,467
550,000	880,000	1430,000	8,212	20,455	20,055	9,000	55,566	10,199	16,695	0,470	56,751	180,000	193214,951	193418,708	193419,708	193422,796	193423,356	193423,536	193424,245	70334,952	70458,708	70459,708	70462,796	70463,356	70463,536	70464,245	7,955	6,571	0,296	0,420	-13,440	13,440	12,474	2,196	1,000	768,000	431,000	571,022	215,467
740,000	690,000	1430,000	6,879	28,986	22,295	9,000	53,396	10,205	15,309	1,856	56,115	200,000	193214,951	193428,033	193429,033	193432,619	193433,366	193433,566	193434,066	70334,952	70468,033	70469,033	70472,619	70473,366	70473,566	70474,066	7,172	7,656	1,427	1,276	-13,440	13,440	11,737	10,031	1,000	752,000	380,000	571,022	215,467
590,000	840,000	1430,000	5,495	33,333	19,406	10,000	52,844	12,012	14,206	2,959	56,097	280,000	193214,951	193437,612	193438,612	193440,230	193440,826	193441,106	193441,675	70334,952	70477,612	70478,612	70480,230	70480,826	70481,106	70481,675	8,409	9,000	2,349	2,010	-13,440	13,440	0,038	13,318	1,000	724,000	337,000	571,022	215,467
360,000	20,000	380,000	17,997	0,000	0,000	0,000	55,945	0,000	17,165	0,000	55,945	0,000	193214,951	193444,836	193445,837	193449,426	193449,796	193449,796	193449,826	70334,952	70484,836	70485,837	70489,426	70489,796	70489,796	70489,826	0,000	0,000	0,000	0,000	-13,440	13,440	NaN	NaN	1,000	1009,000	682,000	571,022	215,467
510,000	920,000	1430,000	8,300	16,304	21,053	10,000	52,829	9,914	17,087	0,079	56,236	150,000	193214,951	193453,867	193454,867	193458,429	193458,945	193459,095	193459,875	70334,952	70493,867	70494,867	70498,429	70498,945	70499,095	70499,876	6,693	7,824	0,026	0,112	-13,440	13,440	16,606	0,051	1,000	806,000	394,000	571,022	215,467
30,000	220,000	250,000	19,901	95,455	2,646	0,000	55,349	0,307	16,860	0,305	55,349	210,000	193214,951	193504,011	193505,010	193507,270	193507,472	193507,682	193507,695	70334,952	70504,011	70505,010	70507,270	70507,472	70507,682	70507,695	0,199	0,253	0,198	0,254	-13,440	13,440	NaN	0,966	1,000	1062,000	725,000	571,022	215,467
440,000	990,000	1430,000	4,187	21,212	21,356	10,000	54,147	14,149	15,708	1,457	56,417	210,000	193214,951	193512,034	193513,034	193515,837	193516,285	193516,495	193517,285	70334,952	70512,034	70513,034	70515,837	70516,286	70516,496	70517,285	10,351	9,916	1,024	1,098	-13,440	13,440	7,376	7,436	1,000	677,000	320,000	571,022	215,467
490,000	940,000	1430,000	1,462	29,787	27,297	8,000	52,400	16,158	13,531	3,635	55,734	280,000	193214,951	193520,287	193521,287	193522,438	193522,936	193523,216	193523,887	70334,952	70520,287	70521,287	70522,438	70522,936	70523,216	70523,887	11,450	11,767	2,861	2,492	-13,440	13,440	6,407	14,989	1,000	607,000	253,000	571,022	215,467
480,000	950,000	1430,000	2,727	23,158	25,319	6,000	52,072	15,056	14,757	2,408	56,494	220,000	193214,951	193526,578	193527,578	193529,285	193529,765	193529,985	193530,725	70334,952	70526,578	70527,578	70529,285	70529,765	70529,985	70530,725	10,087	11,784	1,821	1,796	-13,440	13,440	5,685	12,836	1,000	664,000	243,000	571,022	215,467
100,000	200,000	300,000	19,662	90,000	1,209	1,000	55,738	0,087	17,084	0,082	55,738	180,000	193214,951	193533,394	193534,394	193536,241	193536,442	193536,622	193536,646	70334,952	70533,394	70534,394	70536,241	70536,442	70536,622	70536,646	0,028	0,113	0,028	0,104	-13,440	13,440	NaN	0,053	1,000	1057,000	718,000	571,022	215,467
360,000	1070,000	1430,000	1,153	14,953	26,058	12,000	54,110	16,176	16,590	0,575	56,802	160,000	193214,951	193540,998	193541,998	193543,889	193544,257	193544,417	193545,336	70334,952	70540,998	70541,998	70543,889	70544,257	70544,417	70545,336	12,059	11,090	0,388	0,447	-13,440	13,440	12,537	2,282	1,000	585,000	254,000	571,022	215,467
460,000	970,000	1430,000	1,183	23,711	27,668	10,000	53,089	17,017	14,422	2,743	55,839	230,000	193214,951	193548,305	193549,306	193550,483	193550,946	193551,176	193551,926	70334,952	70548,306	70549,306	70550,483	70550,946	70551,176	70551,926	12,483	11,839	2,105	1,988	-13,440	13,440	10,798	16,066	1,000	590,000	253,000	571,022	215,467
30,000	110,000	140,000	17,930	90,909	0,545	0,000	57,231	0,039	17,128	0,038	57,231	100,000	193214,951	193555,037	193556,037	193557,787	193557,987	193558,087	193558,106	70334,952	70555,037	70556,037	70557,787	70557,988	70558,088	70558,106	0,000	0,029	0,000	0,026	-13,440	13,440	NaN	0,265	1,000	1028,000	660,000	571,022	215,467
280,000	20,000	300,000	19,627	0,000	0,000	0,000	57,190	0,000	17,165	0,000	57,190	0,000	193214,951	193603,386	193604,387	193606,982	193607,266	193607,266	193607,295	70334,952	70563,386	70564,387	70566,982	70567,266	70567,266	70567,295	0,000	0,000	0,000	0,000	-13,440	13,440	NaN	NaN	1,000	1078,000	695,000	571,022	215,467
330,000	230,000	560,000	20,494	47,826	2,758	2,000	56,176	0,297	16,965	0,200	56,164	110,000	193214,951	193610,936	193611,936	193613,876	193614,216	193614,326	193614,455	70334,952	70570,936	70571,936	70573,876	70574,216	70574,326	70574,455	0,198	0,197	0,131	0,150	-13,440	13,440	0,827	1,255	1,000	1088,000	729,000	571,022	215,467
600,000	20,000	620,000	19,193	0,000	0,000	0,000	57,512	0,000	17,165	0,000	57,512	0,000	193214,951	193618,024	193619,024	193620,571	193621,176	193621,176	193621,207	70334,952	70578,024	70579,024	70580,572	70581,176	70581,176	70581,207	0,000	0,000	0,000	0,000	-13,440	13,440	NaN	NaN	1,000	1070,000	681,000	571,022	215,467
180,000	80,000	260,000	18,946	0,000	0,912	0,000	56,082	0,041	17,165	0,000	56,094	0,000	193214,951	193624,693	193625,692	193626,746	193626,947	193626,947	193627,035	70334,952	70584,693	70585,692	70586,746	70586,947	70586,947	70587,035	0,030	0,030	0,000	0,000	-13,440	13,440	0,142	NaN	1,000	1039,000	700,000	571,022	215,467
240,000	220,000	460,000	19,858	86,364	0,909	1,000	56,039	0,079	17,102	0,064	56,039	190,000	193214,951	193631,771	193632,772	193635,465	193635,715	193635,905	193635,946	70334,952	70591,771	70592,772	70595,465	70595,715	70595,905	70595,946	0,058	0,057	0,048	0,057	-13,440	13,440	NaN	0,151	1,000	1067,000	718,000	571,022	215,467
30,000	30,000	60,000	17,710	0,000	0,000	0,000	56,677	0,000	17,165	0,000	56,677	0,000	193214,951	193640,802	193641,803	193645,205	193645,406	193645,406	193645,445	70334,952	70600,803	70601,803	70605,205	70605,406	70605,406	70605,445	0,000	0,000	0,000	0,000	-13,440	13,440	NaN	NaN	1,000	1013,000	664,000	571,022	215,467
390,000	1040,000	1430,000	2,801	11,538	22,254	10,000	55,583	13,066	16,783	0,383	58,747	120,000	193214,951	193651,755	193652,756	193655,841	193656,237	193656,357	193657,286	70334,952	70611,755	70612,756	70615,841	70616,237	70616,357	70617,286	9,856	8,857	0,351	0,142	-13,440	13,440	4,613	3,353	1,000	655,000	269,000	571,022	215,467
380,000	150,000	530,000	18,657	93,333	4,678	0,000	56,926	0,465	16,700	0,465	56,926	140,000	193214,951	193700,114	193701,115	193702,229	193702,616	193702,756	193702,775	70334,952	70620,115	70621,115	70622,229	70622,616	70622,756	70622,775	0,141	0,596	0,141	0,595	-13,440	13,440	NaN	4,216	1,000	1067,000	656,000	571,022	215,467
30,000	200,000	230,000	18,379	95,000	6,516	0,000	57,820	0,622	16,545	0,620	57,820	190,000	193214,951	193707,013	193708,014	193709,066	193709,267	193709,457	193709,475	70334,952	70627,013	70628,014	70629,066	70629,267	70629,457	70629,475	0,537	0,226	0,537	0,226	-13,440	13,440	NaN	1,031	1,000	1060,000	649,000	571,022	215,467
410,000	1020,000	1430,000	3,722	13,725	22,927	16,000	53,006	13,161	16,861	0,305	56,968	140,000	193214,951	193713,189	193714,189	193716,677	193717,097	193717,237	193718,125	70334,952	70633,189	70634,189	70636,677	70637,097	70637,237	70638,125	9,106	10,016	0,203	0,209	-13,440	13,440	20,624	1,164	1,000	683,000	286,000	571,022	215,467
670,000	760,000	1430,000	4,957	35,526	26,721	10,000	54,940	12,918	14,673	2,492	55,612	270,000	193214,951	193720,674	193721,675	193725,440	193726,116	193726,386	193726,885	70334,952	70640,675	70641,675	70645,440	70646,116	70646,386	70646,885	10,051	8,329	1,775	1,961	-13,440	13,440	11,238	8,962	1,000	652,000	372,000	571,022	215,467
30,000	150,000	180,000	18,844	93,333	1,313	0,000	56,779	0,087	17,081	0,084	56,779	140,000	193214,951	193729,738	193730,738	193732,153	193732,354	193732,495	193732,505	70334,952	70649,738	70650,738	70652,153	70652,355	70652,495	70652,506	0,058	0,028	0,057	0,028	-13,440	13,440	NaN	0,071	1,000	1047,000	687,000	571,022	215,467
270,000	1160,000	1430,000	2,308	12,931	27,814	12,000	51,738	15,643	17,048	0,118	56,860	150,000	193214,951	193736,480	193737,480	193740,443	193740,716	193740,866	193741,885	70334,952	70656,480	70657,480	70660,443	70660,716	70660,866	70661,885	10,394	12,438	0,028	0,172	-13,440	13,440	10,143	0,978	1,000	653,000	212,000	571,022	215,467
400,000	1030,000	1430,000	2,195	12,621	17,916	12,000	56,162	10,416	16,913	0,252	61,154	130,000	193214,951	193745,291	193746,290	193749,270	193749,676	193749,806	193750,716	70334,952	70665,291	70666,290	70669,270	70669,676	70669,806	70670,716	7,310	8,109	0,236	0,085	-13,440	13,440	9,275	1,472	1,000	649,000	219,000	571,022	215,467
