60,000	240,000	300,000	3,375	45,833	1,165	3,000	58,198	0,152	17,128	0,037	58,609	110,000	112048,143	112118,338	112119,340	112123,221	112123,422	112123,532	112123,670	40848,143	40878,338	40879,340	40883,221	40883,422	40883,532	40883,670	0,056	0,198	0,010	0,067	-13,440	13,440	0,720	0,327	1,000	504,000	315,000	571,022	215,467
590,000	840,000	1430,000	2,335	15,476	31,560	8,000	54,113	14,725	14,212	2,953	55,881	130,000	112048,143	112130,613	112131,612	112134,319	112134,910	112135,040	112135,761	40848,143	40890,613	40891,612	40894,319	40894,910	40895,040	40895,762	10,866	9,948	2,006	2,313	-13,440	13,440	3,091	22,383	1,000	598,000	294,000	571,022	215,467
30,000	1400,000	1430,000	14,417	15,714	31,621	16,000	61,533	10,205	16,969	0,197	61,319	220,000	112048,143	112140,804	112141,805	112144,104	112144,305	112144,525	112145,712	40848,143	40900,804	40901,805	40904,104	40904,305	40904,525	40905,712	8,837	5,134	0,059	0,310	-13,440	13,440	21,653	0,022	1,000	967,000	541,000	571,022	215,467
490,000	580,000	1070,000	5,285	39,655	39,577	2,000	53,823	12,697	11,715	5,451	54,651	230,000	112048,143	112147,168	112148,168	112150,098	112150,590	112150,820	112151,181	40848,143	40907,169	40908,169	40910,098	40910,590	40910,820	40911,181	9,141	8,973	3,683	4,485	-13,440	13,440	27,587	28,776	1,000	698,000	354,000	571,022	215,467
500,000	930,000	1430,000	1,873	16,129	33,637	8,000	50,591	15,753	14,039	3,126	55,334	150,000	112048,143	112154,565	112155,566	112156,867	112157,371	112157,520	112158,311	40848,143	40914,565	40915,566	40916,867	40917,371	40917,521	40918,311	10,089	12,729	2,264	2,409	-13,440	13,440	12,575	21,757	1,000	636,000	230,000	571,022	215,467
1300,000	100,000	1400,000	15,555	90,000	2,476	0,000	56,838	0,174	16,994	0,171	56,838	90,000	112048,143	112201,650	112202,650	112204,769	112206,072	112206,162	112206,181	40848,143	40921,650	40922,650	40924,769	40926,072	40926,162	40926,181	0,115	0,057	0,115	0,054	-13,440	13,440	NaN	2,211	1,000	946,000	622,000	571,022	215,467
560,000	870,000	1430,000	3,675	19,540	32,303	8,000	54,360	14,169	14,372	2,793	55,414	170,000	112048,143	112211,782	112212,782	112214,570	112215,131	112215,301	112216,010	40848,143	40931,782	40932,782	40934,570	40935,131	40935,301	40936,010	10,695	9,551	1,977	2,222	-13,440	13,440	19,194	18,716	1,000	626,000	334,000	571,022	215,467
490,000	760,000	1250,000	4,405	13,158	43,150	6,000	52,539	14,101	17,099	0,067	56,144	100,000	112048,143	112222,878	112223,877	112226,352	112226,850	112226,950	112227,620	40848,143	40942,878	40943,877	40946,353	40946,850	40946,950	40947,620	9,872	10,380	0,026	0,049	-13,440	13,440	1,496	0,492	1,000	682,000	326,000	571,022	215,467
330,000	1100,000	1430,000	1,097	10,909	29,718	14,000	53,792	15,766	17,077	0,088	57,049	120,000	112048,143	112234,663	112235,663	112239,407	112239,740	112239,860	112240,850	40848,143	40954,663	40955,663	40959,407	40959,741	40959,861	40960,850	11,650	11,048	0,057	0,030	-13,440	13,440	25,157	0,681	1,000	594,000	247,000	571,022	215,467
440,000	990,000	1430,000	0,905	33,333	34,062	6,000	52,357	18,615	9,504	7,662	54,356	330,000	112048,143	112243,817	112244,817	112246,624	112247,070	112247,400	112248,071	40848,143	40963,817	40964,817	40966,624	40967,070	40967,400	40968,071	13,256	13,318	5,516	5,637	-13,440	13,440	6,240	24,866	1,000	548,000	193,000	571,022	215,467
800,000	420,000	1220,000	7,006	97,619	38,662	0,000	53,684	10,556	6,608	10,558	53,684	410,000	112048,143	112251,383	112252,384	112255,933	112256,741	112257,151	112257,170	40848,143	40971,383	40972,384	40975,934	40976,741	40977,151	40977,170	7,397	7,511	7,398	7,510	-13,440	13,440	NaN	9,917	1,000	735,000	403,000	571,022	215,467
640,000	790,000	1430,000	5,462	25,316	28,207	8,000	54,078	11,328	15,269	1,896	56,503	200,000	112048,143	112304,321	112305,321	112307,592	112308,271	112308,471	112309,071	40848,143	40984,321	40985,321	40987,593	40988,271	40988,471	40989,071	8,121	8,204	1,375	1,366	-13,440	13,440	11,994	5,028	1,000	704,000	357,000	571,022	215,467
630,000	800,000	1430,000	2,062	15,000	33,273	7,000	54,588	13,311	14,572	2,593	56,759	120,000	112048,143	112317,019	112318,018	112320,444	112321,080	112321,200	112321,891	40848,143	40997,019	40998,018	41000,444	41001,080	41001,200	41001,891	9,737	9,293	1,822	2,033	-13,440	13,440	11,506	21,996	1,000	620,000	270,000	571,022	215,467
750,000	680,000	1430,000	3,669	29,412	31,091	6,000	53,796	12,451	11,904	5,261	54,845	200,000	112048,143	112326,242	112327,241	112329,737	112330,500	112330,700	112331,190	40848,143	41006,242	41007,241	41009,737	41010,500	41010,700	41011,190	8,843	8,926	3,469	4,263	-13,440	13,440	12,730	26,167	1,000	663,000	308,000	571,022	215,467
30,000	230,000	260,000	6,682	73,913	1,255	1,000	53,597	0,113	17,081	0,084	53,552	170,000	112048,143	112334,701	112335,701	112338,312	112338,513	112338,683	112338,750	40848,143	41014,701	41015,701	41018,312	41018,513	41018,683	41018,751	0,058	0,113	0,028	0,104	-13,440	13,440	0,340	0,031	1,000	609,000	450,000	571,022	215,467
560,000	870,000	1430,000	2,294	17,241	28,220	9,000	53,327	14,006	14,465	2,700	55,962	150,000	112048,143	112347,577	112348,577	112350,046	112350,610	112350,760	112351,491	40848,143	41027,578	41028,577	41030,046	41030,610	41030,760	41031,491	9,953	10,158	1,832	2,158	-13,440	13,440	14,771	20,245	1,000	612,000	286,000	571,022	215,467
30,000	270,000	300,000	13,629	77,778	15,561	1,000	56,709	0,773	16,416	0,749	56,681	210,000	112048,143	112355,979	112356,979	112358,525	112358,725	112358,935	112359,001	40848,143	41035,979	41036,979	41038,525	41038,725	41038,935	41039,001	0,648	0,422	0,620	0,422	-13,440	13,440	0,976	0,908	1,000	888,000	582,000	571,022	215,467
30,000	20,000	50,000	18,093	0,000	0,000	0,000	57,565	0,000	17,165	0,000	57,565	0,000	112048,143	112406,022	112407,022	112408,379	112408,579	112408,579	112408,601	40848,143	41046,022	41047,022	41048,379	41048,579	41048,579	41048,601	0,000	0,000	0,000	0,000	-13,440	13,440	NaN	NaN	1,000	1037,000	659,000	571,022	215,467
740,000	690,000	1430,000	5,639	33,333	30,036	7,000	53,076	11,219	13,099	4,066	55,667	230,000	112048,143	112415,802	112416,803	112419,057	112419,803	112420,033	112420,500	40848,143	41055,802	41056,803	41059,057	41059,803	41060,033	41060,500	7,802	8,427	3,139	2,804	-13,440	13,440	8,280	16,424	1,000	714,000	356,000	571,022	215,467
180,000	80,000	260,000	17,651	0,000	1,172	0,000	56,809	0,072	17,163	0,002	56,818	0,000	112048,143	112425,547	112426,547	112427,893	112428,095	112428,095	112428,181	40848,143	41065,547	41066,547	41067,893	41068,095	41068,095	41068,181	0,058	0,000	0,003	0,000	-13,440	13,440	0,851	NaN	1,000	1012,000	662,000	571,022	215,467
300,000	1130,000	1430,000	6,236	12,389	28,172	16,000	53,457	12,405	16,973	0,192	56,485	140,000	112048,143	112437,540	112438,541	112440,063	112440,371	112440,511	112441,511	40848,143	41077,540	41078,541	41080,063	41080,371	41080,511	41081,511	8,868	9,014	0,143	0,105	-13,440	13,440	18,536	1,075	1,000	725,000	375,000	571,022	215,467
530,000	40,000	570,000	17,352	0,000	0,351	0,000	57,156	0,016	17,164	0,001	57,196	0,000	112048,143	112449,641	112450,641	112454,130	112454,661	112454,661	112454,711	40848,143	41089,641	41090,642	41094,130	41094,661	41094,661	41094,711	0,000	0,029	0,000	0,003	-13,440	13,440	0,016	NaN	1,000	1009,000	650,000	571,022	215,467
670,000	760,000	1430,000	4,059	17,105	32,046	6,000	52,584	15,300	15,332	1,833	56,504	130,000	112048,143	112502,648	112503,647	112506,905	112507,580	112507,711	112508,351	40848,143	41102,648	41103,647	41106,905	41107,581	41107,711	41108,351	10,706	11,310	1,631	1,128	-13,440	13,440	1,257	13,034	1,000	685,000	304,000	571,022	215,467
790,000	640,000	1430,000	4,425	42,187	41,497	4,000	51,003	14,808	14,199	2,966	54,873	270,000	112048,143	112518,587	112519,589	112521,244	112522,041	112522,311	112522,690	40848,143	41118,588	41119,589	41121,244	41122,041	41122,311	41122,690	8,717	13,506	1,180	3,792	-13,440	13,440	13,090	16,521	1,000	715,000	152,000	571,022	215,467
860,000	570,000	1430,000	7,485	19,298	25,461	8,000	56,336	8,211	16,260	0,906	55,902	110,000	112048,143	112539,080	112540,080	112543,530	112544,402	112544,512	112544,982	40848,143	41139,080	41140,080	41143,530	41144,402	41144,512	41144,982	6,878	4,666	0,644	0,756	-13,440	13,440	15,368	8,229	1,000	687,000	455,000	571,022	215,467
620,000	810,000	1430,000	3,249	32,099	58,938	2,000	55,468	17,560	15,746	1,419	57,872	260,000	112048,143	112610,067	112611,067	112613,389	112614,011	112614,272	112614,830	40848,143	41170,067	41171,067	41173,389	41174,012	41174,272	41174,831	13,867	10,806	1,426	0,485	-13,440	13,440	2,486	7,295	1,000	586,000	330,000	571,022	215,467
990,000	440,000	1430,000	17,075	40,909	18,354	2,000	59,412	2,535	15,926	1,240	58,704	180,000	112048,143	112632,647	112633,647	112636,821	112637,821	112638,001	112638,270	40848,143	41192,647	41193,647	41196,821	41197,821	41198,001	41198,270	2,382	0,788	1,031	0,536	-13,440	13,440	0,966	0,394	1,000	1005,000	640,000	571,022	215,467
850,000	580,000	1430,000	8,449	27,586	40,215	6,000	54,794	10,020	16,954	0,212	56,597	160,000	112048,143	112652,818	112653,818	112656,110	112656,970	112657,130	112657,560	40848,143	41212,819	41213,818	41216,110	41216,970	41217,130	41217,560	7,540	6,979	0,113	0,170	-13,440	13,440	34,598	0,446	1,000	775,000	436,000	571,022	215,467
30,000	830,000	860,000	14,005	18,072	1,986	13,000	64,242	0,586	17,072	0,094	64,910	150,000	112048,143	112705,369	112706,369	112707,830	112708,031	112708,181	112708,870	40848,143	41225,369	41226,369	41227,830	41228,031	41228,181	41228,870	0,340	0,649	0,057	0,106	-13,440	13,440	0,698	0,640	1,000	991,000	483,000	571,022	215,467
30,000	210,000	240,000	5,324	66,667	3,204	2,000	60,070	0,274	16,989	0,176	60,163	140,000	112048,143	112725,500	112726,500	112728,327	112728,528	112728,668	112728,741	40848,143	41245,500	41246,500	41248,327	41248,528	41248,668	41248,741	0,169	0,255	0,133	0,160	-13,440	13,440	1,655	1,023	1,000	661,000	382,000	571,022	215,467
130,000	630,000	760,000	10,847	31,746	4,322	6,000	55,958	1,396	16,751	0,414	56,608	200,000	112048,143	112747,375	112748,375	112750,766	112750,967	112751,167	112751,602	40848,143	41267,375	41268,375	41270,767	41270,967	41271,167	41271,602	0,874	1,209	0,245	0,400	-13,440	13,440	0,118	1,020	1,000	797,000	528,000	571,022	215,467
770,000	660,000	1430,000	5,936	86,364	33,499	2,000	57,892	9,836	7,931	9,235	58,364	570,000	112048,143	112804,036	112805,035	112808,458	112809,262	112809,832	112809,931	40848,143	41284,036	41285,035	41288,458	41289,262	41289,832	41289,931	8,129	5,506	7,838	5,103	-13,440	13,440	9,439	22,091	1,000	677,000	398,000	571,022	215,467
840,000	590,000	1430,000	12,433	22,034	24,593	4,000	55,668	6,378	16,869	0,297	56,680	130,000	112048,143	112828,982	112829,982	112833,665	112834,512	112834,642	112835,111	40848,143	41308,982	41309,982	41313,665	41314,512	41314,642	41315,111	4,943	4,051	0,252	0,170	-13,440	13,440	0,517	2,184	1,000	869,000	542,000	571,022	215,467
870,000	560,000	1430,000	6,290	42,857	43,052	2,000	56,814	12,583	13,130	4,035	58,105	240,000	112048,143	112853,562	112854,564	112858,389	112859,260	112859,500	112859,830	40848,143	41333,562	41334,564	41338,389	41339,260	41339,500	41339,831	10,384	7,072	3,784	1,938	-13,440	13,440	12,928	24,741	1,000	674,000	414,000	571,022	215,467
1070,000	360,000	1430,000	14,271	72,222	18,757	1,000	56,338	3,216	15,616	1,549	57,100	260,000	112048,143	112913,482	112914,483	112915,583	112916,662	112916,922	112917,031	40848,143	41353,483	41354,483	41355,583	41356,662	41356,922	41357,031	2,582	2,060	1,382	0,888	-13,440	13,440	11,309	6,506	1,000	924,000	580,000	571,022	215,467
800,000	630,000	1430,000	13,335	20,635	10,164	8,000	57,348	4,005	16,856	0,309	56,687	130,000	112048,143	112935,258	112936,257	112939,319	112940,121	112940,251	112940,761	40848,143	41375,258	41376,257	41379,319	41380,121	41380,251	41380,761	3,642	1,815	0,258	0,162	-13,440	13,440	5,326	2,051	1,000	873,000	581,000	571,022	215,467
780,000	650,000	1430,000	8,166	46,154	25,216	3,000	54,631	8,191	13,544	3,621	55,161	300,000	112048,143	112955,874	112956,874	112959,810	113000,631	113000,931	113001,291	40848,143	41395,874	41396,874	41399,810	41400,631	41400,931	41401,291	6,551	5,081	2,935	1,944	-13,440	13,440	21,138	0,552	1,000	726,000	461,000	571,022	215,467
1100,000	210,000	1310,000	3,109	61,905	0,903	2,000	60,018	0,102	17,088	0,077	59,975	130,000	112048,143	113018,269	113019,271	113021,391	113022,500	113022,630	113022,721	40848,143	41418,270	41419,271	41421,392	41422,500	41422,630	41422,721	0,086	0,056	0,057	0,054	-13,440	13,440	0,340	0,497	1,000	572,000	326,000	571,022	215,467
230,000	90,000	320,000	19,129	0,000	0,533	0,000	55,667	0,040	17,164	0,001	55,679	0,000	112048,143	113047,797	113048,797	113050,249	113050,482	113050,482	113050,581	40848,143	41447,797	41448,797	41450,249	41450,482	41450,482	41450,581	0,030	0,028	0,000	0,003	-13,440	13,440	0,344	NaN	1,000	1039,000	709,000	571,022	215,467
30,000	220,000	250,000	0,390	95,455	2,415	0,000	68,437	0,293	16,874	0,291	68,437	210,000	112048,143	113051,175	113052,174	113053,490	113053,691	113053,901	113053,921	40848,143	41451,175	41452,174	41453,490	41453,691	41453,901	41453,921	0,227	0,226	0,226	0,226	-13,440	13,440	NaN	1,163	1,000	568,000	229,000	571,022	215,467
