1950,000	310,000	2260,000	8,028	45,161	8,520	3,000	51,361	1,778	24,157	1,023	52,191	140,000	193955,135	194006,147	194007,147	194008,293	194010,245	194010,385	194010,565	70795,135	70806,147	70807,147	70808,293	70810,245	70810,385	70810,565	0,987	1,552	0,627	0,859	13,440	13,440	4,332	7,224	1,000	683,000	432,000	868,978	215,467
2160,000	500,000	2660,000	21,409	38,000	15,756	6,000	33,393	3,010	24,545	0,635	32,079	190,000	193955,135	194016,205	194017,205	194019,460	194021,647	194021,837	194022,155	70795,135	70816,205	70817,205	70819,460	70821,647	70821,837	70822,155	2,424	2,028	0,691	0,352	13,440	13,440	2,096	4,083	1,000	329,000	752,000	868,978	215,467
500,000	930,000	1430,000	8,112	11,828	19,036	11,000	31,369	9,820	25,119	0,061	31,383	110,000	193955,135	194028,492	194029,492	194032,256	194032,765	194032,875	194033,705	70795,135	70828,492	70829,492	70832,256	70832,765	70832,875	70833,705	5,110	8,433	0,042	0,054	13,440	13,440	11,865	0,335	1,000	603,000	327,000	868,978	215,467
520,000	910,000	1430,000	6,110	31,868	16,251	10,000	32,451	11,694	22,215	2,965	31,590	290,000	193955,135	194045,565	194046,566	194048,348	194048,875	194049,165	194049,795	70795,135	70845,565	70846,566	70848,348	70848,875	70849,165	70849,795	6,681	9,655	1,679	2,477	13,440	13,440	3,379	10,164	1,000	678,000	319,000	868,978	215,467
610,000	820,000	1430,000	7,193	24,390	18,710	9,000	32,189	10,865	23,657	1,523	30,697	200,000	193955,135	194055,458	194056,458	194058,733	194059,346	194059,546	194100,175	70795,135	70855,458	70856,458	70858,733	70859,346	70859,546	70860,175	6,346	8,874	0,835	1,269	13,440	13,440	8,255	7,161	1,000	654,000	354,000	868,978	215,467
30,000	220,000	250,000	17,537	95,455	3,357	0,000	34,436	0,361	24,822	0,358	34,436	210,000	193955,135	194103,692	194104,691	194106,435	194106,636	194106,846	194106,866	70795,135	70863,692	70864,691	70866,435	70866,636	70866,846	70866,866	0,198	0,282	0,198	0,279	13,440	13,440	NaN	0,766	1,000	440,000	668,000	868,978	215,467
680,000	750,000	1430,000	10,179	26,667	16,236	10,000	31,670	7,922	23,838	1,342	30,564	200,000	193955,135	194114,297	194115,298	194119,085	194119,767	194119,967	194120,525	70795,135	70874,297	70875,298	70879,085	70879,767	70879,967	70880,525	4,714	6,434	0,826	1,090	13,440	13,440	6,463	5,631	1,000	582,000	436,000	868,978	215,467
500,000	930,000	1430,000	6,787	19,355	18,182	14,000	33,303	11,059	23,780	1,400	31,576	180,000	193955,135	194125,092	194126,093	194128,710	194129,215	194129,395	194130,155	70795,135	70885,092	70886,093	70888,710	70889,215	70889,395	70890,155	6,849	8,756	0,940	1,067	13,440	13,440	5,053	7,104	1,000	675,000	359,000	868,978	215,467
420,000	1010,000	1430,000	4,930	18,812	18,336	10,000	34,010	13,000	23,740	1,440	31,357	190,000	193955,135	194133,946	194134,946	194137,199	194137,626	194137,816	194138,647	70795,135	70893,947	70894,946	70897,199	70897,626	70897,816	70898,647	8,394	10,087	0,971	1,125	13,440	13,440	2,747	7,283	1,000	722,000	311,000	868,978	215,467
490,000	940,000	1430,000	5,347	20,213	19,340	10,000	34,478	12,433	23,730	1,450	31,979	190,000	193955,135	194146,158	194147,158	194150,912	194151,406	194151,596	194152,355	70795,135	70906,158	70907,158	70910,912	70911,406	70911,596	70912,355	8,170	9,526	1,001	1,118	13,440	13,440	3,173	6,588	1,000	715,000	327,000	868,978	215,467
430,000	1000,000	1430,000	4,173	12,000	21,245	9,000	35,247	13,441	24,501	0,679	31,805	120,000	193955,135	194155,966	194156,966	194159,865	194200,307	194200,427	194201,317	70795,135	70915,966	70916,966	70919,865	70920,307	70920,427	70921,317	8,941	10,193	0,402	0,551	13,440	13,440	3,529	5,084	1,000	739,000	287,000	868,978	215,467
590,000	840,000	1430,000	7,136	20,238	19,053	7,000	34,429	9,982	23,836	1,344	31,871	170,000	193955,135	194204,882	194205,882	194208,837	194209,436	194209,606	194210,286	70795,135	70924,882	70925,882	70928,837	70929,436	70929,606	70930,286	6,607	7,644	0,848	1,082	13,440	13,440	4,339	6,158	1,000	675,000	379,000	868,978	215,467
510,000	920,000	1430,000	4,877	25,000	24,922	7,000	33,711	13,272	23,460	1,720	31,151	230,000	193955,135	194213,577	194214,577	194218,277	194218,795	194219,025	194219,726	70795,135	70933,577	70934,577	70938,277	70938,795	70939,025	70939,726	8,507	10,350	1,169	1,338	13,440	13,440	3,610	7,153	1,000	717,000	299,000	868,978	215,467
560,000	870,000	1430,000	3,607	34,483	25,476	8,000	35,068	13,877	20,820	4,360	33,506	300,000	193955,135	194223,028	194224,028	194226,895	194227,466	194227,766	194228,345	70795,135	70943,028	70944,028	70946,895	70947,466	70947,766	70948,345	9,104	10,623	3,136	3,220	13,440	13,440	8,387	17,199	1,000	752,000	268,000	868,978	215,467
470,000	960,000	1430,000	3,208	14,583	22,750	15,000	34,150	14,725	23,672	1,508	31,719	140,000	193955,135	194231,577	194232,576	194235,402	194235,875	194236,015	194236,845	70795,135	70951,577	70952,576	70955,402	70955,875	70956,015	70956,846	9,209	11,584	0,946	1,208	13,440	13,440	1,449	11,398	1,000	762,000	255,000	868,978	215,467
160,000	60,000	220,000	19,063	0,000	0,896	0,000	29,533	0,040	25,180	0,000	29,506	0,000	193955,135	194244,682	194245,684	194248,421	194248,622	194248,622	194248,685	70795,135	70964,682	70965,684	70968,421	70968,622	70968,622	70968,685	0,029	0,029	0,003	0,000	13,440	13,440	0,130	NaN	1,000	394,000	699,000	868,978	215,467
620,000	810,000	1430,000	6,674	37,037	24,911	10,000	29,411	13,491	22,280	2,900	25,073	300,000	193955,135	194249,277	194250,277	194253,928	194254,555	194254,856	194255,375	70795,135	70969,277	70970,277	70973,928	70974,556	70974,856	70975,375	8,776	10,749	1,881	2,361	13,440	13,440	6,964	12,419	1,000	664,000	335,000	868,978	215,467
490,000	940,000	1430,000	3,681	28,723	19,745	11,000	35,163	13,916	21,697	3,483	32,600	270,000	193955,135	194259,331	194300,331	194301,854	194302,347	194302,617	194303,295	70795,135	70979,331	70980,331	70981,854	70982,347	70982,617	70983,295	9,264	10,561	2,274	2,724	13,440	13,440	3,089	12,673	1,000	754,000	278,000	868,978	215,467
490,000	940,000	1430,000	3,042	22,340	24,670	8,000	34,935	14,851	23,590	1,590	31,880	210,000	193955,135	194306,587	194307,587	194310,897	194311,397	194311,607	194312,345	70795,135	70986,587	70987,587	70990,897	70991,397	70991,607	70992,345	9,762	11,357	1,100	1,203	13,440	13,440	7,020	6,881	1,000	775,000	269,000	868,978	215,467
440,000	990,000	1430,000	3,222	49,495	21,951	6,000	34,842	14,373	19,341	5,839	33,675	490,000	193955,135	194319,453	194320,453	194323,822	194324,265	194324,755	194325,265	70795,135	70999,453	71000,453	71003,822	71004,265	71004,755	71005,265	9,475	11,012	4,256	4,282	13,440	13,440	9,246	17,263	1,000	773,000	278,000	868,978	215,467
540,000	890,000	1430,000	4,211	28,090	21,297	10,000	34,438	13,678	22,401	2,780	32,221	250,000	193955,135	194328,546	194329,546	194333,163	194333,705	194333,955	194334,605	70795,135	71008,546	71009,546	71013,163	71013,705	71013,955	71014,605	8,844	10,593	1,756	2,234	13,440	13,440	0,203	14,737	1,000	738,000	288,000	868,978	215,467
570,000	860,000	1430,000	4,413	36,047	25,603	8,000	33,219	13,875	22,057	3,123	30,670	310,000	193955,135	194340,287	194341,287	194342,552	194343,125	194343,435	194343,996	70795,135	71020,287	71021,287	71022,552	71023,125	71023,435	71023,996	8,801	10,910	1,905	2,552	13,440	13,440	5,811	11,905	1,000	732,000	292,000	868,978	215,467
110,000	80,000	190,000	12,170	0,000	0,450	0,000	47,064	0,020	25,180	0,000	47,117	0,000	193955,135	194347,460	194348,460	194350,839	194351,039	194351,039	194351,125	70795,135	71027,460	71028,460	71030,839	71031,039	71031,039	71031,125	0,000	0,029	0,000	0,000	13,440	13,440	0,043	NaN	1,000	575,000	533,000	868,978	215,467
60,000	20,000	80,000	18,669	0,000	0,000	0,000	30,538	0,000	25,180	0,000	30,538	0,000	193955,135	194355,305	194356,304	194357,985	194358,186	194358,186	194358,215	70795,135	71035,305	71036,304	71037,985	71038,186	71038,186	71038,215	0,000	0,000	0,000	0,000	13,440	13,440	NaN	NaN	1,000	410,000	695,000	868,978	215,467
500,000	930,000	1430,000	2,251	15,054	19,503	10,000	40,303	11,976	23,912	1,268	40,498	140,000	193955,135	194402,561	194403,560	194404,810	194405,316	194405,456	194406,255	70795,135	71042,561	71043,560	71044,810	71045,316	71045,456	71046,255	7,706	9,167	0,804	0,983	13,440	13,440	0,359	9,145	1,000	795,000	246,000	868,978	215,467
30,000	90,000	120,000	18,608	0,000	0,819	0,000	30,574	0,040	25,180	0,000	30,549	0,000	193955,135	194409,092	194410,091	194413,179	194413,380	194413,380	194413,475	70795,135	71049,092	71050,091	71053,180	71053,380	71053,380	71053,475	0,029	0,029	0,000	0,000	13,440	13,440	0,209	NaN	1,000	410,000	692,000	868,978	215,467
530,000	900,000	1430,000	3,541	21,111	22,849	10,000	35,290	13,801	23,701	1,479	32,387	190,000	193955,135	194417,766	194418,765	194420,632	194421,165	194421,355	194422,075	70795,135	71057,766	71058,765	71060,632	71061,165	71061,355	71062,075	9,044	10,595	0,931	1,186	13,440	13,440	5,476	7,506	1,000	756,000	271,000	868,978	215,467
510,000	920,000	1430,000	2,610	15,217	26,357	12,000	35,518	14,965	24,019	1,161	31,972	140,000	193955,135	194425,033	194426,033	194427,210	194427,725	194427,865	194428,656	70795,135	71065,033	71066,034	71067,210	71067,725	71067,865	71068,656	10,027	11,334	0,802	0,904	13,440	13,440	4,220	8,727	1,000	786,000	257,000	868,978	215,467
600,000	830,000	1430,000	2,853	16,867	27,558	10,000	34,605	14,941	24,144	1,037	30,710	140,000	193955,135	194431,754	194432,753	194436,122	194436,726	194436,866	194437,565	70795,135	71071,754	71072,754	71076,122	71076,726	71076,866	71077,565	9,939	11,431	0,691	0,830	13,440	13,440	6,397	7,576	1,000	776,000	256,000	868,978	215,467
410,000	1020,000	1430,000	2,941	27,451	10,470	14,000	52,157	6,489	24,284	0,896	55,981	280,000	193955,135	194452,020	194453,019	194456,522	194456,935	194457,215	194457,967	70795,135	71092,020	71093,020	71096,522	71096,935	71097,215	71097,967	4,059	5,510	0,528	0,798	13,440	13,440	5,628	0,348	1,000	783,000	275,000	868,978	215,467
570,000	860,000	1430,000	1,155	18,605	25,921	11,000	39,196	14,555	23,118	2,062	36,802	160,000	193955,135	194501,381	194502,381	194506,283	194506,856	194507,016	194507,725	70795,135	71101,381	71102,381	71106,284	71106,856	71107,016	71107,725	10,168	10,613	1,539	1,512	13,440	13,440	1,729	9,719	1,000	834,000	237,000	868,978	215,467
520,000	910,000	1430,000	1,935	14,286	25,663	10,000	36,254	15,549	24,090	1,090	31,985	130,000	193955,135	194510,673	194511,674	194514,036	194514,566	194514,696	194515,485	70795,135	71110,673	71111,674	71114,036	71114,566	71114,696	71115,485	10,690	11,509	0,714	0,810	13,440	13,440	7,962	7,652	1,000	812,000	254,000	868,978	215,467
310,000	90,000	400,000	18,367	0,000	3,662	0,000	30,624	0,207	25,177	0,004	30,679	0,000	193955,135	194518,878	194519,878	194521,757	194522,075	194522,075	194522,176	70795,135	71118,878	71119,878	71121,757	71122,075	71122,075	71122,176	0,086	0,172	0,003	0,003	13,440	13,440	2,947	NaN	1,000	412,000	682,000	868,978	215,467
1620,000	50,000	1670,000	17,194	0,000	4,230	0,000	32,037	0,249	25,180	0,000	31,617	0,000	193955,135	194527,417	194528,417	194529,769	194531,397	194531,397	194531,455	70795,135	71127,417	71128,417	71129,769	71131,397	71131,397	71131,455	0,243	0,184	0,005	0,000	13,440	13,440	0,216	NaN	1,000	441,000	652,000	868,978	215,467
510,000	920,000	1430,000	2,980	16,304	28,194	11,000	35,225	14,642	23,605	1,575	31,576	150,000	193955,135	194535,817	194536,817	194538,995	194539,516	194539,666	194540,445	70795,135	71135,817	71136,817	71138,995	71139,516	71139,666	71140,445	9,846	11,118	1,061	1,234	13,440	13,440	0,515	11,119	1,000	780,000	273,000	868,978	215,467
410,000	1020,000	1430,000	3,224	15,686	22,419	11,000	35,668	14,218	23,476	1,704	32,847	160,000	193955,135	194543,448	194544,447	194546,982	194547,395	194547,555	194548,426	70795,135	71143,448	71144,447	71146,982	71147,395	71147,555	71148,426	9,347	10,818	1,083	1,372	13,440	13,440	5,323	7,185	1,000	771,000	275,000	868,978	215,467
570,000	860,000	1430,000	0,938	22,093	36,670	12,000	37,036	16,155	22,225	2,956	33,389	190,000	193955,135	194551,463	194552,464	194555,875	194556,457	194556,647	194557,326	70795,135	71151,463	71152,464	71155,875	71156,457	71156,647	71157,326	11,039	11,979	1,844	2,347	13,440	13,440	9,419	18,129	1,000	837,000	225,000	868,978	215,467
590,000	840,000	1430,000	4,057	19,048	20,823	12,000	35,651	12,837	22,981	2,199	33,388	160,000	193955,135	194559,908	194600,908	194603,963	194604,557	194604,717	194605,407	70795,135	71159,909	71160,908	71163,963	71164,557	71164,717	71165,407	8,350	9,836	1,320	1,790	13,440	13,440	2,410	12,881	1,000	741,000	282,000	868,978	215,467
560,000	870,000	1430,000	2,260	27,586	27,734	10,000	36,293	14,841	21,551	3,629	33,803	240,000	193955,135	194608,457	194609,456	194610,569	194611,136	194611,376	194612,015	70795,135	71168,457	71169,456	71170,569	71171,136	71171,376	71172,015	9,907	11,188	2,302	2,871	13,440	13,440	6,962	16,696	1,000	799,000	255,000	868,978	215,467
530,000	900,000	1430,000	3,073	16,667	26,709	8,000	34,566	14,250	23,541	1,639	31,789	150,000	193955,135	194615,072	194616,072	194617,549	194618,086	194618,236	194618,995	70795,135	71175,072	71176,072	71177,549	71178,086	71178,236	71178,995	9,133	11,168	0,990	1,357	13,440	13,440	8,735	12,223	1,000	766,000	252,000	868,978	215,467
