810,000	620,000	1430,000	9,683	17,742	24,474	8,000	33,035	7,740	24,707	0,473	30,369	110,000	153312,943	153331,410	153332,411	153334,894	153335,712	153335,822	153336,342	55992,943	56011,410	56012,411	56014,894	56015,712	56015,822	56016,342	5,055	6,043	0,221	0,415	13,440	13,440	15,125	4,189	1,000	608,000	440,000	868,978	215,467
680,000	750,000	1430,000	0,745	16,000	30,860	10,000	38,565	16,087	22,633	2,547	33,077	120,000	153312,943	153342,659	153343,659	153345,622	153346,312	153346,432	153347,071	55992,943	56022,659	56023,659	56025,622	56026,312	56026,432	56027,071	11,905	11,233	1,565	2,068	13,440	13,440	12,224	21,850	1,000	859,000	240,000	868,978	215,467
620,000	810,000	1430,000	0,679	18,519	35,339	8,000	37,368	16,389	22,038	3,142	32,675	150,000	153312,943	153350,698	153351,698	153353,378	153354,001	153354,151	153354,822	55992,943	56030,698	56031,698	56033,378	56034,001	56034,151	56034,822	11,727	11,852	2,004	2,555	13,440	13,440	14,214	21,764	1,000	849,000	229,000	868,978	215,467
410,000	920,000	1330,000	1,144	15,217	34,306	6,000	37,807	19,058	22,505	2,675	32,259	140,000	153312,943	153402,128	153403,128	153405,573	153405,993	153406,133	153406,922	55992,943	56042,128	56043,128	56045,573	56045,993	56046,133	56046,922	13,754	13,559	1,689	2,137	13,440	13,440	15,724	19,778	1,000	907,000	201,000	868,978	215,467
560,000	870,000	1430,000	0,457	18,391	30,306	9,000	37,507	16,678	22,110	3,070	32,627	160,000	153312,943	153411,144	153412,144	153414,576	153415,141	153415,301	153416,022	55992,943	56051,144	56052,144	56054,576	56055,141	56055,301	56056,022	11,948	12,010	1,909	2,469	13,440	13,440	11,874	19,925	1,000	860,000	229,000	868,978	215,467
240,000	1190,000	1430,000	17,705	21,008	11,924	11,000	35,052	3,684	23,720	1,460	34,489	250,000	153312,943	153419,924	153420,926	153423,056	153423,301	153423,551	153424,501	55992,943	56059,924	56060,926	56063,056	56063,301	56063,551	56064,501	2,617	2,543	1,132	0,848	13,440	13,440	1,642	1,813	1,000	406,000	642,000	868,978	215,467
510,000	790,000	1300,000	0,348	17,722	33,232	8,000	37,470	17,481	22,209	2,971	32,465	140,000	153312,943	153425,861	153426,860	153430,003	153430,522	153430,662	153431,321	55992,943	56065,861	56066,860	56070,003	56070,522	56070,662	56071,322	12,548	12,490	1,952	2,325	13,440	13,440	16,995	23,326	1,000	860,000	224,000	868,978	215,467
560,000	870,000	1430,000	0,332	20,690	42,591	6,000	37,618	17,236	19,950	5,230	33,913	180,000	153312,943	153435,364	153436,364	153438,856	153439,421	153439,601	153440,302	55992,943	56075,364	56076,364	56078,856	56079,421	56079,601	56080,302	12,236	12,348	3,429	4,067	13,440	13,440	32,008	33,536	1,000	862,000	225,000	868,978	215,467
380,000	1050,000	1430,000	0,408	17,143	36,400	14,000	36,490	17,885	21,739	3,441	31,628	180,000	153312,943	153443,231	153444,230	153446,561	153446,951	153447,131	153448,013	55992,943	56083,231	56084,230	56086,561	56086,951	56087,131	56088,013	12,440	13,158	2,033	2,852	13,440	13,440	16,990	21,564	1,000	858,000	206,000	868,978	215,467
30,000	20,000	50,000	19,421	0,000	0,000	0,000	28,508	0,000	25,180	0,000	28,508	0,000	153312,943	153451,366	153452,365	153456,215	153456,416	153456,416	153456,442	55992,943	56091,366	56092,365	56096,216	56096,416	56096,416	56096,442	0,000	0,000	0,000	0,000	13,440	13,440	NaN	NaN	1,000	384,000	707,000	868,978	215,467
360,000	1030,000	1390,000	0,291	27,184	34,264	10,000	37,296	18,386	21,272	3,908	32,683	280,000	153312,943	153501,998	153502,997	153504,853	153505,223	153505,503	153506,261	55992,943	56101,998	56102,997	56104,853	56105,223	56105,503	56106,261	13,334	13,135	2,768	2,989	13,440	13,440	18,008	21,198	1,000	879,000	218,000	868,978	215,467
530,000	900,000	1430,000	1,076	18,889	29,421	8,000	36,181	16,476	22,305	2,875	32,525	170,000	153312,943	153509,574	153510,574	153511,828	153512,362	153512,532	153513,271	55992,943	56109,574	56110,574	56111,828	56112,362	56112,532	56113,271	11,402	12,238	2,017	2,217	13,440	13,440	11,499	18,881	1,000	834,000	231,000	868,978	215,467
670,000	760,000	1430,000	1,171	23,684	35,206	9,000	37,616	16,090	21,998	3,182	33,112	180,000	153312,943	153517,159	153518,159	153519,280	153519,951	153520,131	153520,722	55992,943	56117,159	56118,159	56119,280	56119,951	56120,131	56120,722	11,851	11,344	2,288	2,376	13,440	13,440	11,550	20,269	1,000	849,000	252,000	868,978	215,467
430,000	1000,000	1430,000	0,302	21,000	34,632	13,000	37,281	17,577	21,357	3,823	32,967	210,000	153312,943	153524,144	153525,145	153527,863	153528,304	153528,514	153529,312	55992,943	56124,145	56125,145	56127,863	56128,304	56128,514	56129,312	12,632	12,605	2,635	2,941	13,440	13,440	18,664	22,189	1,000	864,000	225,000	868,978	215,467
550,000	880,000	1430,000	0,737	39,773	33,490	8,000	37,291	18,775	16,747	8,433	34,338	350,000	153312,943	153533,123	153534,123	153537,380	153537,933	153538,283	153538,821	55992,943	56133,123	56134,123	56137,380	56137,933	56138,283	56138,821	13,564	13,452	5,929	6,341	13,440	13,440	19,117	26,726	1,000	893,000	205,000	868,978	215,467
370,000	1050,000	1420,000	0,632	15,238	39,457	9,000	37,504	18,636	22,327	2,853	32,338	160,000	153312,943	153541,933	153542,934	153544,476	153544,852	153545,012	153545,914	55992,943	56141,933	56142,934	56144,476	56144,852	56145,012	56145,914	13,444	13,305	1,930	2,220	13,440	13,440	20,815	21,120	1,000	891,000	211,000	868,978	215,467
630,000	800,000	1430,000	0,169	41,250	37,117	6,000	36,747	17,853	16,632	8,548	35,170	330,000	153312,943	153549,028	153550,027	153553,127	153553,761	153554,091	153554,571	55992,943	56149,028	56150,027	56153,127	56153,761	56154,091	56154,571	12,352	13,152	6,049	6,382	13,440	13,440	25,672	33,017	1,000	873,000	211,000	868,978	215,467
540,000	890,000	1430,000	0,403	17,978	35,614	6,000	37,548	17,103	22,218	2,963	32,969	160,000	153312,943	153559,318	153600,319	153604,141	153604,693	153604,853	153605,591	55992,943	56159,318	56160,319	56164,141	56164,693	56164,853	56165,591	12,279	12,263	2,004	2,297	13,440	13,440	12,687	20,448	1,000	862,000	228,000	868,978	215,467
30,000	1220,000	1250,000	0,085	14,754	29,941	11,000	37,005	18,058	21,983	3,197	32,242	180,000	153312,943	153610,073	153611,072	153612,112	153612,312	153612,492	153613,541	55992,943	56170,073	56171,072	56172,112	56172,312	56172,492	56173,541	12,827	13,051	2,095	2,510	13,440	13,440	19,851	20,592	1,000	866,000	215,000	868,978	215,467
410,000	1020,000	1430,000	0,468	18,627	30,735	10,000	37,474	17,387	21,959	3,221	32,934	190,000	153312,943	153616,910	153617,909	153621,712	153622,133	153622,323	153623,162	55992,943	56176,910	56177,909	56181,712	56182,133	56182,323	56183,162	12,692	12,354	2,313	2,432	13,440	13,440	12,835	19,925	1,000	863,000	231,000	868,978	215,467
550,000	880,000	1430,000	0,212	37,500	34,864	4,000	37,283	17,943	17,069	8,111	34,240	330,000	153312,943	153627,130	153628,130	153630,395	153630,951	153631,282	153631,841	55992,943	56187,130	56188,130	56190,395	56190,952	56191,282	56191,841	12,826	12,912	5,489	6,237	13,440	13,440	24,119	28,416	1,000	875,000	220,000	868,978	215,467
700,000	730,000	1430,000	0,453	39,726	42,251	4,000	37,822	17,823	18,689	6,491	34,488	290,000	153312,943	153635,738	153636,740	153640,038	153640,741	153641,031	153641,481	55992,943	56195,738	56196,740	56200,039	56200,741	56201,031	56201,481	13,095	12,619	4,749	4,813	13,440	13,440	18,540	31,122	1,000	885,000	217,000	868,978	215,467
370,000	1060,000	1430,000	0,368	19,811	33,793	10,000	36,585	18,184	21,796	3,384	32,100	210,000	153312,943	153645,273	153646,273	153648,969	153649,343	153649,553	153650,411	55992,943	56205,273	56206,273	56208,969	56209,343	56209,553	56210,411	12,709	13,316	2,277	2,614	13,440	13,440	14,896	18,034	1,000	859,000	207,000	868,978	215,467
600,000	830,000	1430,000	0,148	34,940	42,079	6,000	37,078	18,182	17,415	7,765	33,771	290,000	153312,943	153653,668	153654,667	153658,553	153659,161	153659,451	153700,002	55992,943	56213,668	56214,667	56218,553	56219,161	56219,451	56220,002	13,079	13,054	5,328	5,972	13,440	13,440	27,184	33,048	1,000	874,000	217,000	868,978	215,467
430,000	1000,000	1430,000	0,391	17,000	36,213	12,000	36,729	17,703	25,123	0,057	29,923	170,000	153312,943	153703,314	153704,315	153705,826	153706,261	153706,431	153707,272	55992,943	56223,314	56224,315	56225,826	56226,261	56226,431	56227,272	12,891	12,725	0,108	0,033	13,440	13,440	6,908	0,138	1,000	858,000	224,000	868,978	215,467
530,000	900,000	1430,000	0,112	87,778	48,757	1,000	36,769	17,985	7,665	17,515	36,494	790,000	153312,943	153710,302	153711,302	153713,838	153714,372	153715,162	153715,281	55992,943	56230,302	56231,302	56233,838	56234,372	56235,162	56235,281	12,506	13,150	12,074	12,886	13,440	13,440	2,037	1,614	1,000	867,000	212,000	868,978	215,467
430,000	1000,000	1430,000	0,399	17,000	35,463	10,000	37,765	18,060	22,089	3,091	32,925	170,000	153312,943	153718,175	153719,175	153722,365	153722,802	153722,972	153723,811	55992,943	56238,175	56239,175	56242,365	56242,802	56242,972	56243,811	13,194	12,768	2,258	2,313	13,440	13,440	17,630	19,309	1,000	881,000	223,000	868,978	215,467
640,000	790,000	1430,000	0,543	25,316	35,317	10,000	35,917	17,629	21,238	3,942	31,499	200,000	153312,943	153727,257	153728,258	153731,894	153732,541	153732,741	153733,341	55992,943	56247,257	56248,258	56251,894	56252,541	56252,741	56253,341	12,317	13,004	2,595	3,125	13,440	13,440	13,322	24,073	1,000	850,000	219,000	868,978	215,467
610,000	820,000	1430,000	0,270	29,268	39,345	7,000	36,380	18,507	19,065	6,115	32,730	240,000	153312,943	153736,377	153737,377	153739,666	153740,283	153740,523	153741,111	55992,943	56256,377	56257,377	56259,666	56260,283	56260,523	56261,111	12,979	13,573	4,079	4,788	13,440	13,440	23,649	30,611	1,000	875,000	208,000	868,978	215,467
640,000	790,000	1430,000	0,299	21,519	39,802	6,000	37,515	17,958	21,444	3,736	32,595	170,000	153312,943	153744,557	153745,557	153747,229	153747,871	153748,041	153748,671	55992,943	56264,557	56265,557	56267,229	56267,871	56268,041	56268,671	13,001	12,793	2,456	2,945	13,440	13,440	17,643	23,982	1,000	879,000	219,000	868,978	215,467
490,000	860,000	1350,000	0,142	19,767	48,144	2,000	37,067	18,185	21,203	3,977	33,079	170,000	153312,943	153751,866	153752,867	153754,298	153754,793	153754,963	153755,661	55992,943	56271,866	56272,867	56274,298	56274,793	56274,963	56275,661	12,855	13,192	2,751	3,074	13,440	13,440	27,550	26,847	1,000	874,000	215,000	868,978	215,467
620,000	810,000	1430,000	0,500	18,519	44,625	8,000	37,826	17,821	21,741	3,439	33,101	150,000	153312,943	153759,973	153800,973	153802,978	153803,601	153803,752	153804,421	55992,943	56279,973	56280,973	56282,978	56283,602	56283,752	56284,421	12,973	12,627	2,372	2,665	13,440	13,440	18,450	24,746	1,000	884,000	225,000	868,978	215,467
770,000	660,000	1430,000	2,200	42,424	34,296	5,000	36,328	14,923	17,777	7,403	33,957	280,000	153312,943	153807,828	153808,828	153810,975	153811,753	153812,033	153812,422	55992,943	56287,828	56288,828	56290,975	56291,753	56292,033	56292,422	10,421	10,987	4,973	5,708	13,440	13,440	17,535	28,959	1,000	811,000	268,000	868,978	215,467
500,000	930,000	1430,000	0,157	19,355	31,953	10,000	37,056	17,664	22,017	3,163	32,127	180,000	153312,943	153816,564	153817,564	153819,645	153820,151	153820,331	153821,091	55992,943	56296,564	56297,564	56299,645	56300,151	56300,331	56301,091	12,598	12,768	2,080	2,474	13,440	13,440	9,246	16,148	1,000	864,000	218,000	868,978	215,467
520,000	910,000	1430,000	0,549	20,879	34,839	8,000	37,427	18,516	21,851	3,329	31,812	190,000	153312,943	153825,761	153826,762	153829,660	153830,181	153830,371	153831,102	55992,943	56305,761	56306,762	56309,660	56310,181	56310,371	56311,102	13,612	13,108	2,282	2,602	13,440	13,440	16,858	18,125	1,000	887,000	223,000	868,978	215,467
490,000	940,000	1430,000	0,499	35,106	33,098	4,000	36,750	17,255	17,143	8,037	33,776	330,000	153312,943	153834,906	153835,907	153839,279	153839,771	153840,101	153840,722	55992,943	56314,906	56315,907	56319,279	56319,771	56320,101	56320,722	12,196	12,550	5,347	6,230	13,440	13,440	26,530	32,145	1,000	854,000	225,000	868,978	215,467
470,000	960,000	1430,000	0,130	21,875	32,167	10,000	36,772	17,512	21,817	3,363	32,160	210,000	153312,943	153845,422	153846,423	153849,668	153850,142	153850,352	153851,111	55992,943	56325,423	56326,423	56329,668	56330,142	56330,352	56331,111	12,391	12,779	2,224	2,653	13,440	13,440	11,531	19,761	1,000	866,000	219,000	868,978	215,467
510,000	920,000	1430,000	0,359	33,696	34,941	8,000	36,631	17,543	17,262	7,918	32,943	310,000	153312,943	153854,157	153855,156	153857,405	153857,921	153858,231	153858,851	55992,943	56334,157	56335,156	56337,405	56337,921	56338,231	56338,851	12,365	12,809	4,977	6,346	13,440	13,440	22,605	26,681	1,000	858,000	222,000	868,978	215,467
380,000	1050,000	1430,000	0,133	37,143	34,480	8,000	36,752	17,997	15,776	9,404	33,732	390,000	153312,943	153902,462	153903,462	153906,069	153906,453	153906,843	153907,512	55992,943	56342,463	56343,463	56346,069	56346,453	56346,843	56347,512	12,778	13,053	6,333	7,193	13,440	13,440	25,732	29,336	1,000	865,000	218,000	868,978	215,467
360,000	1070,000	1430,000	0,398	16,822	33,849	13,000	36,442	17,987	21,956	3,224	31,301	180,000	153312,943	153911,582	153912,582	153915,149	153915,513	153915,693	153916,593	55992,943	56351,582	56352,583	56355,149	56355,513	56355,693	56356,593	12,860	13,026	2,150	2,544	13,440	13,440	16,892	20,008	1,000	857,000	223,000	868,978	215,467
