1140,000	290,000	1430,000	15,604	44,828	11,985	1,000	30,132	2,202	24,457	0,723	29,816	130,000	110249,599	110309,778	110310,778	110313,932	110315,083	110315,213	110315,380	39769,599	39789,778	39790,778	39793,932	39795,083	39795,213	39795,380	1,258	1,800	0,467	0,558	13,440	13,440	5,079	4,976	1,000	449,000	578,000	868,978	215,467
30,000	1400,000	1430,000	18,906	13,571	20,167	14,000	50,530	8,640	24,047	1,134	49,142	190,000	110249,599	110319,989	110320,990	110323,735	110323,936	110324,126	110325,341	39769,599	39799,989	39800,990	39803,735	39803,936	39804,126	39805,341	7,033	5,062	0,875	0,731	13,440	13,440	1,474	1,340	1,000	402,000	699,000	868,978	215,467
30,000	220,000	250,000	18,227	77,273	0,564	2,000	31,498	0,063	25,132	0,049	31,436	170,000	110249,599	110325,932	110326,933	110330,546	110330,747	110330,917	110330,971	39769,599	39805,932	39806,933	39810,546	39810,747	39810,917	39810,971	0,030	0,056	0,003	0,057	13,440	13,440	0,041	0,379	1,000	411,000	674,000	868,978	215,467
720,000	710,000	1430,000	9,801	16,901	24,216	10,000	32,500	7,253	24,743	0,437	31,090	120,000	110249,599	110337,331	110338,332	110339,386	110340,110	110340,230	110340,830	39769,599	39817,331	39818,332	39819,386	39820,110	39820,230	39820,831	4,416	5,883	0,298	0,353	13,440	13,440	17,680	3,925	1,000	600,000	437,000	868,978	215,467
710,000	720,000	1430,000	11,828	16,667	18,707	11,000	31,489	6,107	24,716	0,464	29,990	120,000	110249,599	110345,387	110346,387	110350,116	110350,831	110350,951	110351,562	39769,599	39825,387	39826,387	39830,116	39830,831	39830,951	39831,562	3,719	4,904	0,278	0,379	13,440	13,440	8,249	3,920	1,000	553,000	493,000	868,978	215,467
620,000	810,000	1430,000	7,648	17,284	20,198	13,000	32,118	10,227	24,351	0,829	29,966	140,000	110249,599	110355,860	110356,861	110400,625	110401,251	110401,391	110402,071	39769,599	39835,860	39836,861	39840,625	39841,251	39841,391	39842,071	6,157	8,282	0,457	0,704	13,440	13,440	11,677	5,476	1,000	638,000	359,000	868,978	215,467
570,000	860,000	1430,000	6,114	22,093	21,485	10,000	33,094	11,590	24,356	0,824	30,385	190,000	110249,599	110406,378	110407,378	110410,798	110411,371	110411,561	110412,240	39769,599	39846,378	39847,378	39850,798	39851,371	39851,561	39852,240	7,156	9,249	0,409	0,717	13,440	13,440	12,428	4,385	1,000	683,000	328,000	868,978	215,467
550,000	880,000	1430,000	7,473	15,909	21,805	10,000	32,461	10,675	24,283	0,897	29,750	140,000	110249,599	110416,060	110417,061	110418,386	110418,940	110419,080	110419,830	39769,599	39856,060	39857,061	39858,387	39858,940	39859,080	39859,830	6,674	8,467	0,496	0,742	13,440	13,440	8,490	5,606	1,000	655,000	373,000	868,978	215,467
490,000	20,000	510,000	18,406	0,000	0,000	0,000	30,988	0,000	25,180	0,000	30,988	0,000	110249,599	110424,646	110425,646	110427,826	110428,320	110428,320	110428,351	39769,599	39864,646	39865,646	39867,826	39868,320	39868,320	39868,351	0,000	0,000	0,000	0,000	13,440	13,440	NaN	NaN	1,000	409,000	681,000	868,978	215,467
460,000	970,000	1430,000	4,691	20,619	20,630	14,000	33,333	13,673	24,153	1,028	29,656	200,000	110249,599	110433,267	110434,267	110435,747	110436,211	110436,411	110437,190	39769,599	39873,267	39874,267	39875,747	39876,211	39876,411	39877,190	8,934	10,622	0,718	0,800	13,440	13,440	9,382	5,200	1,000	727,000	303,000	868,978	215,467
640,000	790,000	1430,000	7,649	36,709	22,130	10,000	32,215	10,199	22,435	2,745	30,330	290,000	110249,599	110440,714	110441,714	110443,030	110443,681	110443,971	110444,480	39769,599	39880,714	39881,714	39883,030	39883,681	39883,971	39884,480	6,312	8,152	1,693	2,208	13,440	13,440	7,608	9,443	1,000	648,000	374,000	868,978	215,467
590,000	840,000	1430,000	5,394	14,286	23,176	10,000	34,018	12,509	24,587	0,593	29,702	120,000	110249,599	110448,532	110449,532	110452,472	110453,070	110453,190	110453,920	39769,599	39888,532	39889,532	39892,472	39893,070	39893,190	39893,920	8,375	9,553	0,279	0,521	13,440	13,440	8,209	5,194	1,000	719,000	335,000	868,978	215,467
580,000	850,000	1430,000	6,030	34,118	21,892	9,000	33,086	12,025	22,225	2,955	30,380	290,000	110249,599	110457,144	110458,146	110500,227	110500,810	110501,100	110501,671	39769,599	39897,145	39898,146	39900,227	39900,810	39901,100	39901,671	7,743	9,406	1,836	2,426	13,440	13,440	4,075	8,574	1,000	689,000	332,000	868,978	215,467
600,000	830,000	1430,000	4,577	28,916	23,310	12,000	33,847	13,367	22,551	2,629	31,419	240,000	110249,599	110505,013	110506,014	110509,155	110509,762	110510,002	110510,600	39769,599	39905,013	39906,014	39909,155	39909,762	39910,002	39910,600	8,331	10,566	1,459	2,211	13,440	13,440	1,109	11,956	1,000	727,000	295,000	868,978	215,467
610,000	820,000	1430,000	6,844	19,512	19,553	13,000	33,526	10,781	24,107	1,073	29,923	160,000	110249,599	110514,086	110515,086	110517,335	110517,950	110518,110	110518,781	39769,599	39914,086	39915,086	39917,335	39917,950	39918,110	39918,781	7,190	8,267	0,609	0,879	13,440	13,440	8,121	6,848	1,000	681,000	370,000	868,978	215,467
530,000	900,000	1430,000	4,647	25,556	24,167	10,000	33,332	13,750	22,630	2,550	30,019	230,000	110249,599	110522,798	110523,797	110525,582	110526,120	110526,350	110527,030	39769,599	39922,798	39923,797	39925,582	39926,120	39926,350	39927,030	8,824	10,712	1,427	2,138	13,440	13,440	2,266	11,447	1,000	727,000	300,000	868,978	215,467
700,000	730,000	1430,000	6,714	16,438	21,778	10,000	33,762	10,594	24,521	0,659	31,103	120,000	110249,599	110530,206	110531,205	110532,975	110533,681	110533,801	110534,421	39769,599	39930,206	39931,205	39932,975	39933,681	39933,801	39934,421	6,826	8,256	0,455	0,500	13,440	13,440	10,518	4,816	1,000	676,000	356,000	868,978	215,467
650,000	780,000	1430,000	6,973	21,795	23,328	8,000	32,254	11,010	24,425	0,756	29,232	170,000	110249,599	110537,530	110538,530	110542,117	110542,771	110542,941	110543,561	39769,599	39937,530	39938,530	39942,117	39942,771	39942,941	39943,561	6,860	8,771	0,395	0,628	13,440	13,440	10,820	3,311	1,000	672,000	366,000	868,978	215,467
620,000	810,000	1430,000	4,992	18,519	22,575	11,000	34,054	12,497	24,375	0,805	30,703	150,000	110249,599	110547,820	110548,820	110550,328	110550,952	110551,102	110551,772	39769,599	39947,820	39948,820	39950,328	39950,952	39951,102	39951,772	8,178	9,647	0,505	0,623	13,440	13,440	13,724	4,993	1,000	722,000	315,000	868,978	215,467
730,000	700,000	1430,000	4,295	30,000	26,801	8,000	34,692	13,048	22,246	2,935	31,785	210,000	110249,599	110555,687	110556,687	110600,009	110600,740	110600,950	110601,451	39769,599	39955,687	39956,687	39960,009	39960,740	39960,950	39961,451	8,550	10,047	1,766	2,394	13,440	13,440	6,999	13,762	1,000	738,000	294,000	868,978	215,467
530,000	900,000	1430,000	2,925	27,778	24,646	8,000	35,299	14,413	22,289	2,892	31,716	250,000	110249,599	110604,920	110605,921	110606,960	110607,500	110607,750	110608,410	39769,599	39964,920	39965,921	39966,960	39967,500	39967,750	39968,410	9,538	11,000	1,683	2,383	13,440	13,440	1,331	12,415	1,000	775,000	260,000	868,978	215,467
550,000	880,000	1430,000	4,099	14,773	22,717	10,000	34,575	13,559	24,207	0,973	31,893	130,000	110249,599	110611,253	110612,254	110614,819	110615,370	110615,500	110616,260	39769,599	39971,253	39972,254	39974,819	39975,370	39975,500	39976,260	8,810	10,507	0,716	0,780	13,440	13,440	6,286	8,118	1,000	742,000	287,000	868,978	215,467
630,000	800,000	1430,000	4,966	15,000	20,720	11,000	33,534	12,630	24,150	1,031	30,594	120,000	110249,599	110619,579	110620,580	110623,291	110623,930	110624,050	110624,741	39769,599	39979,579	39980,580	39983,291	39983,930	39984,050	39984,741	8,087	9,907	0,677	0,851	13,440	13,440	10,484	8,206	1,000	718,000	307,000	868,978	215,467
590,000	840,000	1430,000	3,234	14,286	24,255	12,000	35,521	14,556	24,139	1,041	31,126	120,000	110249,599	110628,274	110629,275	110631,288	110631,881	110632,001	110632,730	39769,599	39988,275	39989,275	39991,288	39991,881	39992,001	39992,730	10,122	10,789	0,741	0,816	13,440	13,440	7,562	8,085	1,000	785,000	294,000	868,978	215,467
780,000	650,000	1430,000	5,838	36,923	25,004	8,000	34,032	11,104	22,347	2,833	31,248	240,000	110249,599	110636,549	110637,551	110638,876	110639,662	110639,902	110640,321	39769,599	39996,549	39997,551	39998,876	39999,662	39999,902	40000,321	7,532	8,469	1,907	2,197	13,440	13,440	8,160	12,983	1,000	706,000	344,000	868,978	215,467
520,000	910,000	1430,000	3,964	26,374	22,748	10,000	34,410	13,420	23,196	1,985	31,564	240,000	110249,599	110643,491	110644,492	110646,979	110647,500	110647,740	110648,420	39769,599	40003,491	40004,492	40006,979	40007,500	40007,740	40008,420	8,667	10,412	1,215	1,579	13,440	13,440	11,543	3,560	1,000	750,000	291,000	868,978	215,467
520,000	910,000	1430,000	4,396	18,681	22,983	10,000	34,734	13,156	24,512	0,668	29,790	170,000	110249,599	110651,864	110652,864	110656,561	110657,090	110657,260	110658,010	39769,599	40011,864	40012,864	40016,561	40017,090	40017,260	40018,010	9,116	9,858	0,326	0,579	13,440	13,440	10,609	4,046	1,000	751,000	318,000	868,978	215,467
540,000	890,000	1430,000	2,278	21,348	23,178	8,000	35,968	14,914	22,342	2,838	32,262	190,000	110249,599	110700,901	110701,902	110704,231	110704,780	110704,970	110705,680	39769,599	40020,901	40021,902	40024,231	40024,780	40024,970	40025,680	10,228	11,126	1,851	2,231	13,440	13,440	2,780	13,887	1,000	802,000	261,000	868,978	215,467
460,000	970,000	1430,000	0,665	27,835	29,660	10,000	35,756	17,375	22,030	3,150	30,987	270,000	110249,599	110709,865	110710,864	110713,771	110714,241	110714,511	110715,220	39769,599	40029,865	40030,864	40033,771	40034,241	40034,511	40035,220	11,912	13,001	1,845	2,611	13,440	13,440	4,061	13,752	1,000	846,000	221,000	868,978	215,467
460,000	970,000	1430,000	0,453	25,773	31,616	10,000	36,299	17,417	21,868	3,312	32,002	250,000	110249,599	110717,064	110718,063	110720,120	110720,582	110720,832	110721,561	39769,599	40037,064	40038,063	40040,120	40040,582	40040,832	40041,561	12,153	12,861	2,200	2,603	13,440	13,440	6,565	14,977	1,000	856,000	225,000	868,978	215,467
620,000	810,000	1430,000	2,954	32,099	28,630	9,000	36,476	14,454	21,634	3,546	33,226	260,000	110249,599	110723,231	110724,231	110727,038	110727,660	110727,920	110728,481	39769,599	40043,231	40044,231	40047,038	40047,660	40047,920	40048,481	10,299	10,508	2,585	2,647	13,440	13,440	8,912	18,044	1,000	794,000	289,000	868,978	215,467
360,000	1070,000	1430,000	0,866	10,280	26,633	10,000	36,087	16,774	24,671	0,509	30,100	110,000	110249,599	110731,029	110732,030	110735,709	110736,071	110736,181	110737,150	39769,599	40051,029	40052,030	40055,709	40056,071	40056,181	40057,150	11,862	12,300	0,306	0,397	13,440	13,440	3,442	4,364	1,000	843,000	232,000	868,978	215,467
550,000	880,000	1430,000	0,290	12,500	29,325	12,000	36,809	17,443	24,168	1,012	31,140	110,000	110249,599	110739,935	110740,935	110742,531	110743,090	110743,200	110743,981	39769,599	40059,935	40060,935	40062,532	40063,090	40063,200	40063,981	12,426	12,672	0,679	0,826	13,440	13,440	5,761	8,423	1,000	859,000	218,000	868,978	215,467
590,000	840,000	1430,000	2,655	33,333	24,706	9,000	34,057	15,551	21,252	3,928	31,494	280,000	110249,599	110745,792	110746,791	110748,410	110749,000	110749,280	110749,852	39769,599	40065,792	40066,791	40068,410	40069,001	40069,281	40069,852	10,026	12,087	2,555	3,102	13,440	13,440	2,987	19,791	1,000	779,000	244,000	868,978	215,467
420,000	1010,000	1430,000	1,647	11,881	27,978	12,000	35,193	16,488	24,832	0,348	30,076	120,000	110249,599	110752,294	110753,293	110754,303	110754,731	110754,851	110755,751	39769,599	40072,294	40073,293	40074,303	40074,731	40074,851	40075,751	11,280	12,396	0,252	0,279	13,440	13,440	7,329	2,805	1,000	819,000	246,000	868,978	215,467
540,000	890,000	1430,000	2,173	15,730	25,860	12,000	35,487	15,414	24,300	0,880	31,015	140,000	110249,599	110758,206	110759,207	110801,533	110802,080	110802,220	110802,982	39769,599	40078,206	40079,207	40081,533	40082,080	40082,220	40082,982	10,516	11,583	0,575	0,715	13,440	13,440	4,331	6,471	1,000	802,000	254,000	868,978	215,467
530,000	900,000	1430,000	2,445	30,000	26,113	11,000	34,586	15,527	21,279	3,901	31,541	270,000	110249,599	110805,664	110806,665	110809,088	110809,621	110809,891	110810,530	39769,599	40085,665	40086,665	40089,088	40089,621	40089,891	40090,531	10,205	11,928	2,390	3,157	13,440	13,440	1,057	16,121	1,000	785,000	238,000	868,978	215,467
560,000	870,000	1430,000	1,390	22,989	26,866	13,000	35,819	16,416	21,969	3,211	31,474	200,000	110249,599	110812,702	110813,702	110815,243	110815,811	110816,011	110816,692	39769,599	40092,703	40093,702	40095,243	40095,811	40096,011	40096,692	11,377	12,189	2,020	2,598	13,440	13,440	2,645	18,847	1,000	825,000	238,000	868,978	215,467
530,000	900,000	1430,000	0,925	18,889	28,577	11,000	35,976	17,152	21,879	3,301	31,846	170,000	110249,599	110818,565	110819,565	110823,128	110823,661	110823,831	110824,570	39769,599	40098,565	40099,565	40103,128	40103,661	40103,831	40104,570	11,792	12,737	2,060	2,682	13,440	13,440	15,934	21,446	1,000	840,000	231,000	868,978	215,467
530,000	900,000	1430,000	2,068	28,889	30,094	9,000	34,547	16,577	21,341	3,839	29,867	260,000	110249,599	110826,737	110827,738	110830,936	110831,471	110831,731	110832,380	39769,599	40106,737	40107,738	40110,936	40111,471	40111,731	40112,380	11,436	12,445	2,388	3,127	13,440	13,440	8,805	19,529	1,000	809,000	258,000	868,978	215,467
