290,000	1050,000	1340,000	1,538	19,048	35,791	6,000	53,088	19,291	12,578	4,588	57,106	200,000	130234,753	130241,817	130242,816	130244,266	130244,565	130244,765	130245,625	46954,753	46961,817	46962,816	46964,266	46964,565	46964,765	46965,625	14,177	13,106	4,060	2,202	-13,440	13,440	24,905	24,056	1,000	517,000	224,000	571,022	215,467
320,000	1610,000	1930,000	0,434	8,696	35,388	19,000	52,708	20,275	14,720	2,445	57,124	140,000	130234,753	130248,390	130249,390	130251,785	130252,116	130252,256	130253,735	46954,753	46968,390	46969,390	46971,786	46972,116	46972,256	46973,735	14,507	14,487	2,157	1,263	-13,440	13,440	20,202	20,805	1,000	556,000	219,000	571,022	215,467
230,000	1220,000	1450,000	0,246	28,689	52,627	9,000	52,908	18,849	10,549	6,616	56,075	350,000	130234,753	130256,393	130257,395	130259,269	130259,505	130259,856	130300,735	46954,753	46976,393	46977,395	46979,269	46979,506	46979,856	46980,735	13,615	13,390	5,237	4,622	-13,440	13,440	30,518	30,249	1,000	573,000	224,000	571,022	215,467
260,000	1670,000	1930,000	9,007	14,371	50,047	18,000	54,634	26,700	11,602	5,563	57,078	240,000	130234,753	130303,932	130304,933	130307,938	130308,205	130308,445	130309,885	46954,753	46983,932	46984,933	46987,938	46988,205	46988,445	46989,885	20,822	17,267	4,611	3,605	-13,440	13,440	3,034	27,077	1,000	753,000	479,000	571,022	215,467
280,000	1650,000	1930,000	0,859	22,424	59,939	18,000	52,031	20,847	5,847	11,319	53,775	370,000	130234,753	130311,251	130312,252	130315,121	130315,405	130315,775	130317,066	46954,753	46991,251	46992,252	46995,121	46995,405	46995,775	46997,066	14,532	15,373	7,911	8,876	-13,440	13,440	43,880	44,191	1,000	571,000	246,000	571,022	215,467
310,000	1000,000	1310,000	0,584	23,000	56,046	9,000	54,210	17,500	10,945	6,220	56,342	230,000	130234,753	130318,581	130319,582	130322,113	130322,426	130322,656	130323,435	46954,753	46998,581	46999,582	47002,113	47002,426	47002,656	47003,435	13,051	11,925	5,256	3,874	-13,440	13,440	32,315	31,723	1,000	574,000	236,000	571,022	215,467
280,000	1140,000	1420,000	0,950	21,053	33,955	10,000	54,225	17,754	13,337	3,828	55,593	240,000	130234,753	130325,512	130326,512	130328,458	130328,744	130328,984	130329,894	46954,753	47005,512	47006,512	47008,458	47008,744	47008,984	47009,895	13,305	11,869	2,576	3,164	-13,440	13,440	18,358	18,126	1,000	545,000	237,000	571,022	215,467
30,000	1240,000	1270,000	0,957	16,129	45,912	12,000	52,556	19,933	16,134	1,032	56,543	200,000	130234,753	130332,789	130333,789	130336,230	130336,431	130336,631	130337,675	46954,753	47012,789	47013,789	47016,230	47016,431	47016,631	47017,676	14,346	14,206	0,787	0,772	-13,440	13,440	4,264	7,581	1,000	539,000	204,000	571,022	215,467
220,000	1120,000	1340,000	0,505	18,750	44,031	12,000	53,521	17,988	13,578	3,587	57,641	210,000	130234,753	130340,634	130341,635	130344,037	130344,264	130344,474	130345,395	46954,753	47020,634	47021,635	47024,037	47024,264	47024,474	47025,395	13,221	12,404	3,226	1,913	-13,440	13,440	21,768	22,546	1,000	562,000	231,000	571,022	215,467
270,000	960,000	1230,000	0,804	21,875	33,184	10,000	52,608	17,559	12,547	4,618	56,037	210,000	130234,753	130347,617	130348,617	130351,543	130351,814	130352,024	130352,785	46954,753	47027,617	47028,617	47031,543	47031,814	47032,024	47032,785	12,150	13,080	3,284	3,472	-13,440	13,440	18,276	20,690	1,000	584,000	190,000	571,022	215,467
360,000	930,000	1290,000	0,399	21,505	44,302	8,000	53,392	17,869	13,944	3,221	57,900	200,000	130234,753	130354,466	130355,466	130357,503	130357,864	130358,064	130358,805	46954,753	47034,466	47035,466	47037,503	47037,865	47038,065	47038,805	12,853	12,742	2,802	1,859	-13,440	13,440	20,445	21,142	1,000	585,000	213,000	571,022	215,467
30,000	1100,000	1130,000	0,935	32,727	32,638	8,000	54,823	18,421	10,063	7,103	56,723	360,000	130234,753	130400,619	130401,619	130405,524	130405,726	130406,086	130406,835	46954,753	47040,619	47041,619	47045,524	47045,726	47046,086	47046,835	14,120	12,011	5,688	4,543	-13,440	13,440	14,396	19,452	1,000	551,000	242,000	571,022	215,467
290,000	1230,000	1520,000	0,632	25,203	61,339	12,000	53,159	19,810	8,638	8,527	54,373	310,000	130234,753	130409,134	130410,134	130412,976	130413,275	130413,585	130414,515	46954,753	47049,134	47050,134	47052,976	47053,275	47053,585	47054,515	14,429	13,838	6,011	6,792	-13,440	13,440	40,614	41,241	1,000	549,000	220,000	571,022	215,467
300,000	1260,000	1560,000	0,202	9,524	45,418	16,000	53,914	17,720	14,770	2,396	58,615	120,000	130234,753	130416,444	130417,444	130420,315	130420,624	130420,744	130421,895	46954,753	47056,444	47057,444	47060,315	47060,624	47060,744	47061,895	12,827	12,347	2,159	1,148	-13,440	13,440	20,758	19,544	1,000	574,000	222,000	571,022	215,467
130,000	1270,000	1400,000	0,469	18,898	48,768	10,000	53,990	18,935	15,021	2,144	55,857	240,000	130234,753	130423,530	130424,530	130427,388	130427,589	130427,829	130428,865	46954,753	47063,530	47064,530	47067,388	47067,589	47067,829	47068,865	14,233	12,712	1,399	1,863	-13,440	13,440	9,847	11,466	1,000	560,000	228,000	571,022	215,467
520,000	1170,000	1690,000	0,660	11,111	53,331	10,000	52,285	17,014	16,156	1,009	56,024	130,000	130234,753	130430,545	130431,545	130432,943	130433,465	130433,595	130434,645	46954,753	47070,545	47071,545	47072,943	47073,465	47073,595	47074,645	11,786	12,516	0,525	0,808	-13,440	13,440	7,310	7,569	1,000	592,000	226,000	571,022	215,467
100,000	860,000	960,000	0,129	44,186	52,566	4,000	53,995	18,103	9,053	8,112	56,649	380,000	130234,753	130436,939	130437,940	130441,217	130441,417	130441,798	130442,286	46954,753	47076,939	47077,940	47081,217	47081,418	47081,798	47082,286	13,332	12,580	6,445	5,481	-13,440	13,440	26,847	29,994	1,000	574,000	212,000	571,022	215,467
290,000	980,000	1270,000	1,018	32,653	38,081	6,000	53,574	18,459	8,790	8,375	55,136	320,000	130234,753	130444,349	130445,350	130448,466	130448,765	130449,085	130449,755	46954,753	47084,349	47085,350	47088,466	47088,765	47089,085	47089,755	13,500	12,715	6,094	6,163	-13,440	13,440	29,658	29,242	1,000	535,000	212,000	571,022	215,467
510,000	570,000	1080,000	2,453	36,842	71,771	3,000	52,488	20,005	10,713	6,452	56,443	210,000	130234,753	130452,364	130453,364	130455,062	130455,576	130455,786	130456,154	46954,753	47092,364	47093,364	47095,062	47095,576	47095,786	47096,154	14,093	14,459	5,109	4,133	-13,440	13,440	29,784	30,796	1,000	524,000	142,000	571,022	215,467
470,000	1170,000	1640,000	0,498	16,239	42,482	14,000	52,465	18,346	13,618	3,547	57,583	190,000	130234,753	130457,646	130458,645	130459,925	130500,405	130500,595	130501,585	46954,753	47097,646	47098,645	47099,925	47100,405	47100,595	47101,585	12,829	13,449	3,102	1,897	-13,440	13,440	10,997	18,361	1,000	574,000	198,000	571,022	215,467
290,000	770,000	1060,000	1,455	31,169	51,301	6,000	54,473	18,867	10,636	6,529	57,268	240,000	130234,753	130503,325	130504,325	130508,185	130508,485	130508,725	130509,265	46954,753	47103,325	47104,325	47108,185	47108,485	47108,725	47109,265	14,205	12,546	5,326	4,222	-13,440	13,440	27,342	30,083	1,000	520,000	207,000	571,022	215,467
310,000	770,000	1080,000	1,480	59,740	64,393	3,000	51,926	18,224	0,482	16,683	52,927	460,000	130234,753	130511,676	130512,675	130514,385	130514,707	130515,167	130515,485	46954,753	47111,676	47112,675	47114,385	47114,707	47115,167	47115,485	12,349	13,895	11,712	12,372	-13,440	13,440	18,793	19,010	1,000	582,000	164,000	571,022	215,467
320,000	1120,000	1440,000	0,142	10,714	37,987	10,000	52,188	18,687	15,180	1,985	56,874	120,000	130234,753	130517,856	130518,855	130521,622	130521,944	130522,064	130523,076	46954,753	47117,856	47118,855	47121,622	47121,945	47122,065	47123,076	13,164	13,477	1,706	1,107	-13,440	13,440	12,101	17,534	1,000	566,000	216,000	571,022	215,467
280,000	930,000	1210,000	2,039	12,903	51,631	8,000	51,864	19,821	16,119	1,047	56,784	120,000	130234,753	130525,008	130526,008	130528,436	130528,725	130528,845	130529,665	46954,753	47125,008	47126,008	47128,436	47128,725	47128,845	47129,665	13,839	14,598	0,847	0,718	-13,440	13,440	7,561	8,921	1,000	531,000	155,000	571,022	215,467
350,000	990,000	1340,000	0,555	21,212	42,032	11,000	52,545	18,045	13,340	3,825	56,871	210,000	130234,753	130531,308	130532,310	130533,437	130533,797	130534,007	130534,794	46954,753	47131,308	47132,310	47133,437	47133,797	47134,007	47134,794	12,630	13,219	3,055	2,519	-13,440	13,440	22,874	20,927	1,000	578,000	197,000	571,022	215,467
130,000	1190,000	1320,000	0,856	36,975	34,074	10,000	52,963	19,075	6,954	10,211	55,457	440,000	130234,753	130536,415	130537,415	130540,858	130541,059	130541,499	130542,256	46954,753	47136,415	47137,415	47140,858	47141,059	47141,499	47142,256	13,727	13,642	7,794	7,007	-13,440	13,440	22,985	21,825	1,000	556,000	189,000	571,022	215,467
290,000	980,000	1270,000	0,534	14,286	35,148	10,000	52,933	18,077	14,061	3,105	57,974	140,000	130234,753	130544,170	130545,170	130547,945	130548,245	130548,385	130549,235	46954,753	47144,170	47145,170	47147,945	47148,245	47148,385	47149,235	12,826	12,937	2,772	1,566	-13,440	13,440	20,506	22,814	1,000	560,000	200,000	571,022	215,467
310,000	930,000	1240,000	0,427	36,559	38,116	4,000	52,521	17,517	9,644	7,521	55,180	340,000	130234,753	130551,646	130552,646	130553,949	130554,265	130554,605	130555,205	46954,753	47151,646	47152,646	47153,949	47154,265	47154,605	47155,205	12,238	12,854	5,460	5,563	-13,440	13,440	20,806	24,720	1,000	582,000	205,000	571,022	215,467
30,000	1900,000	1930,000	1,931	4,211	29,447	20,000	51,835	21,910	17,107	0,058	57,199	80,000	130234,753	130557,204	130558,204	130601,479	130601,680	130601,760	130603,584	46954,753	47157,204	47158,204	47161,479	47161,680	47161,760	47163,584	15,503	16,103	0,087	0,059	-13,440	13,440	4,614	0,302	1,000	632,000	247,000	571,022	215,467
260,000	1290,000	1550,000	0,212	12,403	35,181	14,000	53,017	17,476	12,519	4,646	57,767	160,000	130234,753	130605,359	130606,360	130609,856	130610,125	130610,285	130611,424	46954,753	47165,359	47166,360	47169,856	47170,125	47170,285	47171,424	12,433	12,544	3,980	2,635	-13,440	13,440	31,390	31,921	1,000	572,000	208,000	571,022	215,467
320,000	1180,000	1500,000	0,192	20,339	34,438	14,000	52,309	17,348	13,807	3,359	55,787	240,000	130234,753	130612,976	130613,976	130617,733	130618,055	130618,295	130619,244	46954,753	47172,976	47173,976	47177,733	47178,055	47178,295	47179,244	12,237	12,606	2,508	2,509	-13,440	13,440	7,171	13,853	1,000	573,000	222,000	571,022	215,467
30,000	90,000	120,000	18,579	0,000	0,911	0,000	55,592	0,041	17,165	0,000	55,604	0,000	130234,753	130620,786	130621,786	130622,855	130623,056	130623,056	130623,155	46954,753	47180,786	47181,786	47182,855	47183,056	47183,056	47183,155	0,029	0,029	0,000	0,000	-13,440	13,440	0,168	NaN	1,000	1020,000	700,000	571,022	215,467
300,000	960,000	1260,000	0,453	36,458	60,400	8,000	53,005	17,417	3,260	13,906	54,973	350,000	130234,753	130626,382	130627,382	130630,923	130631,225	130631,575	130632,195	46954,753	47186,382	47187,382	47190,923	47191,225	47191,575	47192,195	12,461	12,347	10,732	9,180	-13,440	13,440	54,065	53,551	1,000	584,000	225,000	571,022	215,467
300,000	1630,000	1930,000	6,574	12,883	33,104	17,000	52,681	21,691	13,120	4,046	57,163	210,000	130234,753	130634,130	130635,129	130637,439	130637,744	130637,954	130639,384	46954,753	47194,130	47195,130	47197,439	47197,744	47197,954	47199,384	15,631	15,532	3,374	2,483	-13,440	13,440	1,716	21,151	1,000	717,000	398,000	571,022	215,467
300,000	1030,000	1330,000	0,726	12,621	46,591	9,000	53,059	16,171	16,055	1,111	56,322	130,000	130234,753	130640,644	130641,644	130645,607	130645,916	130646,046	130646,955	46954,753	47200,644	47201,644	47205,607	47205,916	47206,046	47206,955	11,477	11,673	0,636	1,010	-13,440	13,440	8,950	8,108	1,000	589,000	234,000	571,022	215,467
300,000	1070,000	1370,000	0,306	15,888	33,247	9,000	52,154	18,771	14,429	2,736	56,738	170,000	130234,753	130648,431	130649,431	130652,894	130653,205	130653,375	130654,285	46954,753	47208,431	47209,431	47212,894	47213,205	47213,375	47214,285	13,164	13,670	2,305	1,538	-13,440	13,440	13,741	12,798	1,000	568,000	205,000	571,022	215,467
390,000	1540,000	1930,000	0,601	25,974	48,778	13,000	52,230	19,232	4,136	13,030	55,012	400,000	130234,753	130655,881	130656,881	130658,707	130659,105	130659,505	130700,656	46954,753	47215,881	47216,881	47218,707	47219,105	47219,505	47220,656	13,313	14,262	9,843	8,908	-13,440	13,440	40,501	40,212	1,000	577,000	236,000	571,022	215,467
320,000	1100,000	1420,000	0,993	13,636	53,108	10,000	53,313	16,726	16,468	0,697	56,583	150,000	130234,753	130702,442	130703,443	130704,575	130704,905	130705,055	130706,015	46954,753	47222,442	47223,443	47224,575	47224,905	47225,055	47226,015	11,983	11,931	0,318	0,694	-13,440	13,440	3,629	3,406	1,000	599,000	237,000	571,022	215,467
30,000	1900,000	1930,000	4,725	9,474	35,915	23,000	53,100	22,385	15,211	1,955	57,741	180,000	130234,753	130707,752	130708,751	130711,446	130711,647	130711,826	130713,554	46954,753	47227,752	47228,752	47231,446	47231,647	47231,827	47233,554	16,548	15,694	1,985	0,881	-13,440	13,440	2,817	13,282	1,000	693,000	331,000	571,022	215,467
360,000	1020,000	1380,000	0,427	14,706	52,323	8,000	52,103	17,571	16,426	0,739	55,332	150,000	130234,753	130715,208	130716,209	130717,490	130717,856	130718,006	130718,885	46954,753	47235,208	47236,209	47237,490	47237,856	47238,006	47238,885	12,265	12,941	0,186	1,018	-13,440	13,440	1,377	4,332	1,000	586,000	218,000	571,022	215,467
