430,000	1000,000	1430,000	1,144	14,000	25,590	10,000	38,354	18,276	24,285	0,895	29,282	140,000	164903,152	164910,543	164911,548	164912,625	164913,065	164913,205	164914,077	60543,152	60550,543	60551,548	60552,625	60553,065	60553,205	60554,077	14,328	12,474	0,566	0,744	13,440	13,440	9,564	6,485	1,000	908,000	227,000	868,978	215,467
310,000	1120,000	1430,000	3,445	19,643	33,930	9,000	38,481	19,979	18,948	6,232	33,463	220,000	164903,152	164915,977	164916,977	164919,747	164920,066	164920,286	164921,195	60543,152	60555,977	60556,977	60559,747	60560,066	60560,286	60561,195	14,348	14,251	3,786	5,013	13,440	13,440	15,331	32,165	1,000	799,000	316,000	868,978	215,467
230,000	80,000	310,000	0,806	0,000	0,900	0,000	74,535	0,063	25,178	0,002	74,808	0,000	164903,152	164922,184	164923,184	164925,910	164926,144	164926,144	164926,235	60543,152	60562,184	60563,184	60565,911	60566,144	60566,144	60566,235	0,030	0,029	0,000	0,000	13,440	13,440	0,567	NaN	1,000	849,000	236,000	868,978	215,467
330,000	860,000	1190,000	0,196	18,605	39,301	10,000	36,957	18,197	21,480	3,701	31,894	160,000	164903,152	164928,443	164929,443	164931,617	164931,955	164932,115	164932,824	60543,152	60568,443	60569,444	60571,617	60571,955	60572,115	60572,824	12,883	13,195	2,225	3,075	13,440	13,440	19,766	24,088	1,000	875,000	219,000	868,978	215,467
320,000	990,000	1310,000	0,208	14,141	34,706	14,000	36,609	18,377	21,901	3,279	30,393	140,000	164903,152	164936,541	164937,543	164939,936	164940,265	164940,405	164941,266	60543,152	60576,541	60577,543	60579,936	60580,265	60580,405	60581,266	13,136	13,275	1,783	2,800	13,440	13,440	23,911	25,189	1,000	864,000	210,000	868,978	215,467
340,000	1090,000	1430,000	0,318	25,688	48,364	9,000	37,396	18,587	15,713	9,467	34,022	280,000	164903,152	164943,985	164944,986	164948,645	164948,996	164949,276	164950,096	60543,152	60583,985	60584,986	60588,645	60588,996	60589,276	60590,096	13,388	13,306	6,257	7,431	13,440	13,440	42,273	41,170	1,000	880,000	213,000	868,978	215,467
300,000	1070,000	1370,000	0,102	14,019	34,381	14,000	36,447	18,488	21,868	3,312	31,199	150,000	164903,152	164953,268	164954,268	164955,859	164956,165	164956,315	164957,245	60543,152	60593,268	60594,268	60595,859	60596,165	60596,315	60597,245	13,027	13,476	1,963	2,750	13,440	13,440	18,526	24,410	1,000	870,000	212,000	868,978	215,467
350,000	1080,000	1430,000	0,094	12,037	35,662	12,000	36,220	18,485	22,827	2,353	30,290	130,000	164903,152	165000,021	165001,022	165004,909	165005,265	165005,395	165006,356	60543,152	60600,021	60601,022	60604,909	60605,265	60605,395	60606,356	13,163	13,417	1,441	1,933	13,440	13,440	16,744	19,417	1,000	866,000	217,000	868,978	215,467
300,000	1120,000	1420,000	0,089	13,393	38,511	12,000	36,116	18,750	21,857	3,323	29,713	150,000	164903,152	165008,054	165009,054	165011,134	165011,435	165011,585	165012,565	60543,152	60608,054	60609,054	60611,134	60611,435	60611,585	60612,565	13,614	13,528	2,046	2,789	13,440	13,440	27,136	27,293	1,000	867,000	213,000	868,978	215,467
320,000	1090,000	1410,000	0,173	12,844	39,876	14,000	37,616	17,687	22,074	3,106	32,167	140,000	164903,152	165014,628	165015,628	165018,075	165018,405	165018,544	165019,505	60543,152	60614,628	60615,628	60618,075	60618,405	60618,545	60619,505	12,771	12,601	1,827	2,562	13,440	13,440	24,945	25,862	1,000	863,000	214,000	868,978	215,467
270,000	810,000	1080,000	0,214	18,519	44,348	6,000	35,788	19,216	22,010	3,170	29,462	150,000	164903,152	165021,664	165022,664	165024,038	165024,315	165024,465	165025,135	60543,152	60621,664	60622,664	60624,038	60624,315	60624,465	60625,135	13,700	14,010	1,865	2,680	13,440	13,440	17,964	24,088	1,000	873,000	209,000	868,978	215,467
340,000	780,000	1120,000	0,348	33,333	48,306	6,000	37,457	18,279	17,868	7,312	33,582	260,000	164903,152	165027,807	165028,807	165030,145	165030,495	165030,755	165031,286	60543,152	60627,807	60628,807	60630,145	60630,495	60630,755	60631,286	13,167	13,111	4,814	5,831	13,440	13,440	27,232	32,583	1,000	878,000	207,000	868,978	215,467
340,000	950,000	1290,000	0,148	14,737	44,831	8,000	36,822	18,166	21,954	3,226	31,799	140,000	164903,152	165033,499	165034,498	165036,341	165036,686	165036,826	165037,645	60543,152	60633,499	60634,498	60636,341	60636,686	60636,826	60637,645	12,855	13,192	2,005	2,661	13,440	13,440	22,358	23,333	1,000	865,000	212,000	868,978	215,467
300,000	870,000	1170,000	0,296	17,241	49,889	4,000	36,705	18,476	21,462	3,718	31,744	150,000	164903,152	165039,632	165040,632	165043,894	165044,205	165044,355	165045,085	60543,152	60639,632	60640,632	60643,894	60644,205	60644,355	60645,085	13,022	13,444	2,296	3,043	13,440	13,440	26,570	24,472	1,000	870,000	205,000	868,978	215,467
300,000	980,000	1280,000	0,233	13,265	42,208	11,000	36,311	18,260	22,342	2,838	30,592	130,000	164903,152	165047,287	165048,287	165051,060	165051,364	165051,495	165052,356	60543,152	60647,287	60648,287	60651,060	60651,365	60651,495	60652,356	12,771	13,392	1,495	2,496	13,440	13,440	21,242	23,224	1,000	862,000	211,000	868,978	215,467
360,000	1070,000	1430,000	0,095	26,168	45,756	9,000	37,587	17,805	23,614	1,567	32,422	280,000	164903,152	165056,979	165057,979	165101,504	165101,875	165102,155	165102,955	60543,152	60656,980	60657,980	60661,504	60661,875	60662,155	60662,955	12,716	12,817	1,048	1,183	13,440	13,440	9,597	1,060	1,000	872,000	217,000	868,978	215,467
320,000	1110,000	1430,000	0,271	11,712	57,662	10,000	36,838	18,083	21,832	3,348	32,063	130,000	164903,152	165105,391	165106,391	165110,283	165110,605	165110,735	165111,725	60543,152	60665,391	60666,391	60670,283	60670,605	60670,735	60671,725	12,600	13,229	1,971	2,789	13,440	13,440	27,165	27,507	1,000	860,000	212,000	868,978	215,467
360,000	1000,000	1360,000	0,170	20,000	42,052	9,000	37,266	18,258	19,819	5,361	32,280	200,000	164903,152	165114,118	165115,118	165116,692	165117,056	165117,256	165118,065	60543,152	60674,118	60675,118	60676,692	60677,056	60677,256	60678,065	13,219	13,025	3,380	4,333	13,440	13,440	29,084	29,006	1,000	875,000	216,000	868,978	215,467
260,000	900,000	1160,000	0,129	27,778	46,266	5,000	37,222	18,254	16,660	8,520	32,513	250,000	164903,152	165120,744	165121,744	165123,635	165123,905	165124,155	165124,815	60543,152	60680,744	60681,744	60683,635	60683,905	60684,155	60684,815	12,938	13,193	4,925	7,091	13,440	13,440	38,952	39,720	1,000	866,000	212,000	868,978	215,467
470,000	810,000	1280,000	0,227	37,037	55,988	6,000	36,981	18,378	13,500	11,680	34,132	300,000	164903,152	165126,667	165127,667	165131,344	165131,815	165132,115	165132,635	60543,152	60686,667	60687,667	60691,344	60691,815	60692,115	60692,635	13,166	13,221	7,716	9,126	13,440	13,440	43,052	47,126	1,000	872,000	208,000	868,978	215,467
320,000	890,000	1210,000	0,225	55,056	54,960	5,000	36,482	18,394	10,462	14,718	35,418	490,000	164903,152	165135,163	165136,162	165139,728	165140,054	165140,544	165140,958	60543,152	60695,163	60696,162	60699,728	60700,054	60700,544	60700,958	13,110	13,336	10,305	10,933	13,440	13,440	2,735	6,611	1,000	861,000	215,000	868,978	215,467
280,000	900,000	1180,000	0,248	31,111	56,104	8,000	36,910	17,946	14,279	10,901	34,403	280,000	164903,152	165143,312	165144,312	165147,685	165147,975	165148,255	165148,885	60543,152	60703,312	60704,312	60707,685	60707,975	60708,255	60708,885	12,659	13,079	7,231	8,539	13,440	13,440	48,559	48,878	1,000	863,000	209,000	868,978	215,467
360,000	810,000	1170,000	0,168	54,321	66,686	4,000	37,537	17,966	9,923	15,257	35,722	440,000	164903,152	165151,609	165152,609	165154,303	165154,665	165155,105	165155,485	60543,152	60711,609	60712,609	60714,303	60714,665	60715,105	60715,485	13,079	12,797	10,529	11,427	13,440	13,440	13,017	13,189	1,000	865,000	211,000	868,978	215,467
360,000	890,000	1250,000	0,031	15,730	41,728	9,000	37,432	18,152	21,827	3,353	31,367	140,000	164903,152	165157,247	165158,247	165200,953	165201,314	165201,454	165202,215	60543,152	60717,247	60718,247	60720,953	60721,314	60721,454	60722,215	13,447	12,743	2,203	2,671	13,440	13,440	22,290	21,965	1,000	868,000	216,000	868,978	215,467
390,000	1040,000	1430,000	0,584	12,500	40,206	9,000	38,083	20,043	22,354	2,826	30,850	130,000	164903,152	165204,199	165205,199	165208,885	165209,286	165209,416	165210,335	60543,152	60724,200	60725,199	60728,885	60729,286	60729,416	60730,335	15,054	13,944	1,742	2,334	13,440	13,440	20,293	22,041	1,000	889,000	210,000	868,978	215,467
380,000	850,000	1230,000	0,842	32,941	51,588	6,000	36,265	17,640	18,056	7,124	31,826	280,000	164903,152	165212,168	165213,168	165216,283	165216,666	165216,946	165217,525	60543,152	60732,168	60733,169	60736,283	60736,666	60736,946	60737,525	12,490	12,883	4,313	5,913	13,440	13,440	32,956	33,574	1,000	840,000	223,000	868,978	215,467
310,000	940,000	1250,000	0,341	30,851	50,675	8,000	36,886	18,687	18,010	7,170	32,371	290,000	164903,152	165220,698	165221,698	165222,843	165223,155	165223,445	165224,104	60543,152	60740,698	60741,698	60742,843	60743,155	60743,445	60744,104	13,444	13,473	4,541	5,835	13,440	13,440	30,728	30,883	1,000	881,000	214,000	868,978	215,467
570,000	220,000	790,000	0,110	86,364	4,667	1,000	73,046	0,623	24,584	0,596	73,046	190,000	164903,152	165228,552	165229,551	165232,748	165233,324	165233,514	165233,556	60543,152	60748,552	60749,551	60752,748	60753,324	60753,514	60753,556	0,424	0,568	0,422	0,515	13,440	13,440	NaN	1,664	1,000	866,000	218,000	868,978	215,467
270,000	1160,000	1430,000	0,154	12,069	58,898	14,000	37,542	19,310	22,018	3,162	32,559	140,000	164903,152	165235,693	165236,693	165238,725	165239,005	165239,145	165240,175	60543,152	60755,693	60756,694	60758,725	60759,005	60759,145	60760,175	13,500	14,054	1,873	2,629	13,440	13,440	22,807	22,509	1,000	869,000	210,000	868,978	215,467
350,000	1080,000	1430,000	0,312	14,815	44,165	9,000	37,168	20,644	21,282	3,898	30,397	160,000	164903,152	165241,992	165242,992	165245,521	165245,875	165246,035	165246,965	60543,152	60761,993	60762,992	60765,521	60765,875	60766,035	60766,965	15,076	14,712	2,334	3,247	13,440	13,440	25,808	25,438	1,000	878,000	209,000	868,978	215,467
420,000	1010,000	1430,000	0,221	13,861	42,134	11,000	37,701	19,396	21,273	3,907	30,508	140,000	164903,152	165248,756	165249,756	165252,140	165252,566	165252,706	165253,585	60543,152	60768,756	60769,756	60772,140	60772,566	60772,706	60773,585	14,424	13,599	2,338	3,181	13,440	13,440	28,284	31,145	1,000	876,000	219,000	868,978	215,467
230,000	1200,000	1430,000	0,013	42,500	50,935	9,000	36,042	19,068	9,006	16,174	35,778	510,000	164903,152	165257,357	165258,357	165259,993	165300,224	165300,734	165301,436	60543,152	60777,357	60778,357	60779,993	60780,224	60780,734	60781,436	12,937	14,234	11,062	12,164	13,440	13,440	21,719	22,139	1,000	869,000	215,000	868,978	215,467
300,000	1020,000	1320,000	0,174	14,706	46,037	11,000	36,830	18,170	22,270	2,910	31,023	150,000	164903,152	165303,384	165304,384	165305,719	165306,025	165306,175	165307,055	60543,152	60783,384	60784,384	60785,719	60786,025	60786,175	60787,055	12,937	13,163	1,637	2,507	13,440	13,440	22,762	21,644	1,000	863,000	217,000	868,978	215,467
310,000	1050,000	1360,000	0,031	21,905	53,637	9,000	36,854	18,301	18,320	6,861	32,418	230,000	164903,152	165309,496	165310,496	165313,370	165313,685	165313,915	165314,745	60543,152	60789,496	60790,496	60793,371	60793,685	60793,915	60794,745	13,162	13,164	4,350	5,583	13,440	13,440	33,767	32,460	1,000	868,000	216,000	868,978	215,467
300,000	840,000	1140,000	0,316	14,286	42,215	8,000	39,380	17,290	22,285	2,895	33,731	120,000	164903,152	165316,669	165317,670	165318,739	165319,045	165319,165	165319,895	60543,152	60796,669	60797,670	60798,739	60799,045	60799,165	60799,895	12,747	11,958	1,663	2,404	13,440	13,440	19,015	25,912	1,000	875,000	206,000	868,978	215,467
290,000	900,000	1190,000	0,129	18,889	42,641	8,000	36,838	18,525	21,410	3,770	30,465	170,000	164903,152	165322,613	165323,613	165325,180	165325,475	165325,645	165326,385	60543,152	60802,613	60803,613	60805,180	60805,475	60805,645	60806,385	13,417	13,276	2,138	3,213	13,440	13,440	21,678	22,348	1,000	872,000	212,000	868,978	215,467
340,000	940,000	1280,000	0,109	28,723	50,557	8,000	37,053	18,243	17,448	7,732	33,438	270,000	164903,152	165328,367	165329,367	165333,198	165333,544	165333,815	165334,495	60543,152	60808,367	60809,367	60813,198	60813,545	60813,815	60814,495	13,022	13,163	5,072	6,154	13,440	13,440	35,951	34,238	1,000	866,000	213,000	868,978	215,467
300,000	970,000	1270,000	0,119	29,897	55,260	7,000	35,740	18,944	21,331	3,850	29,641	290,000	164903,152	165336,715	165337,715	165340,141	165340,445	165340,734	165341,424	60543,152	60816,715	60817,715	60820,141	60820,445	60820,735	60821,425	13,416	13,894	2,184	3,310	13,440	13,440	23,706	22,887	1,000	865,000	214,000	868,978	215,467
270,000	1000,000	1270,000	0,129	30,000	46,416	10,000	37,374	18,142	14,739	10,441	33,300	300,000	164903,152	165343,447	165344,447	165347,916	165348,195	165348,495	165349,205	60543,152	60823,447	60824,447	60827,916	60828,195	60828,495	60829,205	13,023	13,050	6,391	8,510	13,440	13,440	37,771	36,254	1,000	868,000	211,000	868,978	215,467
320,000	1040,000	1360,000	0,317	15,385	67,225	9,000	36,631	17,974	20,698	4,482	31,853	160,000	164903,152	165351,322	165352,322	165355,323	165355,645	165355,805	165356,695	60543,152	60831,322	60832,322	60835,323	60835,645	60835,805	60836,695	12,602	13,136	2,631	3,793	13,440	13,440	28,016	27,713	1,000	858,000	218,000	868,978	215,467
