390,000	230,000	620,000	19,481	95,652	5,980	0,000	57,129	0,839	16,327	0,838	57,129	220,000	165754,407	165802,688	165803,688	165807,099	165807,495	165807,715	165807,735	61074,407	61082,688	61083,688	61087,099	61087,496	61087,716	61087,735	0,705	0,367	0,706	0,367	-13,440	13,440	NaN	2,495	1,000	1067,000	699,000	571,022	215,467
30,000	20,000	50,000	19,301	0,000	0,000	0,000	56,611	0,000	17,165	0,000	56,611	0,000	165754,407	165812,751	165813,750	165815,686	165815,886	165815,886	165815,915	61074,407	61092,751	61093,750	61095,686	61095,886	61095,886	61095,915	0,000	0,000	0,000	0,000	-13,440	13,440	NaN	NaN	1,000	1059,000	698,000	571,022	215,467
440,000	940,000	1380,000	6,878	21,277	27,508	10,000	54,543	11,586	14,741	2,425	57,869	200,000	165754,407	165820,000	165820,999	165822,586	165823,034	165823,234	165823,984	61074,407	61100,000	61100,999	61102,586	61103,034	61103,234	61103,984	8,722	7,765	2,471	0,830	-13,440	13,440	8,742	11,790	1,000	728,000	403,000	571,022	215,467
1570,000	0,000	1570,000	24,033	NaN	0,000	0,000	65,040	0,000	17,165	0,000	63,022	0,000	165754,407	165827,736	165828,736	165831,879	165833,455	165833,455	165833,464	61074,407	61107,736	61108,736	61111,879	61113,455	61113,455	61113,464	0,057	0,000	0,057	0,000	-13,440	13,440	NaN	NaN	1,000	1305,000	653,000	571,022	215,467
380,000	1050,000	1430,000	20,517	17,143	48,523	11,000	57,331	26,559	12,982	4,184	70,057	180,000	165754,407	165834,737	165835,736	165838,375	165838,766	165838,946	165839,825	61074,407	61114,737	61115,736	61118,375	61118,766	61118,946	61119,825	20,601	17,658	3,960	1,856	-13,440	13,440	17,697	23,720	1,000	1096,000	722,000	571,022	215,467
60,000	20,000	80,000	3,787	0,000	0,000	0,000	62,111	0,000	17,165	0,000	62,111	0,000	165754,407	165841,152	165842,151	165843,767	165843,967	165843,967	165843,995	61074,407	61121,152	61122,151	61123,767	61123,967	61123,967	61123,995	0,000	0,000	0,000	0,000	-13,440	13,440	NaN	NaN	1,000	633,000	335,000	571,022	215,467
100,000	20,000	120,000	18,645	0,000	0,000	0,000	56,667	0,000	17,165	0,000	56,667	0,000	165754,407	165845,595	165846,597	165849,236	165849,437	165849,437	165849,465	61074,407	61125,595	61126,597	61129,236	61129,437	61129,437	61129,465	0,000	0,000	0,000	0,000	-13,440	13,440	NaN	NaN	1,000	1040,000	684,000	571,022	215,467
390,000	1040,000	1430,000	1,239	20,192	27,111	7,000	52,489	16,202	13,035	4,130	57,934	210,000	165754,407	165853,951	165854,951	165856,386	165856,785	165856,995	165857,834	61074,407	61133,951	61134,951	61136,386	61136,785	61136,995	61137,834	11,324	12,134	3,945	1,871	-13,440	13,440	16,904	21,705	1,000	610,000	236,000	571,022	215,467
480,000	950,000	1430,000	3,029	17,895	29,542	8,000	53,392	15,932	13,515	3,650	58,860	170,000	165754,407	165859,631	165900,630	165904,359	165904,845	165905,015	165905,804	61074,407	61139,631	61140,630	61144,360	61144,845	61145,015	61145,805	11,499	11,375	3,732	1,349	-13,440	13,440	12,573	25,765	1,000	658,000	279,000	571,022	215,467
410,000	1020,000	1430,000	1,131	17,647	29,663	10,000	52,101	17,030	13,563	3,603	58,178	180,000	165754,407	165908,831	165909,832	165912,629	165913,045	165913,225	165914,074	61074,407	61148,831	61149,832	61152,629	61153,045	61153,225	61154,074	11,927	12,569	3,669	1,352	-13,440	13,440	13,266	22,809	1,000	605,000	237,000	571,022	215,467
390,000	1040,000	1430,000	2,200	24,038	28,320	10,000	52,516	16,322	13,667	3,499	57,191	250,000	165754,407	165917,836	165918,836	165922,255	165922,655	165922,905	165923,704	61074,407	61157,836	61158,836	61162,255	61162,655	61162,905	61163,704	11,696	11,692	3,338	1,533	-13,440	13,440	0,202	10,167	1,000	618,000	278,000	571,022	215,467
130,000	20,000	150,000	19,481	0,000	0,000	0,000	56,771	0,000	17,165	0,000	56,771	0,000	165754,407	165927,103	165928,103	165930,013	165930,214	165930,214	165930,235	61074,407	61167,103	61168,103	61170,013	61170,214	61170,214	61170,235	0,000	0,000	0,000	0,000	-13,440	13,440	NaN	NaN	1,000	1067,000	699,000	571,022	215,467
350,000	740,000	1090,000	4,094	52,703	40,358	4,000	52,815	14,938	11,927	5,238	56,176	390,000	165754,407	165933,785	165934,785	165938,638	165938,995	165939,385	165939,745	61074,407	61173,785	61174,785	61178,638	61178,995	61179,385	61179,745	10,805	10,384	4,474	2,702	-13,440	13,440	18,934	8,071	1,000	643,000	342,000	571,022	215,467
410,000	150,000	560,000	19,303	93,333	4,189	0,000	56,065	0,392	16,776	0,389	56,065	140,000	165754,407	165945,200	165946,201	165950,041	165950,456	165950,596	165950,616	61074,407	61185,200	61186,201	61190,041	61190,456	61190,596	61190,616	0,283	0,198	0,283	0,196	-13,440	13,440	NaN	2,947	1,000	1049,000	708,000	571,022	215,467
480,000	950,000	1430,000	19,071	12,632	39,842	13,000	60,505	15,689	15,254	1,911	82,547	120,000	165754,407	165958,116	165959,116	170001,395	170001,884	170002,004	170002,845	61074,407	61198,116	61199,116	61201,395	61201,884	61202,004	61202,845	11,416	13,458	1,960	0,630	-13,440	13,440	12,243	9,707	1,000	1065,000	680,000	571,022	215,467
350,000	1080,000	1430,000	1,937	18,519	66,951	10,000	52,041	23,700	12,761	4,404	57,926	200,000	165754,407	170003,433	170004,433	170006,979	170007,335	170007,535	170008,427	61074,407	61203,433	61204,433	61206,979	61207,335	61207,535	61208,427	16,916	16,906	4,116	1,948	-13,440	13,440	22,933	23,646	1,000	589,000	149,000	571,022	215,467
450,000	980,000	1430,000	1,805	30,612	40,603	6,000	53,066	18,302	13,606	3,559	55,198	300,000	165754,407	170011,416	170012,416	170013,420	170013,876	170014,176	170014,865	61074,407	61211,416	61212,416	61213,420	61213,876	61214,176	61214,865	13,748	12,290	2,846	2,235	-13,440	13,440	1,784	16,836	1,000	580,000	279,000	571,022	215,467
570,000	860,000	1430,000	5,938	25,581	22,883	11,000	57,089	13,126	13,797	3,368	57,455	220,000	165754,407	170022,329	170023,331	170025,695	170026,275	170026,495	170027,145	61074,407	61222,330	61223,331	61225,695	61226,275	61226,495	61227,145	11,391	6,721	3,290	1,143	-13,440	13,440	0,822	14,307	1,000	597,000	425,000	571,022	215,467
110,000	470,000	580,000	18,260	27,660	2,024	4,000	55,162	0,411	17,087	0,078	55,104	130,000	165754,407	170033,057	170034,057	170035,306	170035,507	170035,637	170035,986	61074,407	61233,058	61234,058	61235,306	61235,507	61235,637	61235,986	0,422	0,113	0,118	0,000	-13,440	13,440	0,331	0,616	1,000	994,000	708,000	571,022	215,467
290,000	1140,000	1430,000	7,439	17,544	55,162	10,000	52,665	29,600	14,863	2,302	55,366	200,000	165754,407	170041,364	170042,364	170044,983	170045,275	170045,476	170046,425	61074,407	61241,364	61242,364	61244,983	61245,276	61245,476	61246,425	22,179	19,996	1,567	2,190	-13,440	13,440	11,176	10,098	1,000	402,000	12,000	571,022	215,467
30,000	1400,000	1430,000	0,647	7,857	32,829	19,000	52,199	19,362	17,077	0,088	56,407	110,000	165754,407	170049,432	170050,432	170053,905	170054,105	170054,215	170055,516	61074,407	61249,432	61250,432	61253,905	61254,105	61254,215	61255,516	13,779	13,990	0,145	0,010	-13,440	13,440	0,056	0,481	1,000	588,000	231,000	571,022	215,467
730,000	700,000	1430,000	3,867	52,857	34,653	5,000	55,392	11,772	12,149	5,017	57,012	370,000	165754,407	170059,867	170100,867	170102,317	170103,055	170103,425	170103,764	61074,407	61259,867	61260,867	61262,317	61263,055	61263,425	61263,765	9,168	7,585	4,236	2,575	-13,440	13,440	27,027	5,292	1,000	650,000	328,000	571,022	215,467
430,000	1000,000	1430,000	1,206	14,000	52,258	7,000	53,390	22,254	14,764	2,401	56,712	140,000	165754,407	170108,782	170109,781	170113,223	170113,655	170113,795	170114,665	61074,407	61268,782	61269,781	61273,223	61273,655	61273,795	61274,665	16,731	14,803	2,057	1,285	-13,440	13,440	17,350	18,261	1,000	543,000	183,000	571,022	215,467
500,000	930,000	1430,000	1,123	34,409	58,080	5,000	51,334	18,341	14,520	2,645	55,549	320,000	165754,407	170118,112	170119,112	170121,067	170121,576	170121,896	170122,514	61074,407	61278,113	61279,113	61281,067	61281,576	61281,896	61282,514	12,223	14,209	1,722	2,005	-13,440	13,440	3,810	3,326	1,000	577,000	176,000	571,022	215,467
110,000	1320,000	1430,000	1,013	11,364	48,653	15,000	54,228	19,147	17,097	0,068	57,240	150,000	165754,407	170126,001	170127,002	170128,812	170129,013	170129,163	170130,334	61074,407	61286,001	61287,002	61288,812	61289,013	61289,163	61290,334	14,418	12,996	0,073	0,036	-13,440	13,440	0,814	0,418	1,000	535,000	215,000	571,022	215,467
160,000	20,000	180,000	19,381	0,000	0,000	0,000	56,659	0,000	17,165	0,000	56,659	0,000	165754,407	170133,790	170134,790	170138,638	170138,840	170138,840	170138,865	61074,407	61293,790	61294,790	61298,638	61298,840	61298,840	61298,865	0,000	0,000	0,000	0,000	-13,440	13,440	NaN	NaN	1,000	1061,000	700,000	571,022	215,467
230,000	300,000	530,000	20,174	53,333	4,408	2,000	57,468	0,560	17,033	0,132	57,486	160,000	165754,407	170143,957	170144,957	170146,076	170146,315	170146,475	170146,625	61074,407	61303,957	61304,957	61306,076	61306,315	61306,475	61306,625	0,537	0,199	0,160	0,056	-13,440	13,440	2,994	0,720	1,000	1099,000	701,000	571,022	215,467
90,000	1340,000	1430,000	0,518	8,955	61,539	13,000	54,349	21,002	17,120	0,045	57,029	120,000	165754,407	170151,239	170152,239	170153,790	170153,992	170154,112	170155,336	61074,407	61311,239	61312,239	61313,790	61313,992	61314,112	61315,336	16,104	13,661	0,029	0,000	-13,440	13,440	3,326	0,068	1,000	561,000	200,000	571,022	215,467
350,000	1080,000	1430,000	3,505	20,370	31,130	8,000	52,704	15,793	15,921	1,244	56,010	220,000	165754,407	170159,022	170200,022	170201,815	170202,174	170202,394	170203,264	61074,407	61319,022	61320,022	61321,815	61322,174	61322,394	61323,265	11,287	11,362	0,891	0,915	-13,440	13,440	7,403	1,926	1,000	634,000	323,000	571,022	215,467
320,000	1110,000	1430,000	4,784	24,324	56,980	10,000	53,790	29,196	12,471	4,694	50,944	270,000	165754,407	170206,842	170207,842	170210,981	170211,305	170211,575	170212,426	61074,407	61326,842	61327,842	61330,981	61331,305	61331,575	61332,426	22,776	18,491	1,950	5,123	-13,440	13,440	3,222	5,508	1,000	453,000	93,000	571,022	215,467
70,000	1360,000	1430,000	3,577	10,294	76,468	15,000	56,899	28,996	16,864	0,301	58,297	140,000	165754,407	170215,876	170216,875	170218,702	170218,903	170219,043	170220,266	61074,407	61335,876	61336,875	61338,702	61338,903	61339,043	61340,266	23,901	16,534	0,343	0,080	-13,440	13,440	9,488	2,103	1,000	508,000	105,000	571,022	215,467
150,000	70,000	220,000	19,649	0,000	1,184	0,000	55,350	0,064	17,163	0,002	55,415	0,000	165754,407	170223,400	170224,400	170225,607	170225,809	170225,809	170225,884	61074,407	61343,400	61344,400	61345,607	61345,809	61345,809	61345,884	0,030	0,029	0,000	0,000	-13,440	13,440	0,550	NaN	1,000	1049,000	725,000	571,022	215,467
550,000	880,000	1430,000	5,566	17,045	95,448	8,000	52,227	27,623	16,864	0,301	56,192	150,000	165754,407	170233,752	170234,752	170236,778	170237,335	170237,485	170238,225	61074,407	61353,752	61354,752	61356,779	61357,335	61357,485	61358,225	20,406	19,080	0,212	0,254	-13,440	13,440	12,830	1,148	1,000	393,000	129,000	571,022	215,467
30,000	1400,000	1430,000	2,119	15,714	38,423	14,000	55,993	15,826	16,718	0,448	58,597	220,000	165754,407	170241,867	170242,868	170244,820	170245,021	170245,241	170246,426	61074,407	61361,867	61362,868	61364,820	61365,021	61365,241	61366,426	12,275	10,279	0,363	0,229	-13,440	13,440	9,813	0,324	1,000	542,000	285,000	571,022	215,467
230,000	100,000	330,000	19,268	0,000	0,823	0,000	55,594	0,040	17,165	0,000	55,606	0,000	165754,407	170249,385	170250,385	170251,429	170251,666	170251,666	170251,774	61074,407	61369,385	61370,385	61371,429	61371,666	61371,666	61371,775	0,030	0,029	0,000	0,000	-13,440	13,440	0,224	NaN	1,000	1042,000	713,000	571,022	215,467
1280,000	150,000	1430,000	7,406	0,000	19,423	0,000	56,929	2,469	17,142	0,024	61,906	0,000	165754,407	170252,484	170253,484	170257,070	170258,355	170258,355	170258,515	61074,407	61372,484	61373,484	61377,070	61378,355	61378,355	61378,515	1,249	2,571	0,008	0,021	-13,440	13,440	17,164	NaN	1,000	658,000	464,000	571,022	215,467
300,000	1130,000	1430,000	1,044	13,274	65,540	10,000	54,101	23,940	16,837	0,329	56,310	150,000	165754,407	170259,407	170300,407	170304,189	170304,495	170304,645	170305,635	61074,407	61379,407	61380,407	61384,189	61384,495	61384,645	61385,635	18,716	15,081	0,337	0,137	-13,440	13,440	8,687	0,846	1,000	534,000	213,000	571,022	215,467
30,000	20,000	50,000	19,972	0,000	0,000	0,000	57,414	0,000	17,165	0,000	57,414	0,000	165754,407	170307,803	170308,802	170311,331	170311,531	170311,531	170311,554	61074,407	61387,803	61388,802	61391,331	61391,531	61391,531	61391,555	0,000	0,000	0,000	0,000	-13,440	13,440	NaN	NaN	1,000	1092,000	698,000	571,022	215,467
30,000	40,000	70,000	19,122	0,000	0,538	0,000	56,323	0,024	17,163	0,002	56,379	0,000	165754,407	170315,922	170316,922	170319,305	170319,505	170319,505	170319,555	61074,407	61395,922	61396,922	61399,305	61399,506	61399,506	61399,555	0,000	0,000	0,000	0,000	-13,440	13,440	0,024	NaN	1,000	1049,000	699,000	571,022	215,467
430,000	1000,000	1430,000	5,607	17,000	80,057	10,000	55,163	28,370	16,401	0,764	55,867	170,000	165754,407	170324,962	170325,961	170327,187	170327,625	170327,795	170328,635	61074,407	61404,962	61405,961	61407,187	61407,625	61407,795	61408,635	22,943	16,946	0,661	0,520	-13,440	13,440	12,239	3,933	1,000	400,000	113,000	571,022	215,467
