540,000	1390,000	1930,000	0,582	21,583	31,160	11,000	52,540	18,926	10,820	6,346	56,767	300,000	173459,995	173604,492	173605,492	173607,449	173607,995	173608,295	173609,396	63299,995	63364,492	63365,492	63367,449	63367,995	63368,295	63369,396	13,633	13,346	5,329	3,590	-12,990	13,440	18,316	26,262	1,000	560,000	233,000	571,022	215,467
30,000	970,000	1000,000	13,925	12,371	22,350	11,000	52,448	4,423	16,770	0,395	53,179	120,000	173459,995	173613,434	173614,434	173615,699	173615,899	173616,019	173616,875	63299,995	63373,434	63374,434	63375,699	63375,899	63376,019	63376,875	3,439	2,788	0,393	0,232	-12,990	13,440	0,030	2,875	1,000	819,000	644,000	571,022	215,467
720,000	1210,000	1930,000	1,150	13,223	32,449	14,000	51,784	19,195	15,432	1,733	55,662	160,000	173459,995	173624,612	173625,612	173628,934	173629,657	173629,817	173630,875	63299,995	63384,612	63385,612	63388,934	63389,657	63389,817	63390,875	13,488	14,132	1,231	1,465	-12,990	13,440	5,162	5,215	1,000	549,000	181,000	571,022	215,467
540,000	1390,000	1930,000	4,274	9,353	20,336	19,000	57,099	11,201	16,938	0,228	59,366	130,000	173459,995	173637,934	173638,934	173642,057	173642,606	173642,736	173644,005	63299,995	63397,934	63398,934	63402,057	63402,606	63402,736	63404,005	8,719	7,324	0,210	0,132	-12,990	13,440	8,780	1,796	1,000	685,000	316,000	571,022	215,467
690,000	1240,000	1930,000	0,468	13,710	24,793	14,000	50,968	16,668	14,948	2,217	55,160	170,000	173459,995	173647,797	173648,797	173652,592	173653,285	173653,456	173654,537	63299,995	63407,797	63408,797	63412,593	63413,286	63413,456	63414,537	11,365	12,580	1,767	1,463	-12,990	13,440	5,547	11,655	1,000	577,000	231,000	571,022	215,467
1120,000	810,000	1930,000	10,879	16,049	20,228	11,000	55,498	6,832	17,079	0,087	56,900	130,000	173459,995	173657,797	173658,797	173700,099	173701,226	173701,356	173702,044	63299,995	63417,797	63418,797	63420,099	63421,226	63421,356	63422,045	5,150	4,786	0,058	0,028	-12,990	13,440	15,560	0,152	1,000	856,000	477,000	571,022	215,467
270,000	20,000	290,000	19,303	0,000	0,000	0,000	56,046	0,000	17,165	0,000	56,046	0,000	173459,995	173707,185	173708,186	173710,645	173710,925	173710,925	173710,956	63299,995	63427,185	63428,186	63430,645	63430,925	63430,925	63430,956	0,000	0,000	0,000	0,000	-12,990	13,440	NaN	NaN	1,000	1050,000	707,000	571,022	215,467
30,000	1900,000	1930,000	18,036	10,526	17,442	16,000	56,237	10,003	16,456	0,709	62,232	200,000	173459,995	173711,595	173712,596	173715,036	173715,237	173715,437	173717,145	63299,995	63431,595	63432,596	63435,036	63435,237	63435,437	63437,145	6,819	8,051	0,400	0,699	-12,990	13,440	1,797	1,228	1,000	1011,000	682,000	571,022	215,467
430,000	1500,000	1930,000	6,803	11,333	12,856	17,000	52,282	10,953	16,641	0,525	55,269	170,000	173459,995	173717,747	173718,747	173722,132	173722,566	173722,736	173724,076	63299,995	63437,747	63438,747	63442,132	63442,566	63442,736	63444,076	7,589	8,167	0,398	0,346	-12,990	13,440	2,575	2,692	1,000	732,000	396,000	571,022	215,467
410,000	20,000	430,000	18,290	0,000	0,000	0,000	56,207	0,000	17,165	0,000	56,207	0,000	173459,995	173728,052	173729,052	173732,376	173732,795	173732,795	173732,825	63299,995	63448,052	63449,052	63452,376	63452,795	63452,795	63452,825	0,000	0,000	0,000	0,000	-12,990	13,440	NaN	NaN	1,000	1022,000	684,000	571,022	215,467
30,000	900,000	930,000	9,258	16,667	13,578	8,000	57,736	3,764	17,006	0,159	59,685	150,000	173459,995	173736,789	173737,790	173739,768	173739,969	173740,119	173740,875	63299,995	63456,789	63457,790	63459,768	63459,969	63460,119	63460,875	2,759	2,650	0,166	0,064	-12,990	13,440	8,165	0,419	1,000	803,000	449,000	571,022	215,467
440,000	1490,000	1930,000	1,783	8,725	30,306	19,000	51,469	20,253	16,587	0,578	55,806	130,000	173459,995	173745,420	173746,421	173750,122	173750,565	173750,695	173752,065	63299,995	63465,420	63466,421	63470,122	63470,565	63470,695	63472,065	14,204	14,779	0,407	0,424	-12,990	13,440	3,341	4,046	1,000	529,000	168,000	571,022	215,467
570,000	240,000	810,000	17,459	66,667	7,885	2,000	56,348	0,924	16,415	0,750	56,443	160,000	173459,995	173755,376	173756,377	173800,013	173800,585	173800,745	173800,835	63299,995	63475,376	63476,377	63480,013	63480,586	63480,746	63480,835	0,733	0,480	0,625	0,377	-12,990	13,440	0,896	2,408	1,000	997,000	667,000	571,022	215,467
540,000	1390,000	1930,000	3,374	12,230	25,993	17,000	51,492	20,603	14,663	2,502	54,776	170,000	173459,995	173805,762	173806,763	173810,177	173810,726	173810,896	173812,125	63299,995	63485,762	63486,763	63490,177	63490,726	63490,896	63492,125	14,348	15,148	1,465	2,315	-12,990	13,440	3,332	11,557	1,000	490,000	127,000	571,022	215,467
840,000	1090,000	1930,000	2,098	13,761	35,508	10,000	52,229	20,469	16,309	0,856	55,182	150,000	173459,995	173814,668	173815,669	173817,206	173818,055	173818,205	173819,158	63299,995	63494,668	63495,669	63497,206	63498,055	63498,205	63499,158	14,960	14,141	0,543	0,714	-12,990	13,440	3,261	3,863	1,000	499,000	196,000	571,022	215,467
810,000	1120,000	1930,000	1,791	11,607	35,392	12,000	51,292	20,300	14,687	2,479	55,213	130,000	173459,995	173822,207	173823,207	173826,747	173827,565	173827,695	173828,695	63299,995	63502,207	63503,207	63506,747	63507,565	63507,695	63508,695	13,919	15,187	1,583	2,151	-12,990	13,440	15,381	19,147	1,000	538,000	161,000	571,022	215,467
30,000	160,000	190,000	19,401	93,750	0,536	0,000	56,222	0,063	17,105	0,060	56,222	150,000	173459,995	173830,020	173831,020	173832,768	173832,968	173833,118	173833,134	63299,995	63510,020	63511,020	63512,768	63512,968	63513,118	63513,134	0,058	0,028	0,057	0,028	-12,990	13,440	NaN	0,254	1,000	1055,000	707,000	571,022	215,467
660,000	1270,000	1930,000	3,704	11,811	18,019	14,000	51,635	13,938	16,318	0,847	55,439	150,000	173459,995	173837,486	173838,486	173842,370	173843,036	173843,186	173844,316	63299,995	63517,486	63518,486	63522,370	63523,036	63523,186	63524,316	9,413	10,737	0,544	0,692	-12,990	13,440	7,349	4,372	1,000	676,000	295,000	571,022	215,467
1300,000	630,000	1930,000	1,807	25,397	34,814	8,000	53,253	16,318	14,673	2,492	55,694	160,000	173459,995	173847,105	173848,105	173849,488	173850,795	173850,955	173851,435	63299,995	63527,105	63528,105	63529,488	63530,795	63530,955	63531,435	12,010	11,412	1,889	1,808	-12,990	13,440	15,669	14,253	1,000	605,000	270,000	571,022	215,467
1130,000	800,000	1930,000	3,312	21,250	28,379	8,000	52,602	13,460	16,524	0,642	55,518	170,000	173459,995	173854,047	173855,048	173857,698	173858,835	173859,005	173859,645	63299,995	63534,047	63535,048	63537,699	63538,835	63539,005	63539,645	9,486	9,982	0,301	0,719	-12,990	13,440	19,784	0,978	1,000	656,000	297,000	571,022	215,467
1010,000	920,000	1930,000	0,428	17,391	26,082	12,000	52,415	17,869	15,317	1,848	55,643	160,000	173459,995	173901,808	173902,809	173904,481	173905,495	173905,655	173906,426	63299,995	63541,808	63542,809	63544,481	63545,495	63545,655	63546,426	12,673	13,013	1,294	1,459	-12,990	13,440	3,497	12,199	1,000	582,000	226,000	571,022	215,467
780,000	1150,000	1930,000	0,765	14,783	33,590	12,000	51,112	18,790	16,633	0,532	55,470	170,000	173459,995	173909,473	173910,473	173911,604	173912,385	173912,555	173913,544	63299,995	63549,473	63550,473	63551,604	63552,385	63552,555	63553,545	12,823	14,282	0,319	0,455	-12,990	13,440	12,530	2,277	1,000	591,000	197,000	571,022	215,467
300,000	250,000	550,000	19,639	92,000	0,823	1,000	56,198	0,103	17,071	0,095	56,198	230,000	173459,995	173915,931	173916,931	173920,058	173920,365	173920,595	173920,625	63299,995	63555,931	63556,931	63560,058	63560,365	63560,595	63560,625	0,030	0,142	0,026	0,141	-12,990	13,440	NaN	0,227	1,000	1065,000	709,000	571,022	215,467
790,000	1140,000	1930,000	0,638	15,789	22,308	15,000	51,499	17,916	14,777	2,388	54,921	180,000	173459,995	173924,300	173925,300	173927,144	173927,935	173928,115	173929,085	63299,995	63564,300	63565,300	63567,144	63567,935	63568,115	63569,085	12,462	13,116	1,598	1,793	-12,990	13,440	5,658	12,306	1,000	549,000	210,000	571,022	215,467
120,000	20,000	140,000	18,760	0,000	0,000	0,000	55,389	0,000	17,165	0,000	55,389	0,000	173459,995	173932,586	173933,586	173935,913	173936,114	173936,114	173936,136	63299,995	63572,586	63573,586	63575,913	63576,114	63576,114	63576,136	0,000	0,000	0,000	0,000	-12,990	13,440	NaN	NaN	1,000	1023,000	706,000	571,022	215,467
150,000	20,000	170,000	1,971	0,000	0,000	0,000	64,300	0,000	17,165	0,000	64,300	0,000	173459,995	173942,131	173943,132	173945,880	173946,081	173946,081	173946,105	63299,995	63582,131	63583,132	63585,880	63586,081	63586,081	63586,105	0,000	0,000	0,000	0,000	-12,990	13,440	NaN	NaN	1,000	507,000	244,000	571,022	215,467
950,000	980,000	1930,000	6,099	17,347	21,933	7,000	52,073	13,761	16,058	1,107	54,551	170,000	173459,995	173947,551	173948,550	173951,894	173952,856	173953,026	173953,845	63299,995	63587,551	63588,550	63591,894	63592,856	63593,026	63593,845	9,543	10,463	0,580	1,169	-12,990	13,440	13,543	6,476	1,000	737,000	355,000	571,022	215,467
360,000	1570,000	1930,000	1,777	12,739	23,514	20,000	52,451	18,225	16,451	0,715	57,184	200,000	173459,995	173957,643	173958,642	174002,014	174002,375	174002,575	174003,955	63299,995	63597,643	63598,643	63602,014	63602,375	63602,575	63603,955	12,788	13,444	0,531	0,485	-12,990	13,440	3,433	3,726	1,000	539,000	161,000	571,022	215,467
690,000	1140,000	1830,000	2,536	14,035	36,166	12,000	52,857	20,036	13,707	3,458	55,529	160,000	173459,995	174006,684	174007,684	174011,110	174011,805	174011,965	174012,957	63299,995	63606,684	63607,684	63611,110	63611,805	63611,965	63612,957	14,486	14,007	2,288	2,890	-12,990	13,440	20,948	20,477	1,000	495,000	167,000	571,022	215,467
1070,000	860,000	1930,000	2,557	15,116	24,979	9,000	53,671	14,627	16,021	1,145	56,389	130,000	173459,995	174015,537	174016,537	174018,111	174019,185	174019,315	174020,055	63299,995	63615,537	63616,537	63618,111	63619,185	63619,315	63620,055	10,649	10,357	0,775	0,897	-12,990	13,440	9,057	9,172	1,000	633,000	282,000	571,022	215,467
30,000	90,000	120,000	22,324	0,000	0,747	0,000	55,292	0,033	17,165	0,000	55,360	0,000	173459,995	174022,267	174023,267	174025,266	174025,467	174025,467	174025,565	63299,995	63622,267	63623,267	63625,266	63625,467	63625,467	63625,565	0,000	0,059	0,000	0,000	-12,990	13,440	0,127	NaN	1,000	1129,000	780,000	571,022	215,467
30,000	110,000	140,000	19,210	90,909	1,594	0,000	57,286	0,109	17,057	0,108	57,286	100,000	173459,995	174026,857	174027,857	174029,735	174029,937	174030,037	174030,056	63299,995	63626,857	63627,857	63629,735	63629,937	63630,037	63630,056	0,028	0,114	0,028	0,112	-12,990	13,440	NaN	1,424	1,000	1068,000	684,000	571,022	215,467
30,000	170,000	200,000	16,836	94,118	1,525	0,000	57,503	0,099	17,067	0,098	57,503	160,000	173459,995	174030,649	174031,650	174033,001	174033,202	174033,362	174033,375	63299,995	63630,649	63631,650	63633,001	63633,202	63633,362	63633,375	0,028	0,141	0,028	0,138	-12,990	13,440	NaN	0,028	1,000	1000,000	633,000	571,022	215,467
590,000	1340,000	1930,000	2,258	20,896	25,382	14,000	51,087	20,792	13,129	4,036	55,757	280,000	173459,995	174041,756	174042,756	174044,257	174044,856	174045,136	174046,205	63299,995	63641,756	63642,756	63644,257	63644,856	63645,136	63646,205	14,287	15,555	3,136	2,753	-12,990	13,440	14,596	15,911	1,000	526,000	149,000	571,022	215,467
1040,000	220,000	1260,000	18,308	86,364	2,085	1,000	57,490	0,284	16,896	0,269	57,490	190,000	173459,995	174048,310	174049,310	174051,591	174052,636	174052,826	174052,865	63299,995	63648,310	63649,310	63651,591	63652,636	63652,826	63652,865	0,283	0,085	0,275	0,085	-12,990	13,440	NaN	1,257	1,000	1036,000	671,000	571,022	215,467
30,000	20,000	50,000	4,114	0,000	0,000	0,000	68,519	0,000	17,165	0,000	68,519	0,000	173459,995	174057,834	174058,834	174102,234	174102,435	174102,435	174102,466	63299,995	63657,834	63658,834	63662,234	63662,436	63662,436	63662,466	0,000	0,000	0,000	0,000	-12,990	13,440	NaN	NaN	1,000	432,000	170,000	571,022	215,467
160,000	90,000	250,000	18,339	0,000	1,564	0,000	55,054	0,074	17,165	0,000	55,142	0,000	173459,995	174104,680	174105,680	174109,349	174109,550	174109,550	174109,645	63299,995	63664,680	63665,680	63669,349	63669,550	63669,550	63669,645	0,029	0,088	0,000	0,000	-12,990	13,440	0,633	NaN	1,000	1004,000	703,000	571,022	215,467
30,000	80,000	110,000	18,009	0,000	0,913	0,000	57,256	0,040	17,165	0,000	57,270	0,000	173459,995	174114,426	174115,426	174118,235	174118,436	174118,436	174118,526	63299,995	63674,426	63675,426	63678,235	63678,436	63678,436	63678,526	0,030	0,029	0,000	0,000	-12,990	13,440	0,088	NaN	1,000	1029,000	663,000	571,022	215,467
600,000	1220,000	1820,000	2,066	9,836	32,010	16,000	50,881	20,414	15,124	2,041	55,093	120,000	173459,995	174122,312	174123,312	174127,178	174127,785	174127,905	174129,015	63299,995	63682,312	63683,312	63687,178	63687,785	63687,905	63689,015	13,840	15,417	1,273	1,765	-12,990	13,440	10,837	17,636	1,000	542,000	148,000	571,022	215,467
400,000	1530,000	1930,000	1,392	9,150	23,572	22,000	50,983	19,202	16,067	1,098	55,770	140,000	173459,995	174130,976	174131,976	174135,903	174136,305	174136,445	174137,846	63299,995	63690,976	63691,976	63695,903	63696,305	63696,445	63697,846	13,221	14,294	0,934	0,593	-12,990	13,440	1,084	6,874	1,000	532,000	185,000	571,022	215,467
