480,000	950,000	1430,000	7,880	33,684	19,610	8,000	38,182	9,967	22,676	2,504	34,146	320,000	102945,439	103004,931	103005,930	103009,889	103010,379	103010,699	103011,340	37785,439	37804,931	37805,930	37809,889	37810,379	37810,699	37811,340	8,461	6,258	2,397	1,489	13,440	13,440	0,059	8,490	1,000	722,000	454,000	868,978	215,467
30,000	1400,000	1430,000	18,366	11,429	27,076	18,000	51,432	10,657	24,899	0,281	53,742	160,000	102945,439	103015,511	103016,511	103017,540	103017,741	103017,901	103019,149	37785,439	37815,511	37816,511	37817,540	37817,741	37817,901	37819,149	7,707	7,478	0,142	0,295	13,440	13,440	1,459	1,679	1,000	406,000	676,000	868,978	215,467
610,000	820,000	1430,000	7,708	31,707	21,395	6,000	40,003	7,531	22,347	2,834	40,821	260,000	102945,439	103019,740	103020,741	103023,795	103024,410	103024,670	103025,240	37785,439	37819,740	37820,741	37823,795	37824,410	37824,670	37825,240	5,708	5,112	2,871	1,438	13,440	13,440	6,348	10,286	1,000	679,000	413,000	868,978	215,467
330,000	1100,000	1430,000	6,797	29,091	16,489	8,000	36,668	10,676	23,261	1,919	32,922	320,000	102945,439	103030,852	103031,853	103034,621	103034,959	103035,279	103036,069	37785,439	37830,852	37831,853	37834,621	37834,959	37835,279	37836,069	8,012	7,490	1,524	1,354	13,440	13,440	3,855	7,495	1,000	705,000	393,000	868,978	215,467
430,000	1000,000	1430,000	7,786	21,000	19,062	9,000	35,073	9,482	23,687	1,493	31,332	210,000	102945,439	103039,568	103040,568	103042,291	103042,730	103042,940	103043,740	37785,439	37839,568	37840,568	37842,291	37842,730	37842,940	37843,740	6,966	6,829	1,094	1,079	13,440	13,440	2,734	8,407	1,000	672,000	410,000	868,978	215,467
640,000	790,000	1430,000	11,164	13,924	14,618	9,000	35,073	6,222	24,636	0,544	31,652	110,000	102945,439	103047,654	103048,654	103051,240	103051,889	103051,999	103052,691	37785,439	37847,654	37848,654	37851,240	37851,889	37851,999	37852,691	4,883	4,266	0,443	0,363	13,440	13,440	7,391	5,057	1,000	604,000	511,000	868,978	215,467
560,000	870,000	1430,000	10,193	22,989	13,410	9,000	35,737	6,827	23,940	1,240	32,865	200,000	102945,439	103056,558	103057,559	103100,261	103100,830	103101,030	103101,709	37785,439	37856,558	37857,559	37860,261	37860,830	37861,030	37861,709	5,127	4,777	0,882	0,909	13,440	13,440	0,946	5,277	1,000	616,000	475,000	868,978	215,467
410,000	1020,000	1430,000	9,665	26,471	14,326	8,000	34,474	8,642	23,535	1,645	32,831	270,000	102945,439	103105,621	103106,621	103110,406	103110,819	103111,089	103111,850	37785,439	37865,621	37866,621	37870,406	37870,819	37871,089	37871,850	6,322	6,223	1,730	0,930	13,440	13,440	1,953	7,199	1,000	637,000	469,000	868,978	215,467
30,000	20,000	50,000	18,568	0,000	0,000	0,000	30,719	0,000	25,180	0,000	30,719	0,000	102945,439	103116,039	103117,038	103118,909	103119,110	103119,110	103119,140	37785,439	37876,039	37877,038	37878,909	37879,110	37879,110	37879,140	0,000	0,000	0,000	0,000	13,440	13,440	NaN	NaN	1,000	410,000	690,000	868,978	215,467
480,000	950,000	1430,000	13,155	18,947	8,705	10,000	34,726	4,861	24,518	0,662	31,812	180,000	102945,439	103126,645	103127,645	103129,063	103129,550	103129,730	103130,510	37785,439	37886,645	37887,645	37889,063	37889,550	37889,730	37890,510	3,884	3,270	0,513	0,456	13,440	13,440	5,312	3,280	1,000	571,000	576,000	868,978	215,467
430,000	1000,000	1430,000	12,771	13,000	12,392	10,000	37,768	5,202	25,021	0,159	31,078	130,000	102945,439	103138,112	103139,113	103141,499	103141,940	103142,070	103142,949	37785,439	37898,112	37899,113	37901,499	37901,940	37902,070	37902,949	5,499	2,615	0,214	0,057	13,440	13,440	5,655	1,104	1,000	634,000	604,000	868,978	215,467
30,000	1400,000	1430,000	14,142	10,714	7,629	13,000	34,420	4,190	25,134	0,046	30,207	150,000	102945,439	103150,147	103151,147	103152,197	103152,398	103152,548	103153,800	37785,439	37910,147	37911,147	37912,197	37912,398	37912,548	37913,800	3,771	2,613	0,054	0,026	13,440	13,440	4,662	0,321	1,000	569,000	619,000	868,978	215,467
630,000	800,000	1430,000	13,792	41,250	11,859	7,000	32,330	4,796	22,990	2,190	30,475	330,000	102945,439	103201,572	103202,571	103204,916	103205,550	103205,880	103206,360	37785,439	37921,572	37922,571	37924,916	37925,550	37925,880	37926,360	3,275	3,642	1,268	1,780	13,440	13,440	4,096	1,396	1,000	556,000	593,000	868,978	215,467
80,000	680,000	760,000	18,903	58,824	9,733	4,000	29,257	3,220	22,841	2,339	27,747	400,000	102945,439	103218,103	103219,103	103222,475	103222,676	103223,076	103223,360	37785,439	37938,103	37939,103	37942,475	37942,676	37943,076	37943,360	3,039	2,053	2,027	1,606	13,440	13,440	1,811	3,553	1,000	396,000	693,000	868,978	215,467
180,000	1250,000	1430,000	12,327	16,800	13,487	17,000	34,565	5,415	25,097	0,083	30,806	210,000	102945,439	103231,354	103232,355	103234,157	103234,358	103234,568	103235,610	37785,439	37951,354	37952,355	37954,157	37954,358	37954,568	37955,610	4,294	3,755	0,085	0,048	13,440	13,440	9,155	0,097	1,000	587,000	551,000	868,978	215,467
640,000	790,000	1430,000	9,799	49,367	17,119	7,000	35,953	7,412	21,408	3,772	33,012	390,000	102945,439	103241,068	103242,068	103244,538	103245,180	103245,570	103245,979	37785,439	37961,068	37962,068	37964,538	37965,180	37965,570	37965,979	5,938	5,057	2,777	2,744	13,440	13,440	3,731	7,111	1,000	661,000	495,000	868,978	215,467
530,000	90,000	620,000	18,621	0,000	0,814	0,000	30,916	0,040	25,180	0,000	30,892	0,000	102945,439	103250,194	103251,193	103252,264	103252,799	103252,799	103252,901	37785,439	37970,194	37971,193	37972,264	37972,799	37972,799	37972,901	0,030	0,029	0,000	0,000	13,440	13,440	0,293	NaN	1,000	421,000	703,000	868,978	215,467
700,000	730,000	1430,000	11,503	26,027	17,979	8,000	34,176	6,082	24,634	0,546	31,135	190,000	102945,439	103259,193	103300,193	103303,308	103304,010	103304,200	103304,749	37785,439	37979,193	37980,193	37983,308	37984,010	37984,200	37984,749	4,693	4,285	0,513	0,333	13,440	13,440	12,728	3,467	1,000	610,000	532,000	868,978	215,467
710,000	720,000	1430,000	12,096	19,444	18,868	5,000	34,025	5,448	25,017	0,164	30,381	140,000	102945,439	103311,690	103312,690	103315,163	103315,879	103316,019	103316,610	37785,439	37991,690	37992,690	37995,163	37995,880	37996,020	37996,610	4,385	3,771	0,231	0,082	13,440	13,440	5,482	1,082	1,000	605,000	555,000	868,978	215,467
830,000	600,000	1430,000	13,364	23,333	14,651	3,000	33,929	4,336	24,749	0,431	32,571	140,000	102945,439	103320,627	103321,626	103324,631	103325,470	103325,610	103326,081	37785,439	38000,627	38001,626	38004,631	38005,470	38005,610	38006,081	3,298	3,054	0,627	0,134	13,440	13,440	1,954	2,601	1,000	556,000	573,000	868,978	215,467
910,000	520,000	1430,000	13,211	55,769	13,312	5,000	33,104	4,630	22,547	2,633	32,269	290,000	102945,439	103331,380	103332,381	103335,473	103336,390	103336,680	103336,919	37785,439	38011,380	38012,381	38015,473	38016,390	38016,680	38016,919	3,251	3,482	1,875	1,980	13,440	13,440	2,443	5,761	1,000	562,000	571,000	868,978	215,467
160,000	1270,000	1430,000	7,339	12,598	18,981	10,000	38,369	10,822	25,152	0,028	30,964	160,000	102945,439	103341,608	103342,610	103344,351	103344,552	103344,712	103345,831	37785,439	38021,608	38022,610	38024,351	38024,552	38024,712	38025,831	9,158	6,818	0,062	0,000	13,440	13,440	4,014	0,091	1,000	743,000	444,000	868,978	215,467
590,000	840,000	1430,000	8,041	23,810	19,522	8,000	35,106	9,755	23,062	2,118	31,478	200,000	102945,439	103350,387	103351,387	103353,697	103354,289	103354,489	103355,140	37785,439	38030,387	38031,387	38033,697	38034,289	38034,489	38035,140	7,000	7,101	1,305	1,712	13,440	13,440	1,796	10,224	1,000	692,000	440,000	868,978	215,467
560,000	820,000	1380,000	10,610	18,293	18,635	6,000	37,049	7,542	24,804	0,376	31,787	150,000	102945,439	103401,509	103402,508	103404,333	103404,899	103405,049	103405,729	37785,439	38041,509	38042,508	38044,334	38044,899	38045,049	38045,729	6,590	4,620	0,499	0,142	13,440	13,440	8,438	2,187	1,000	675,000	539,000	868,978	215,467
910,000	520,000	1430,000	13,019	30,769	12,934	5,000	33,157	5,179	24,150	1,030	31,411	160,000	102945,439	103410,608	103411,607	103414,238	103415,150	103415,310	103415,679	37785,439	38050,608	38051,607	38054,238	38055,150	38055,310	38055,679	3,786	3,792	0,929	0,682	13,440	13,440	3,440	8,374	1,000	569,000	568,000	868,978	215,467
510,000	920,000	1430,000	9,296	20,652	16,649	9,000	36,136	9,041	23,633	1,547	32,344	190,000	102945,439	103420,090	103421,089	103424,655	103425,170	103425,360	103426,100	37785,439	38060,090	38061,089	38064,655	38065,171	38065,361	38066,100	7,123	6,086	1,338	1,003	13,440	13,440	2,983	8,439	1,000	682,000	488,000	868,978	215,467
540,000	890,000	1430,000	6,132	21,348	21,924	9,000	35,899	11,486	23,242	1,938	31,344	190,000	102945,439	103430,455	103431,454	103433,427	103433,970	103434,160	103434,870	37785,439	38070,455	38071,454	38073,427	38073,970	38074,160	38074,870	8,570	8,159	1,339	1,498	13,440	13,440	3,259	14,106	1,000	737,000	389,000	868,978	215,467
450,000	980,000	1430,000	9,328	14,286	21,012	6,000	36,576	7,858	24,905	0,275	31,700	140,000	102945,439	103438,763	103439,763	103442,727	103443,180	103443,320	103444,169	37785,439	38078,763	38079,763	38082,727	38083,180	38083,320	38084,169	6,556	5,138	0,453	0,038	13,440	13,440	2,896	1,517	1,000	665,000	477,000	868,978	215,467
520,000	910,000	1430,000	6,992	14,286	20,333	10,000	34,818	10,032	24,329	0,851	31,934	130,000	102945,439	103449,162	103450,162	103451,291	103451,820	103451,950	103452,739	37785,439	38089,162	38090,162	38091,291	38091,820	38091,950	38092,739	6,752	7,621	0,633	0,646	13,440	13,440	0,382	7,273	1,000	697,000	395,000	868,978	215,467
880,000	550,000	1430,000	13,121	23,636	11,576	7,000	33,733	4,212	24,516	0,665	31,359	130,000	102945,439	103457,054	103458,054	103459,343	103500,230	103500,360	103500,790	37785,439	38097,054	38098,054	38099,343	38100,230	38100,360	38100,790	2,942	3,194	0,296	0,613	13,440	13,440	5,670	5,427	1,000	560,000	565,000	868,978	215,467
60,000	170,000	230,000	18,206	70,588	0,585	1,000	32,196	0,054	25,143	0,037	32,137	120,000	102945,439	103506,170	103507,171	103509,475	103509,675	103509,795	103509,849	37785,439	38106,170	38107,171	38109,475	38109,675	38109,795	38109,849	0,058	0,028	0,031	0,026	13,440	13,440	0,239	0,140	1,000	442,000	702,000	868,978	215,467
510,000	920,000	1430,000	12,441	34,783	13,273	11,000	36,164	7,094	22,444	2,736	30,068	320,000	102945,439	103520,596	103521,596	103524,010	103524,529	103524,849	103525,460	37785,439	38120,596	38121,596	38124,010	38124,529	38124,849	38125,460	6,093	4,483	1,253	2,414	13,440	13,440	3,544	11,085	1,000	575,000	546,000	868,978	215,467
610,000	20,000	630,000	18,594	0,000	0,000	0,000	30,770	0,000	25,180	0,000	30,770	0,000	102945,439	103529,706	103530,707	103532,654	103533,270	103533,270	103533,300	37785,439	38129,706	38130,707	38132,654	38133,270	38133,270	38133,300	0,000	0,000	0,000	0,000	13,440	13,440	NaN	NaN	1,000	416,000	697,000	868,978	215,467
540,000	890,000	1430,000	12,403	21,348	9,076	5,000	33,491	5,114	24,045	1,135	31,379	190,000	102945,439	103538,781	103539,782	103542,958	103543,509	103543,699	103544,409	37785,439	38138,781	38139,782	38142,958	38143,509	38143,699	38144,410	3,104	4,146	0,237	1,200	13,440	13,440	4,489	3,988	1,000	564,000	534,000	868,978	215,467
3010,000	20,000	3030,000	18,718	0,000	0,000	0,000	30,640	0,000	25,180	0,000	30,640	0,000	102945,439	103550,048	103551,048	103552,269	103555,299	103555,299	103555,329	37785,439	38150,048	38151,048	38152,269	38155,299	38155,299	38155,329	0,000	0,000	0,000	0,000	13,440	13,440	NaN	NaN	1,000	417,000	704,000	868,978	215,467
610,000	20,000	630,000	13,838	0,000	0,000	0,000	45,631	0,000	25,180	0,000	45,631	0,000	102945,439	103603,351	103604,350	103605,701	103606,319	103606,319	103606,350	37785,439	38163,351	38164,350	38165,701	38166,319	38166,319	38166,350	0,000	0,000	0,000	0,000	13,440	13,440	NaN	NaN	1,000	688,000	673,000	868,978	215,467
30,000	110,000	140,000	17,440	90,909	0,898	0,000	33,571	0,055	25,127	0,053	33,571	100,000	102945,439	103614,077	103615,077	103618,732	103618,933	103619,033	103619,049	37785,439	38174,077	38175,077	38178,732	38178,933	38179,033	38179,050	0,030	0,028	0,029	0,028	13,440	13,440	NaN	0,416	1,000	444,000	667,000	868,978	215,467
470,000	960,000	1430,000	5,823	21,875	21,725	9,000	36,980	10,630	24,413	0,767	32,450	210,000	102945,439	103624,137	103625,137	103626,640	103627,120	103627,330	103628,089	37785,439	38184,137	38185,137	38186,640	38187,120	38187,330	38188,089	8,086	7,444	0,735	0,457	13,440	13,440	13,941	3,280	1,000	742,000	379,000	868,978	215,467
940,000	490,000	1430,000	11,565	38,776	13,693	3,000	32,773	5,177	23,335	1,845	31,239	190,000	102945,439	103632,957	103633,957	103636,290	103637,240	103637,430	103637,740	37785,439	38192,957	38193,957	38196,290	38197,240	38197,430	38197,740	2,969	4,317	0,768	1,688	13,440	13,440	2,905	9,526	1,000	578,000	506,000	868,978	215,467
1120,000	130,000	1250,000	19,949	0,000	6,584	0,000	29,955	0,496	25,180	0,000	29,128	0,000	102945,439	103642,858	103643,858	103647,766	103648,889	103648,889	103649,030	37785,439	38202,858	38203,858	38207,766	38208,889	38208,889	38209,030	0,548	0,258	0,003	0,000	13,440	13,440	5,183	NaN	1,000	385,000	734,000	868,978	215,467
