440,000	990,000	1430,000	1,422	20,202	32,739	11,000	38,763	16,788	22,149	3,031	33,287	200,000	81545,764	81605,957	81606,970	81608,340	81608,783	81608,983	81609,784	29745,764	29765,957	29766,970	29768,340	29768,783	29768,983	29769,784	13,005	11,330	2,400	2,168	13,440	13,440	16,670	18,723	1,000	868,000	266,000	868,978	215,467
350,000	1080,000	1430,000	1,662	22,222	23,597	10,000	37,473	15,909	22,383	2,798	32,829	240,000	81545,764	81612,512	81613,511	81616,416	81616,774	81617,014	81617,864	29745,764	29772,512	29773,512	29776,416	29776,774	29777,014	29777,864	11,565	11,313	1,895	2,139	13,440	13,440	6,053	11,865	1,000	826,000	256,000	868,978	215,467
420,000	1010,000	1430,000	0,290	16,832	32,854	11,000	36,704	17,706	22,125	3,055	32,526	170,000	81545,764	81621,821	81622,822	81625,177	81625,604	81625,774	81626,625	29745,764	29781,821	29782,822	29785,177	29785,604	29785,774	29786,625	12,436	12,923	2,118	2,331	13,440	13,440	14,463	17,689	1,000	861,000	222,000	868,978	215,467
570,000	860,000	1430,000	1,999	23,256	26,832	7,000	36,656	15,667	21,916	3,264	31,782	200,000	81545,764	81630,411	81631,410	81634,678	81635,255	81635,455	81636,124	29745,764	29790,411	29791,411	29794,678	29795,255	29795,455	29796,124	11,238	11,316	2,076	2,604	13,440	13,440	8,739	16,149	1,000	819,000	266,000	868,978	215,467
320,000	1110,000	1430,000	0,549	16,216	28,341	15,000	36,696	17,296	21,809	3,371	32,705	180,000	81545,764	81640,048	81641,049	81643,569	81643,894	81644,074	81645,014	29745,764	29800,048	29801,049	29803,569	29803,894	29804,074	29805,014	11,937	12,772	2,072	2,752	13,440	13,440	18,615	22,480	1,000	850,000	220,000	868,978	215,467
30,000	20,000	50,000	19,183	0,000	0,000	0,000	29,172	0,000	25,180	0,000	29,172	0,000	81545,764	81648,752	81649,751	81651,068	81651,269	81651,269	81651,294	29745,764	29808,752	29809,751	29811,068	29811,269	29811,269	29811,294	0,000	0,000	0,000	0,000	13,440	13,440	NaN	NaN	1,000	393,000	704,000	868,978	215,467
920,000	510,000	1430,000	5,916	35,294	28,795	6,000	32,995	11,349	22,264	2,917	30,098	180,000	81545,764	81657,748	81658,748	81659,800	81700,725	81700,905	81701,244	29745,764	29817,748	29818,748	29819,800	29820,725	29820,905	29821,244	6,965	9,104	1,348	2,622	13,440	13,440	9,255	18,624	1,000	690,000	326,000	868,978	215,467
370,000	1060,000	1430,000	1,668	19,811	24,505	14,000	35,156	16,599	22,027	3,153	30,325	210,000	81545,764	81705,556	81706,556	81709,851	81710,224	81710,434	81711,294	29745,764	29825,556	29826,556	29829,851	29830,224	29830,434	29831,294	11,361	12,456	1,761	2,685	13,440	13,440	9,472	16,035	1,000	817,000	244,000	868,978	215,467
700,000	730,000	1430,000	3,475	26,027	29,489	8,000	32,950	15,220	21,799	3,381	29,298	190,000	81545,764	81716,832	81717,832	81719,533	81720,234	81720,424	81720,974	29745,764	29836,832	29837,832	29839,533	29840,234	29840,424	29840,974	9,216	12,221	1,413	3,122	13,440	13,440	7,988	20,382	1,000	749,000	245,000	868,978	215,467
430,000	1000,000	1430,000	0,057	24,000	29,305	8,000	36,695	18,139	21,266	3,914	30,856	240,000	81545,764	81726,966	81727,966	81731,646	81732,084	81732,324	81733,094	29745,764	29846,966	29847,966	29851,646	29852,084	29852,324	29853,094	12,961	13,144	2,169	3,319	13,440	13,440	10,929	18,043	1,000	867,000	215,000	868,978	215,467
360,000	1070,000	1430,000	0,452	18,692	29,307	5,000	36,033	18,254	21,959	3,221	30,311	200,000	81545,764	81735,923	81736,923	81740,352	81740,715	81740,915	81741,794	29745,764	29855,923	29856,923	29860,352	29860,715	29860,915	29861,794	12,666	13,501	1,663	2,814	13,440	13,440	18,550	18,959	1,000	856,000	206,000	868,978	215,467
460,000	970,000	1430,000	0,692	21,649	31,735	8,000	36,116	17,525	21,396	3,784	31,277	210,000	81545,764	81744,794	81745,795	81749,248	81749,714	81749,924	81750,694	29745,764	29864,794	29865,795	29869,248	29869,714	29869,924	29870,694	11,981	13,075	2,051	3,249	13,440	13,440	16,390	21,854	1,000	845,000	210,000	868,978	215,467
450,000	980,000	1430,000	0,451	18,367	33,029	9,000	36,970	17,272	21,467	3,713	32,154	180,000	81545,764	81754,443	81755,445	81758,046	81758,504	81758,685	81759,494	29745,764	29874,443	29875,445	29878,046	29878,505	29878,685	29879,494	12,109	12,642	2,150	3,146	13,440	13,440	19,199	21,611	1,000	853,000	214,000	868,978	215,467
370,000	1060,000	1430,000	0,334	18,868	34,633	11,000	38,324	18,983	21,768	3,412	31,080	200,000	81545,764	81810,154	81811,154	81812,838	81813,214	81813,414	81814,285	29745,764	29890,154	29891,154	29892,838	29893,214	29893,414	29894,285	14,239	13,225	1,921	2,926	13,440	13,440	21,395	21,549	1,000	880,000	211,000	868,978	215,467
380,000	1050,000	1430,000	1,454	16,190	33,252	13,000	35,028	17,172	21,727	3,453	30,360	170,000	81545,764	81816,408	81817,408	81819,654	81820,044	81820,214	81821,104	29745,764	29896,408	29897,408	29899,654	29900,044	29900,214	29901,104	11,542	13,008	1,892	2,979	13,440	13,440	21,263	24,786	1,000	818,000	224,000	868,978	215,467
600,000	830,000	1430,000	1,764	24,096	31,031	7,000	36,143	15,894	21,570	3,610	30,760	200,000	81545,764	81824,541	81825,541	81827,459	81828,066	81828,266	81828,906	29745,764	29904,541	29905,541	29907,459	29908,066	29908,266	29908,906	11,348	11,590	2,056	3,080	13,440	13,440	12,014	20,630	1,000	818,000	252,000	868,978	215,467
490,000	940,000	1430,000	1,360	21,277	34,066	10,000	35,615	16,740	21,332	3,848	31,106	200,000	81545,764	81834,036	81835,035	81837,230	81837,725	81837,925	81838,674	29745,764	29914,036	29915,036	29917,230	29917,725	29917,925	29918,674	11,288	12,631	2,069	3,326	13,440	13,440	18,714	22,672	1,000	822,000	227,000	868,978	215,467
30,000	130,000	160,000	19,347	92,308	1,324	0,000	28,994	0,102	25,079	0,101	28,994	120,000	81545,764	81841,852	81842,852	81844,042	81844,242	81844,362	81844,375	29745,764	29921,852	29922,852	29924,042	29924,242	29924,362	29924,375	0,058	0,086	0,057	0,086	13,440	13,440	NaN	0,616	1,000	395,000	714,000	868,978	215,467
380,000	1050,000	1430,000	0,574	19,048	33,091	12,000	36,133	17,507	21,338	3,842	31,342	200,000	81545,764	81849,497	81850,497	81851,667	81852,054	81852,254	81853,116	29745,764	29929,497	29930,497	29931,667	29932,054	29932,254	29933,116	12,127	12,950	2,204	3,235	13,440	13,440	18,925	22,548	1,000	850,000	223,000	868,978	215,467
430,000	1000,000	1430,000	0,440	20,000	32,694	8,000	35,170	18,685	21,537	3,643	28,354	200,000	81545,764	81856,096	81857,095	81900,568	81901,005	81901,205	81902,014	29745,764	29936,096	29937,096	29940,568	29941,005	29941,205	29942,014	12,901	13,932	1,611	3,308	13,440	13,440	15,916	19,987	1,000	854,000	211,000	868,978	215,467
340,000	1090,000	1430,000	0,409	13,761	35,311	10,000	35,960	18,066	22,043	3,137	32,160	150,000	81545,764	81906,015	81907,016	81909,311	81909,654	81909,804	81910,755	29745,764	29946,015	29947,016	29949,311	29949,654	29949,804	29950,755	12,518	13,333	2,280	2,356	13,440	13,440	21,408	22,232	1,000	858,000	225,000	868,978	215,467
410,000	1020,000	1430,000	0,538	20,588	34,660	9,000	35,180	18,349	21,178	4,002	29,672	210,000	81545,764	81914,231	81915,231	81916,546	81916,964	81917,174	81917,993	29745,764	29954,231	29955,232	29956,546	29956,964	29957,174	29957,994	12,771	13,646	2,400	3,329	13,440	13,440	20,850	25,614	1,000	851,000	222,000	868,978	215,467
420,000	980,000	1400,000	0,360	16,327	34,574	13,000	36,694	17,698	21,205	3,975	32,593	160,000	81545,764	81920,666	81921,666	81923,626	81924,054	81924,214	81925,045	29745,764	29960,666	29961,666	29963,626	29964,054	29964,214	29965,045	12,348	12,995	2,534	3,223	13,440	13,440	26,570	27,702	1,000	857,000	220,000	868,978	215,467
380,000	1050,000	1430,000	0,593	15,238	40,281	10,000	36,957	17,976	21,478	3,702	32,146	160,000	81545,764	81928,215	81929,216	81932,152	81932,534	81932,694	81933,595	29745,764	29968,215	29969,216	29972,152	29972,534	29972,694	29973,595	12,967	12,891	2,514	2,904	13,440	13,440	24,823	25,610	1,000	861,000	235,000	868,978	215,467
270,000	1160,000	1430,000	0,451	14,655	33,723	15,000	36,018	18,170	23,904	1,276	30,673	170,000	81545,764	81936,701	81937,701	81939,673	81939,944	81940,114	81941,114	29745,764	29976,701	29977,701	29979,673	29979,944	29980,114	29981,115	12,577	13,449	0,768	1,109	13,440	13,440	8,865	10,433	1,000	853,000	214,000	868,978	215,467
360,000	1000,000	1360,000	0,214	16,000	34,330	12,000	37,132	17,801	21,672	3,508	32,433	160,000	81545,764	81944,682	81945,682	81949,225	81949,595	81949,755	81950,604	29745,764	29984,682	29985,682	29989,225	29989,595	29989,755	29990,604	12,628	12,910	2,300	2,835	13,440	13,440	25,751	24,415	1,000	870,000	223,000	868,978	215,467
410,000	1020,000	1430,000	0,351	14,706	35,398	11,000	35,981	18,078	21,930	3,250	31,684	150,000	81545,764	81953,380	81954,381	81957,223	81957,634	81957,784	81958,664	29745,764	29993,380	29994,381	29997,223	29997,634	29997,784	29998,664	12,329	13,464	1,975	2,673	13,440	13,440	24,022	24,154	1,000	857,000	212,000	868,978	215,467
420,000	1010,000	1430,000	0,228	19,802	33,790	8,000	36,070	18,463	21,261	3,919	30,511	200,000	81545,764	82003,336	82004,336	82007,447	82007,874	82008,074	82008,894	29745,764	30003,336	30004,336	30007,448	30007,874	30008,074	30008,894	12,911	13,616	2,204	3,352	13,440	13,440	20,441	25,231	1,000	863,000	210,000	868,978	215,467
340,000	1090,000	1430,000	0,093	17,431	35,836	9,000	35,614	18,695	21,104	4,077	31,422	190,000	81545,764	82011,859	82012,859	82015,817	82016,164	82016,354	82017,264	29745,764	30011,859	30012,859	30015,817	30016,164	30016,354	30017,264	12,706	13,979	2,502	3,323	13,440	13,440	25,753	24,944	1,000	866,000	214,000	868,978	215,467
750,000	680,000	1430,000	1,264	26,471	37,079	4,000	35,576	16,760	21,114	4,066	30,544	180,000	81545,764	82020,207	82021,207	82023,399	82024,154	82024,334	82024,845	29745,764	30020,207	30021,207	30023,399	30024,154	30024,334	30024,845	11,539	12,494	2,149	3,518	13,440	13,440	12,498	23,444	1,000	829,000	236,000	868,978	215,467
540,000	890,000	1430,000	0,660	23,596	42,493	6,000	35,729	17,728	21,202	3,978	31,553	210,000	81545,764	82027,751	82028,751	82030,112	82030,655	82030,865	82031,554	29745,764	30027,751	30028,751	30030,112	30030,655	30030,865	30031,554	12,045	13,273	2,379	3,287	13,440	13,440	22,287	27,533	1,000	848,000	226,000	868,978	215,467
360,000	960,000	1320,000	0,094	15,625	38,507	10,000	36,391	18,239	21,527	3,653	31,207	150,000	81545,764	82035,147	82036,147	82038,860	82039,224	82039,374	82040,194	29745,764	30035,147	30036,147	30038,860	30039,224	30039,374	30040,194	12,743	13,361	2,082	3,085	13,440	13,440	26,710	27,238	1,000	866,000	217,000	868,978	215,467
300,000	80,000	380,000	19,608	0,000	0,581	0,000	28,438	0,025	25,180	0,000	28,471	0,000	81545,764	82042,474	82043,474	82045,136	82045,444	82045,444	82045,534	29745,764	30042,474	30043,474	30045,136	30045,444	30045,444	30045,534	0,000	0,029	0,000	0,000	13,440	13,440	0,056	NaN	1,000	391,000	723,000	868,978	215,467
380,000	1050,000	1430,000	0,334	19,048	35,370	13,000	35,862	18,660	20,898	4,282	29,882	200,000	81545,764	82049,748	82050,748	82054,732	82055,114	82055,314	82056,174	29745,764	30049,748	30050,748	30054,732	30055,114	30055,314	30056,174	12,912	13,897	2,140	3,815	13,440	13,440	21,887	24,826	1,000	872,000	204,000	868,978	215,467
610,000	820,000	1430,000	1,599	20,732	32,980	8,000	34,747	16,870	21,235	3,945	29,838	170,000	81545,764	82059,433	82100,433	82102,443	82103,055	82103,225	82103,884	29745,764	30059,433	30060,433	30062,443	30063,055	30063,225	30063,884	11,089	12,964	1,787	3,611	13,440	13,440	19,576	25,802	1,000	814,000	230,000	868,978	215,467
310,000	960,000	1270,000	0,258	15,625	35,471	11,000	36,178	18,101	21,632	3,548	30,893	150,000	81545,764	82107,465	82108,465	82111,026	82111,344	82111,494	82112,314	29745,764	30067,465	30068,465	30071,026	30071,344	30071,494	30072,314	12,547	13,334	1,977	3,004	13,440	13,440	25,199	24,711	1,000	861,000	220,000	868,978	215,467
330,000	1070,000	1400,000	0,154	18,692	34,556	8,000	36,556	18,464	21,271	3,909	31,644	200,000	81545,764	82119,717	82120,719	82122,749	82123,084	82123,284	82124,164	29745,764	30079,718	30080,719	30082,749	30083,084	30083,284	30084,164	13,051	13,444	2,467	3,168	13,440	13,440	23,284	22,556	1,000	869,000	210,000	868,978	215,467
30,000	20,000	50,000	19,481	0,000	0,000	0,000	28,435	0,000	25,180	0,000	28,435	0,000	81545,764	82126,705	82127,706	82130,056	82130,257	82130,257	82130,284	29745,764	30086,705	30087,706	30090,056	30090,257	30090,257	30090,284	0,000	0,000	0,000	0,000	13,440	13,440	NaN	NaN	1,000	385,000	711,000	868,978	215,467
360,000	40,000	400,000	19,343	0,000	0,567	0,000	28,814	0,025	25,178	0,002	28,848	0,000	81545,764	82135,830	82136,830	82137,852	82138,214	82138,214	82138,264	29745,764	30095,830	30096,830	30097,852	30098,214	30098,214	30098,264	0,000	0,029	0,000	0,003	13,440	13,440	0,026	NaN	1,000	390,000	709,000	868,978	215,467
460,000	970,000	1430,000	0,114	16,495	37,149	9,000	36,629	18,229	21,457	3,723	30,795	160,000	81545,764	82143,325	82144,325	82146,656	82147,124	82147,284	82148,104	29745,764	30103,325	30104,325	30106,656	30107,124	30107,284	30108,104	12,793	13,333	1,891	3,270	13,440	13,440	22,840	22,208	1,000	873,000	215,000	868,978	215,467
