30,000	1400,000	1430,000	17,473	23,571	23,449	10,000	56,115	15,561	16,306	0,859	69,908	330,000	82808,537	82830,907	82831,906	82832,984	82833,184	82833,514	82834,594	30488,537	30510,907	30511,907	30512,984	30513,184	30513,514	30514,594	11,067	12,297	0,900	0,172	-13,440	13,440	6,137	0,532	1,000	972,000	690,000	571,022	215,467
540,000	890,000	1430,000	1,000	30,337	36,978	10,000	51,896	19,294	13,724	3,441	54,798	270,000	82808,537	82835,421	82836,421	82839,299	82839,843	82840,113	82840,743	30488,537	30515,421	30516,421	30519,299	30519,843	30520,113	30520,743	13,738	13,965	2,427	2,594	-13,440	13,440	12,450	9,730	1,000	539,000	200,000	571,022	215,467
650,000	780,000	1430,000	0,655	33,333	42,169	6,000	53,280	17,806	11,120	6,045	55,469	260,000	82808,537	82842,500	82843,499	82846,642	82847,293	82847,553	82848,082	30488,537	30522,500	30523,499	30526,642	30527,293	30527,553	30528,082	12,983	12,508	4,524	4,425	-13,440	13,440	26,795	33,032	1,000	560,000	236,000	571,022	215,467
30,000	160,000	190,000	0,169	0,000	1,247	0,000	69,303	0,091	17,165	0,000	69,291	0,000	82808,537	82853,252	82854,253	82855,541	82855,742	82855,742	82855,912	30488,537	30533,252	30534,253	30535,541	30535,742	30535,742	30535,912	0,087	0,030	0,000	0,000	-13,440	13,440	0,682	NaN	1,000	577,000	216,000	571,022	215,467
760,000	670,000	1430,000	2,057	20,896	34,796	8,000	52,715	15,523	16,116	1,049	56,444	140,000	82808,537	82858,788	82859,789	82902,657	82903,423	82903,563	82904,102	30488,537	30538,788	30539,789	30542,657	30543,423	30543,563	30544,102	10,947	11,546	0,782	0,842	-13,440	13,440	22,070	7,669	1,000	636,000	249,000	571,022	215,467
700,000	730,000	1430,000	2,146	19,178	44,336	10,000	53,654	19,157	15,960	1,205	56,678	140,000	82808,537	82908,134	82909,133	82912,741	82913,443	82913,583	82914,183	30488,537	30548,134	30549,134	30552,741	30553,443	30553,583	30554,183	14,195	13,297	0,871	0,972	-13,440	13,440	21,797	9,650	1,000	509,000	171,000	571,022	215,467
870,000	560,000	1430,000	3,211	98,214	46,438	0,000	53,575	14,424	2,919	14,246	53,655	550,000	82808,537	82917,290	82918,291	82919,522	82920,396	82920,946	82920,962	30488,537	30557,290	30558,291	30559,522	30560,396	30560,946	30560,962	10,403	10,424	10,286	10,287	-13,440	13,440	NaN	22,711	1,000	660,000	287,000	571,022	215,467
830,000	600,000	1430,000	1,011	21,667	37,966	8,000	53,241	16,291	14,525	2,640	55,831	130,000	82808,537	82923,518	82924,518	82926,387	82927,223	82927,353	82927,833	30488,537	30563,518	30564,518	30566,387	30567,223	30567,353	30567,833	11,865	11,378	1,898	2,037	-13,440	13,440	2,593	22,221	1,000	581,000	250,000	571,022	215,467
820,000	610,000	1430,000	2,141	37,705	35,862	6,000	53,671	15,251	13,446	3,720	56,213	230,000	82808,537	82930,406	82931,408	82932,646	82933,473	82933,703	82934,093	30488,537	30570,406	30571,408	30572,646	30573,473	30573,703	30574,093	11,147	10,803	2,857	2,647	-13,440	13,440	9,280	18,985	1,000	622,000	272,000	571,022	215,467
730,000	700,000	1430,000	1,591	40,000	37,830	6,000	52,661	16,049	13,516	3,649	55,471	280,000	82808,537	82936,457	82937,456	82940,649	82941,382	82941,662	82942,093	30488,537	30576,457	30577,456	30580,649	30581,382	30581,662	30582,093	11,357	11,894	2,569	2,893	-13,440	13,440	6,432	15,715	1,000	622,000	240,000	571,022	215,467
850,000	580,000	1430,000	0,889	50,000	56,929	3,000	53,523	17,250	10,355	6,810	55,276	290,000	82808,537	82944,992	82945,994	82948,076	82948,934	82949,224	82949,523	30488,537	30584,993	30585,994	30588,076	30588,934	30589,224	30589,523	12,798	11,870	5,083	5,004	-13,440	13,440	11,038	33,951	1,000	569,000	247,000	571,022	215,467
690,000	740,000	1430,000	2,170	37,838	35,125	4,000	52,999	15,252	13,486	3,679	56,039	280,000	82808,537	82952,511	82953,511	82956,211	82956,905	82957,185	82957,653	30488,537	30592,511	30593,511	30596,211	30596,905	30597,185	30597,653	10,831	11,112	2,777	2,653	-13,440	13,440	6,654	17,531	1,000	631,000	264,000	571,022	215,467
740,000	690,000	1430,000	0,095	26,087	37,688	7,000	52,398	16,541	14,216	2,949	55,262	180,000	82808,537	83000,148	83001,147	83002,647	83003,392	83003,572	83004,093	30488,537	30600,148	30601,147	30602,647	30603,392	30603,572	30604,093	11,681	12,355	2,098	2,422	-13,440	13,440	1,827	20,167	1,000	568,000	217,000	571,022	215,467
690,000	740,000	1430,000	1,932	32,432	34,445	6,000	53,142	16,253	13,779	3,387	55,936	240,000	82808,537	83006,500	83007,502	83009,864	83010,563	83010,803	83011,312	30488,537	30606,500	30607,502	30609,865	30610,563	30610,803	30611,313	11,862	11,432	2,682	2,352	-13,440	13,440	2,472	19,897	1,000	607,000	274,000	571,022	215,467
770,000	660,000	1430,000	2,110	25,758	40,113	4,000	52,171	16,154	13,666	3,499	55,360	170,000	82808,537	83015,100	83016,101	83017,979	83018,752	83018,922	83019,423	30488,537	30615,100	30616,101	30617,979	30618,752	30618,922	30619,423	11,104	12,155	2,630	2,579	-13,440	13,440	18,903	23,858	1,000	640,000	245,000	571,022	215,467
990,000	440,000	1430,000	3,569	31,818	41,325	3,000	53,250	12,856	14,210	2,955	55,905	140,000	82808,537	83021,727	83022,727	83024,076	83025,073	83025,213	83025,523	30488,537	30621,727	30622,727	30624,076	30625,073	30625,213	30625,523	9,071	9,624	2,101	2,347	-13,440	13,440	1,447	25,039	1,000	673,000	291,000	571,022	215,467
740,000	690,000	1430,000	0,775	36,232	36,248	9,000	52,619	17,629	13,406	3,759	54,904	250,000	82808,537	83027,828	83028,827	83031,377	83032,124	83032,374	83032,822	30488,537	30627,828	30628,827	30631,377	30632,124	30632,374	30632,822	12,906	12,499	2,781	2,857	-13,440	13,440	7,821	20,893	1,000	547,000	229,000	571,022	215,467
650,000	780,000	1430,000	1,654	48,718	43,979	5,000	53,737	15,164	14,173	2,992	56,701	380,000	82808,537	83035,609	83036,609	83038,734	83039,392	83039,772	83040,182	30488,537	30635,609	30636,609	30638,734	30639,392	30639,772	30640,182	11,134	10,799	2,351	1,843	-13,440	13,440	37,995	0,033	1,000	620,000	248,000	571,022	215,467
650,000	200,000	850,000	19,282	95,000	4,363	0,000	55,796	0,424	16,743	0,422	55,796	190,000	82808,537	83042,834	83043,835	83047,056	83047,713	83047,904	83047,923	30488,537	30642,834	30643,835	30647,056	30647,714	30647,904	30647,923	0,254	0,338	0,255	0,336	-13,440	13,440	NaN	1,045	1,000	1052,000	704,000	571,022	215,467
1030,000	400,000	1430,000	6,376	42,500	34,404	4,000	53,869	10,305	14,074	3,092	55,466	170,000	82808,537	83051,403	83052,405	83054,212	83055,253	83055,423	83055,662	30488,537	30651,403	30652,405	30654,212	30655,253	30655,423	30655,662	7,407	7,580	2,185	2,468	-13,440	13,440	8,270	17,936	1,000	735,000	372,000	571,022	215,467
610,000	820,000	1430,000	1,472	68,293	42,738	2,000	51,679	17,252	3,797	13,368	52,487	560,000	82808,537	83058,114	83059,113	83100,339	83100,952	83101,512	83101,783	30488,537	30658,114	30659,113	30660,339	30660,952	30661,512	30661,783	11,967	12,829	9,358	10,013	-13,440	13,440	14,501	23,993	1,000	612,000	248,000	571,022	215,467
620,000	810,000	1430,000	0,985	17,284	48,154	6,000	53,914	19,237	16,817	0,348	56,817	140,000	82808,537	83103,837	83104,837	83107,893	83108,522	83108,662	83109,342	30488,537	30663,837	30664,837	30667,893	30668,522	30668,662	30669,342	14,567	12,933	0,283	0,209	-13,440	13,440	26,173	2,315	1,000	536,000	216,000	571,022	215,467
600,000	830,000	1430,000	1,281	18,072	33,874	9,000	52,870	16,881	16,664	0,501	56,797	150,000	82808,537	83114,297	83115,297	83117,301	83117,904	83118,053	83118,745	30488,537	30674,297	30675,297	30677,301	30677,904	30678,054	30678,745	12,168	12,144	0,410	0,314	-13,440	13,440	23,084	3,027	1,000	610,000	239,000	571,022	215,467
800,000	630,000	1430,000	4,858	22,222	60,253	5,000	52,968	10,303	17,074	0,091	55,935	140,000	82808,537	83121,731	83122,732	83124,442	83125,242	83125,382	83125,882	30488,537	30681,731	30682,732	30684,442	30685,242	30685,382	30685,882	7,202	8,206	0,057	0,083	-13,440	13,440	51,865	0,460	1,000	707,000	322,000	571,022	215,467
70,000	200,000	270,000	18,906	95,000	1,380	0,000	56,020	0,141	17,028	0,137	56,020	190,000	82808,537	83128,830	83129,830	83132,469	83132,669	83132,859	83132,872	30488,537	30688,830	30689,830	30692,469	30692,669	30692,859	30692,873	0,114	0,085	0,113	0,082	-13,440	13,440	NaN	0,870	1,000	1038,000	699,000	571,022	215,467
400,000	1030,000	1430,000	20,496	21,359	33,710	10,000	55,828	18,899	16,120	1,045	67,481	220,000	82808,537	83133,457	83134,457	83136,652	83137,052	83137,272	83138,092	30488,537	30693,457	30694,457	30696,652	30697,052	30697,272	30698,092	13,742	14,145	0,776	0,842	-13,440	13,440	5,312	4,453	1,000	1080,000	737,000	571,022	215,467
680,000	750,000	1430,000	0,091	22,667	47,338	6,000	53,555	17,526	16,692	0,473	57,326	170,000	82808,537	83139,605	83140,605	83143,364	83144,052	83144,222	83144,814	30488,537	30699,605	30700,605	30703,364	30704,052	30704,222	30704,814	12,882	12,371	0,426	0,255	-13,440	13,440	29,451	3,383	1,000	569,000	218,000	571,022	215,467
810,000	620,000	1430,000	1,104	70,968	50,471	2,000	51,933	16,495	5,531	11,634	52,561	440,000	82808,537	83147,365	83148,366	83150,934	83151,754	83152,194	83152,384	30488,537	30707,365	30708,366	30710,934	30711,754	30712,194	30712,384	11,585	12,264	8,116	9,003	-13,440	13,440	18,141	41,862	1,000	598,000	244,000	571,022	215,467
720,000	710,000	1430,000	1,212	28,169	56,437	4,000	52,661	15,839	16,299	0,866	56,132	200,000	82808,537	83155,030	83156,031	83159,216	83159,943	83160,143	83200,664	30488,537	30715,030	30716,031	30719,216	30719,943	30720,143	30720,664	11,237	11,742	0,648	0,608	-13,440	13,440	24,287	4,225	1,000	605,000	242,000	571,022	215,467
780,000	650,000	1430,000	0,389	30,769	46,869	4,000	52,916	17,698	13,820	3,345	55,641	200,000	82808,537	83203,768	83204,768	83206,276	83207,063	83207,263	83207,722	30488,537	30723,768	30724,768	30726,276	30727,063	30727,263	30727,722	12,732	12,625	2,396	2,685	-13,440	13,440	10,910	21,479	1,000	580,000	226,000	571,022	215,467
710,000	720,000	1430,000	0,156	63,889	57,466	3,000	51,680	18,287	6,569	10,596	52,861	460,000	82808,537	83210,404	83211,404	83213,425	83214,143	83214,603	83214,875	30488,537	30730,404	30731,404	30733,425	30734,143	30734,603	30734,875	12,774	13,577	7,366	8,411	-13,440	13,440	30,029	41,900	1,000	572,000	210,000	571,022	215,467
840,000	590,000	1430,000	0,210	91,525	66,384	2,000	52,714	18,313	0,438	17,604	52,847	540,000	82808,537	83217,861	83218,861	83220,989	83221,834	83222,374	83222,432	30488,537	30737,861	30738,861	30740,989	30741,834	30742,374	30742,432	13,192	13,066	12,669	12,642	-13,440	13,440	0,333	18,808	1,000	564,000	218,000	571,022	215,467
30,000	230,000	260,000	18,903	91,304	0,916	1,000	56,549	0,103	17,071	0,095	56,549	210,000	82808,537	83225,601	83226,601	83228,995	83229,196	83229,406	83229,433	30488,537	30745,601	30746,601	30748,995	30749,196	30749,406	30749,433	0,086	0,057	0,085	0,048	-13,440	13,440	NaN	0,369	1,000	1046,000	691,000	571,022	215,467
270,000	300,000	570,000	0,071	96,667	1,973	0,000	69,125	0,281	16,885	0,280	69,125	290,000	82808,537	83230,026	83231,026	83233,164	83233,442	83233,732	83233,753	30488,537	30750,026	30751,026	30753,164	30753,442	30753,732	30753,753	0,225	0,198	0,226	0,195	-13,440	13,440	NaN	1,167	1,000	569,000	217,000	571,022	215,467
750,000	680,000	1430,000	0,651	48,529	57,099	4,000	51,957	19,137	5,759	11,407	52,529	330,000	82808,537	83234,664	83235,663	83237,197	83237,952	83238,282	83238,643	30488,537	30754,664	30755,663	30757,197	30757,952	30758,282	30758,643	13,622	13,762	7,914	8,946	-13,440	13,440	49,979	47,978	1,000	548,000	213,000	571,022	215,467
520,000	910,000	1430,000	1,764	27,473	39,749	7,000	51,882	17,112	16,565	0,601	55,680	250,000	82808,537	83240,837	83241,838	83245,036	83245,562	83245,812	83246,482	30488,537	30760,837	30761,838	30765,036	30765,562	30765,812	30766,482	12,032	12,664	0,429	0,429	-13,440	13,440	21,926	2,029	1,000	618,000	257,000	571,022	215,467
520,000	20,000	540,000	19,023	0,000	0,000	0,000	56,386	0,000	17,165	0,000	56,386	0,000	82808,537	83249,103	83250,104	83253,547	83254,072	83254,072	83254,103	30488,537	30769,103	30770,104	30773,547	30774,072	30774,072	30774,103	0,000	0,000	0,000	0,000	-13,440	13,440	NaN	NaN	1,000	1047,000	696,000	571,022	215,467
70,000	70,000	140,000	0,761	0,000	0,716	0,000	67,896	0,038	17,164	0,001	67,946	0,000	82808,537	83254,691	83255,690	83259,205	83259,406	83259,406	83259,484	30488,537	30774,691	30775,690	30779,205	30779,406	30779,406	30779,484	0,030	0,029	0,000	0,003	-13,440	13,440	0,210	NaN	1,000	586,000	238,000	571,022	215,467
170,000	110,000	280,000	19,645	90,909	0,911	0,000	55,503	0,055	17,112	0,054	55,503	100,000	82808,537	83301,714	83302,715	83305,193	83305,393	83305,493	83305,514	30488,537	30781,714	30782,715	30785,193	30785,393	30785,493	30785,514	0,028	0,057	0,028	0,054	-13,440	13,440	NaN	0,562	1,000	1053,000	721,000	571,022	215,467
240,000	1190,000	1430,000	18,626	21,008	36,810	9,000	57,465	17,438	15,598	1,567	68,012	250,000	82808,537	83306,101	83307,101	83308,773	83309,022	83309,272	83310,224	30488,537	30786,101	30787,101	30788,773	30789,022	30789,272	30790,224	13,138	12,590	1,302	1,059	-13,440	13,440	4,616	7,062	1,000	1045,000	678,000	571,022	215,467
