610,000	820,000	1430,000	1,124	39,024	25,476	7,000	36,619	16,224	19,677	5,503	34,413	320,000	93047,793	93105,662	93106,673	93108,141	93108,752	93109,072	93109,582	34247,793	34265,662	34266,673	34268,141	34268,752	34269,072	34269,582	11,875	11,634	4,624	3,664	13,440	13,440	2,826	20,090	1,000	841,000	244,000	868,978	215,467
460,000	50,000	510,000	19,400	0,000	0,316	0,000	28,582	0,014	25,180	0,000	28,519	0,000	93047,793	93115,040	93116,040	93120,038	93120,502	93120,502	93120,563	34247,793	34275,040	34276,040	34280,038	34280,502	34280,502	34280,563	0,030	0,000	0,003	0,000	13,440	13,440	0,027	NaN	1,000	381,000	703,000	868,978	215,467
1010,000	420,000	1430,000	6,811	54,762	34,470	3,000	35,661	9,220	21,813	3,367	32,335	230,000	93047,793	93124,385	93125,385	93128,328	93129,344	93129,573	93129,772	34247,793	34284,385	34285,385	34288,328	34289,344	34289,574	34289,772	7,613	6,179	2,805	2,268	13,440	13,440	11,575	18,837	1,000	717,000	404,000	868,978	215,467
640,000	790,000	1430,000	0,511	29,114	38,316	6,000	35,854	18,176	21,271	3,909	32,489	230,000	93047,793	93133,081	93134,082	93137,717	93138,363	93138,593	93139,163	34247,793	34293,081	34294,082	34297,717	34298,363	34298,593	34299,163	12,304	13,637	2,632	3,066	13,440	13,440	13,405	19,840	1,000	852,000	209,000	868,978	215,467
770,000	660,000	1430,000	3,023	62,121	34,239	2,000	35,662	14,282	16,559	8,621	34,852	410,000	93047,793	93142,248	93143,248	93144,977	93145,752	93146,162	93146,424	34247,793	34302,248	34303,248	34304,977	34305,752	34306,162	34306,424	9,854	10,651	6,175	6,380	13,440	13,440	12,502	26,592	1,000	787,000	285,000	868,978	215,467
670,000	760,000	1430,000	0,240	61,842	38,508	2,000	37,318	17,810	12,111	13,069	36,756	470,000	93047,793	93149,074	93150,074	93153,617	93154,292	93154,762	93155,063	34247,793	34309,074	34310,074	34313,617	34314,292	34314,762	34315,063	12,725	12,823	9,540	9,401	13,440	13,440	19,758	27,933	1,000	869,000	224,000	868,978	215,467
620,000	810,000	1430,000	0,085	22,222	54,466	8,000	36,846	17,597	19,327	5,853	34,295	180,000	93047,793	93157,319	93158,319	93200,431	93201,052	93201,232	93201,874	34247,793	34317,319	34318,319	34320,431	34321,052	34321,232	34321,874	12,132	12,904	3,980	4,528	13,440	13,440	34,530	34,910	1,000	866,000	215,000	868,978	215,467
660,000	770,000	1430,000	0,389	45,455	34,275	5,000	37,796	17,540	16,800	8,380	35,616	350,000	93047,793	93203,639	93204,639	93206,094	93206,764	93207,114	93207,543	34247,793	34323,639	34324,639	34326,094	34326,764	34327,114	34327,543	12,575	12,585	5,994	6,192	13,440	13,440	22,991	28,509	1,000	875,000	203,000	868,978	215,467
680,000	750,000	1430,000	0,862	17,333	43,410	8,000	36,506	17,325	22,309	2,871	32,425	130,000	93047,793	93209,888	93210,889	93213,298	93213,982	93214,112	93214,742	34247,793	34329,888	34330,889	34333,298	34333,982	34334,112	34334,743	12,354	12,543	2,223	2,093	13,440	13,440	13,016	22,118	1,000	841,000	228,000	868,978	215,467
620,000	810,000	1430,000	0,513	22,222	35,931	10,000	36,689	17,654	22,076	3,104	32,644	180,000	93047,793	93216,893	93217,892	93220,235	93220,863	93221,043	93221,684	34247,793	34336,893	34337,892	34340,235	34340,863	34341,043	34341,684	12,503	12,864	2,283	2,348	13,440	13,440	14,404	21,158	1,000	864,000	233,000	868,978	215,467
600,000	830,000	1430,000	0,478	34,940	35,847	8,000	37,287	17,552	18,610	6,570	34,233	290,000	93047,793	93224,065	93225,065	93227,154	93227,762	93228,052	93228,602	34247,793	34344,065	34345,065	34347,154	34347,762	34348,052	34348,603	12,649	12,549	4,707	4,907	13,440	13,440	24,630	27,261	1,000	865,000	232,000	868,978	215,467
30,000	20,000	50,000	18,327	0,000	0,000	0,000	31,014	0,000	25,180	0,000	31,014	0,000	93047,793	93232,319	93233,320	93234,841	93235,042	93235,042	93235,064	34247,793	34352,319	34353,320	34354,841	34355,042	34355,042	34355,064	0,000	0,000	0,000	0,000	13,440	13,440	NaN	NaN	1,000	404,000	672,000	868,978	215,467
30,000	20,000	50,000	18,729	0,000	0,000	0,000	30,404	0,000	25,180	0,000	30,404	0,000	93047,793	93240,289	93241,289	93242,806	93243,007	93243,007	93243,033	34247,793	34360,289	34361,289	34362,806	34363,007	34363,007	34363,033	0,000	0,000	0,000	0,000	13,440	13,440	NaN	NaN	1,000	409,000	697,000	868,978	215,467
630,000	800,000	1430,000	0,503	36,250	41,939	4,000	38,181	18,103	16,913	8,267	36,190	290,000	93047,793	93247,105	93248,106	93250,364	93251,003	93251,293	93251,813	34247,793	34367,105	34368,106	34370,364	34371,003	34371,293	34371,813	13,109	12,797	6,158	5,953	13,440	13,440	29,534	30,430	1,000	886,000	210,000	868,978	215,467
910,000	520,000	1430,000	4,885	46,154	32,695	4,000	36,334	10,825	22,349	2,831	33,340	240,000	93047,793	93254,088	93255,088	93258,107	93259,023	93259,263	93259,554	34247,793	34374,088	34375,088	34378,107	34379,023	34379,263	34379,554	7,779	7,909	2,037	2,115	13,440	13,440	16,523	13,356	1,000	742,000	334,000	868,978	215,467
170,000	20,000	190,000	18,427	0,000	0,000	0,000	30,976	0,000	25,180	0,000	30,976	0,000	93047,793	93302,415	93303,416	93306,685	93306,886	93306,886	93306,912	34247,793	34382,415	34383,416	34386,685	34386,886	34386,886	34386,912	0,000	0,000	0,000	0,000	13,440	13,440	NaN	NaN	1,000	410,000	683,000	868,978	215,467
670,000	760,000	1430,000	1,026	26,316	39,898	4,000	35,910	17,118	21,831	3,349	31,911	200,000	93047,793	93310,755	93311,755	93313,270	93313,942	93314,142	93314,713	34247,793	34390,755	34391,755	34393,270	34393,942	34394,142	34394,713	11,917	12,643	2,324	2,592	13,440	13,440	10,559	17,614	1,000	837,000	233,000	868,978	215,467
810,000	620,000	1430,000	1,443	37,097	42,282	4,000	39,071	17,480	21,742	3,438	33,588	230,000	93047,793	93317,674	93318,674	93320,136	93320,953	93321,183	93321,582	34247,793	34397,674	34398,674	34400,136	34400,953	34401,183	34401,582	13,641	11,929	2,740	2,426	13,440	13,440	19,096	20,160	1,000	920,000	210,000	868,978	215,467
290,000	20,000	310,000	18,647	0,000	0,000	0,000	30,498	0,000	25,180	0,000	30,498	0,000	93047,793	93324,605	93325,605	93328,985	93329,282	93329,282	93329,313	34247,793	34404,605	34405,605	34408,985	34409,282	34409,282	34409,313	0,000	0,000	0,000	0,000	13,440	13,440	NaN	NaN	1,000	407,000	691,000	868,978	215,467
870,000	560,000	1430,000	2,818	44,643	37,116	6,000	36,399	13,735	21,395	3,785	32,388	250,000	93047,793	93333,016	93334,016	93335,217	93336,092	93336,342	93336,663	34247,793	34413,016	34414,016	34415,217	34416,092	34416,342	34416,663	10,034	9,934	2,664	2,908	13,440	13,440	14,961	17,716	1,000	802,000	290,000	868,978	215,467
630,000	800,000	1430,000	0,702	27,500	35,884	8,000	37,361	16,904	21,605	3,575	33,345	220,000	93047,793	93339,097	93340,097	93343,603	93344,243	93344,463	93345,053	34247,793	34419,097	34420,097	34423,603	34424,244	34424,464	34425,054	12,134	12,144	2,525	2,675	13,440	13,440	10,204	17,502	1,000	848,000	229,000	868,978	215,467
880,000	550,000	1430,000	1,120	63,636	41,921	2,000	37,665	15,275	16,840	8,340	35,296	350,000	93047,793	93346,877	93347,877	93349,553	93350,442	93350,792	93351,002	34247,793	34426,877	34427,877	34429,553	34430,442	34430,792	34431,002	11,456	10,770	6,213	6,059	13,440	13,440	3,239	26,357	1,000	846,000	248,000	868,978	215,467
1000,000	430,000	1430,000	5,382	88,372	34,285	1,000	35,356	11,036	15,778	9,402	34,838	380,000	93047,793	93353,074	93354,073	93355,120	93356,123	93356,503	93356,562	34247,793	34433,074	34434,073	34435,120	34436,123	34436,503	34436,562	7,972	8,085	6,819	6,909	13,440	13,440	2,167	27,142	1,000	722,000	338,000	868,978	215,467
630,000	800,000	1430,000	0,404	18,750	36,756	8,000	38,140	17,406	22,524	2,656	33,786	150,000	93047,793	93359,165	93400,167	93401,744	93402,382	93402,532	93403,193	34247,793	34439,165	34440,167	34441,744	34442,382	34442,532	34443,193	12,543	12,382	1,899	2,004	13,440	13,440	13,776	18,073	1,000	864,000	202,000	868,978	215,467
630,000	800,000	1430,000	0,440	23,750	35,081	6,000	36,592	17,693	21,866	3,314	32,309	190,000	93047,793	93405,235	93406,235	93409,638	93410,272	93410,462	93411,083	34247,793	34445,235	34446,235	34449,638	34450,272	34450,462	34451,083	12,477	12,928	2,339	2,513	13,440	13,440	10,169	17,988	1,000	861,000	202,000	868,978	215,467
550,000	880,000	1430,000	0,512	23,864	38,189	8,000	37,302	17,376	21,623	3,557	33,138	210,000	93047,793	93412,964	93413,964	93416,923	93417,483	93417,693	93418,372	34247,793	34452,964	34453,964	34456,923	34457,483	34457,693	34458,372	12,400	12,517	2,466	2,737	13,440	13,440	18,008	21,809	1,000	852,000	222,000	868,978	215,467
640,000	790,000	1430,000	0,350	26,582	35,793	4,000	36,794	17,600	21,588	3,592	32,107	210,000	93047,793	93420,220	93421,220	93423,650	93424,292	93424,502	93425,093	34247,793	34460,220	34461,220	34463,650	34464,292	34464,502	34465,093	12,562	12,766	2,363	2,833	13,440	13,440	11,103	18,619	1,000	861,000	225,000	868,978	215,467
610,000	820,000	1430,000	0,113	31,707	37,167	5,000	36,818	17,658	21,111	4,069	32,688	260,000	93047,793	93427,740	93428,739	93430,758	93431,373	93431,633	93432,204	34247,793	34467,740	34468,739	34470,759	34471,373	34471,633	34472,204	12,381	12,940	2,655	3,217	13,440	13,440	8,786	17,580	1,000	871,000	212,000	868,978	215,467
930,000	500,000	1430,000	1,761	58,000	44,048	2,000	37,018	14,990	17,566	7,614	34,839	290,000	93047,793	93434,345	93435,345	93436,499	93437,433	93437,723	93437,942	34247,793	34474,345	34475,345	34476,499	34477,434	34477,724	34477,942	10,788	10,890	5,386	5,762	13,440	13,440	2,471	27,775	1,000	832,000	266,000	868,978	215,467
600,000	830,000	1430,000	0,564	21,687	31,830	6,000	36,958	16,887	21,957	3,223	32,675	180,000	93047,793	93439,910	93440,910	93444,467	93445,074	93445,254	93445,912	34247,793	34479,910	34480,910	34484,467	34485,074	34485,254	34485,912	12,129	12,174	2,352	2,404	13,440	13,440	10,134	17,228	1,000	850,000	222,000	868,978	215,467
900,000	530,000	1430,000	2,257	56,604	46,123	4,000	36,411	13,433	20,619	4,561	32,216	300,000	93047,793	93447,871	93448,871	93449,885	93450,793	93451,093	93451,332	34247,793	34487,871	34488,872	34489,885	34490,793	34491,093	34491,332	9,748	9,822	3,111	3,575	13,440	13,440	20,184	20,704	1,000	812,000	272,000	868,978	215,467
720,000	220,000	940,000	18,527	59,091	1,197	2,000	30,671	0,130	25,065	0,115	30,610	130,000	93047,793	93453,352	93454,353	93456,743	93457,473	93457,603	93457,702	34247,793	34493,352	34494,354	34496,743	34497,473	34497,603	34497,703	0,086	0,084	0,056	0,084	13,440	13,440	0,688	0,734	1,000	409,000	687,000	868,978	215,467
660,000	770,000	1430,000	1,474	41,558	38,889	6,000	36,074	16,459	17,254	7,926	33,850	320,000	93047,793	93500,965	93501,965	93503,596	93504,263	93504,583	93505,043	34247,793	34500,965	34501,965	34503,596	34504,263	34504,583	34505,043	11,477	12,133	5,473	6,045	13,440	13,440	28,801	32,161	1,000	825,000	244,000	868,978	215,467
320,000	870,000	1190,000	0,348	27,586	54,085	7,000	36,537	18,528	21,630	3,550	31,911	240,000	93047,793	93507,255	93508,255	93510,451	93510,774	93511,014	93511,652	34247,793	34507,255	34508,255	34510,451	34510,774	34511,014	34511,652	13,164	13,473	2,466	2,769	13,440	13,440	19,133	19,431	1,000	861,000	206,000	868,978	215,467
520,000	910,000	1430,000	0,240	23,077	41,571	10,000	36,650	18,692	21,300	3,880	31,398	210,000	93047,793	93513,220	93514,220	93516,351	93516,872	93517,083	93517,793	34247,793	34513,220	34514,220	34516,351	34516,873	34517,083	34517,793	13,613	13,379	2,740	3,001	13,440	13,440	20,246	19,969	1,000	870,000	207,000	868,978	215,467
520,000	800,000	1320,000	0,892	21,250	43,044	8,000	37,207	19,129	21,818	3,362	31,358	170,000	93047,793	93519,689	93520,689	93522,577	93523,103	93523,273	93523,913	34247,793	34519,689	34520,689	34522,577	34523,104	34523,274	34523,913	13,980	13,643	2,263	2,702	13,440	13,440	20,724	25,131	1,000	883,000	187,000	868,978	215,467
400,000	1030,000	1430,000	0,101	22,330	35,446	10,000	36,397	17,927	23,866	1,314	30,734	230,000	93047,793	93525,844	93526,843	93530,695	93531,102	93531,332	93532,143	34247,793	34525,844	34526,843	34530,695	34531,102	34531,332	34532,143	12,697	13,121	0,875	1,042	13,440	13,440	1,587	7,713	1,000	868,000	212,000	868,978	215,467
480,000	840,000	1320,000	0,013	40,476	36,428	6,000	37,069	17,912	16,796	8,384	34,562	340,000	93047,793	93534,852	93535,852	93538,499	93538,982	93539,322	93539,834	34247,793	34534,853	34535,852	34538,499	34538,982	34539,322	34539,834	12,602	13,025	5,721	6,405	13,440	13,440	20,116	26,713	1,000	869,000	215,000	868,978	215,467
580,000	850,000	1430,000	0,129	24,706	40,951	7,000	36,791	18,486	21,225	3,955	31,945	210,000	93047,793	93541,479	93542,479	93545,429	93546,012	93546,222	93546,872	34247,793	34541,479	34542,479	34545,429	34546,012	34546,222	34546,872	13,467	13,221	2,866	3,013	13,440	13,440	14,775	19,785	1,000	866,000	212,000	868,978	215,467
730,000	700,000	1430,000	1,459	28,571	34,482	7,000	36,959	16,139	21,151	4,029	32,542	200,000	93047,793	93548,578	93549,578	93551,547	93552,282	93552,482	93552,993	34247,793	34548,578	34549,578	34551,547	34552,282	34552,482	34552,993	11,761	11,543	2,824	3,092	13,440	13,440	14,752	21,629	1,000	825,000	243,000	868,978	215,467
