130,000	1090,000	1220,000	1,045	18,349	5,849	12,000	68,017	2,502	16,729	0,436	68,012	200,000	80604,178	80629,954	80630,961	80632,450	80632,651	80632,851	80633,746	29164,178	29189,954	29190,961	29192,450	29192,651	29192,851	29193,746	2,279	1,041	0,389	0,254	-13,440	13,440	1,284	2,691	1,000	598,000	241,000	571,022	215,467
380,000	680,000	1060,000	3,309	26,471	46,749	6,000	51,468	15,980	11,277	5,888	53,878	180,000	80604,178	80636,293	80637,293	80639,571	80639,956	80640,136	80640,647	29164,178	29196,293	29197,293	29199,571	29199,956	29200,136	29200,647	11,223	11,503	4,393	4,213	-13,440	13,440	26,020	29,659	1,000	625,000	320,000	571,022	215,467
110,000	40,000	150,000	19,924	0,000	0,533	0,000	55,457	0,024	17,163	0,002	55,510	0,000	80604,178	80644,404	80645,404	80647,466	80647,666	80647,666	80647,708	29164,178	29204,404	29205,404	29207,466	29207,666	29207,666	29207,708	0,000	0,000	0,000	0,000	-13,440	13,440	0,024	NaN	1,000	1059,000	729,000	571,022	215,467
420,000	760,000	1180,000	1,699	28,947	41,869	4,000	52,283	17,783	11,341	5,824	54,246	220,000	80604,178	80651,018	80652,018	80654,545	80654,969	80655,189	80655,739	29164,178	29211,018	29212,018	29214,545	29214,969	29215,189	29215,739	12,770	12,628	4,211	4,462	-13,440	13,440	31,343	31,108	1,000	599,000	269,000	571,022	215,467
440,000	990,000	1430,000	0,565	16,162	48,589	8,000	52,487	19,079	11,036	6,129	54,672	160,000	80604,178	80700,174	80701,175	80703,299	80703,741	80703,901	80704,741	29164,178	29220,174	29221,175	29223,299	29223,741	29223,901	29224,741	13,676	13,486	4,313	4,724	-13,440	13,440	31,625	38,581	1,000	551,000	217,000	571,022	215,467
430,000	1000,000	1430,000	0,950	18,000	53,847	10,000	52,374	18,075	11,387	5,778	54,624	180,000	80604,178	80707,254	80708,253	80712,005	80712,442	80712,622	80713,454	29164,178	29227,254	29228,253	29232,005	29232,442	29232,622	29233,454	13,050	12,659	4,253	4,330	-13,440	13,440	35,624	36,069	1,000	575,000	249,000	571,022	215,467
460,000	780,000	1240,000	0,601	21,795	50,328	8,000	52,402	18,153	12,912	4,253	55,482	170,000	80604,178	80716,426	80717,426	80720,555	80721,024	80721,194	80721,815	29164,178	29236,426	29237,426	29240,555	29241,024	29241,194	29241,815	12,938	12,967	3,183	3,125	-13,440	13,440	26,546	27,333	1,000	577,000	236,000	571,022	215,467
400,000	1030,000	1430,000	0,101	24,272	53,872	8,000	51,682	18,643	10,798	6,367	54,004	250,000	80604,178	80724,508	80725,509	80728,556	80728,966	80729,216	80730,005	29164,178	29244,508	29245,509	29248,556	29248,966	29249,216	29250,005	13,058	13,693	4,616	4,915	-13,440	13,440	32,871	34,902	1,000	572,000	212,000	571,022	215,467
420,000	1010,000	1430,000	0,090	15,842	57,075	10,000	52,088	18,460	12,045	5,120	54,822	160,000	80604,178	80733,010	80734,010	80736,841	80737,267	80737,427	80738,288	29164,178	29253,010	29254,010	29256,841	29257,267	29257,427	29258,288	12,986	13,389	3,598	4,035	-13,440	13,440	29,237	31,028	1,000	573,000	218,000	571,022	215,467
350,000	670,000	1020,000	1,310	28,358	51,020	2,000	52,238	17,469	11,909	5,256	55,037	190,000	80604,178	80740,627	80741,627	80744,011	80744,368	80744,558	80745,048	29164,178	29260,627	29261,627	29264,011	29264,368	29264,558	29265,048	12,404	12,520	3,932	3,864	-13,440	13,440	25,184	30,781	1,000	590,000	258,000	571,022	215,467
100,000	20,000	120,000	19,480	0,000	0,000	0,000	54,993	0,000	17,165	0,000	54,993	0,000	80604,178	80748,285	80749,285	80751,979	80752,180	80752,180	80752,209	29164,178	29268,285	29269,286	29271,979	29272,180	29272,180	29272,209	0,000	0,000	0,000	0,000	-13,440	13,440	NaN	NaN	1,000	1038,000	727,000	571,022	215,467
350,000	1080,000	1430,000	0,085	20,370	57,298	8,000	51,982	19,079	11,311	5,855	54,852	220,000	80604,178	80755,956	80756,956	80759,223	80759,581	80759,801	80800,672	29164,178	29275,956	29276,956	29279,223	29279,581	29279,801	29280,672	13,513	13,773	4,164	4,628	-13,440	13,440	34,000	34,181	1,000	574,000	215,000	571,022	215,467
490,000	940,000	1430,000	0,051	17,021	63,830	9,000	51,765	18,689	10,252	6,913	54,097	160,000	80604,178	80803,942	80804,942	80808,225	80808,723	80808,883	80809,672	29164,178	29283,942	29284,942	29288,225	29288,723	29288,883	29289,672	13,014	13,703	4,812	5,530	-13,440	13,440	41,403	44,918	1,000	572,000	217,000	571,022	215,467
420,000	670,000	1090,000	0,796	23,881	51,439	4,000	52,104	17,838	10,863	6,303	54,108	160,000	80604,178	80812,411	80813,412	80817,259	80817,684	80817,844	80818,364	29164,178	29292,411	29293,412	29297,259	29297,684	29297,844	29298,364	12,262	12,998	4,253	5,006	-13,440	13,440	32,151	35,955	1,000	594,000	232,000	571,022	215,467
430,000	1000,000	1430,000	0,797	16,000	43,402	10,000	53,377	23,754	12,400	4,765	54,985	160,000	80604,178	80821,456	80822,455	80825,469	80825,907	80826,067	80826,916	29164,178	29301,456	29302,456	29305,469	29305,907	29306,067	29306,916	18,164	15,501	3,601	3,565	-13,440	13,440	19,301	27,506	1,000	599,000	220,000	571,022	215,467
30,000	20,000	50,000	18,744	0,000	0,000	0,000	56,539	0,000	17,165	0,000	56,539	0,000	80604,178	80830,125	80831,124	80833,574	80833,775	80833,775	80833,797	29164,178	29310,125	29311,124	29313,574	29313,775	29313,775	29313,797	0,000	0,000	0,000	0,000	-13,440	13,440	NaN	NaN	1,000	1041,000	688,000	571,022	215,467
390,000	1040,000	1430,000	0,804	27,885	46,191	9,000	50,443	19,407	12,540	4,626	54,634	290,000	80604,178	80838,741	80839,741	80842,854	80843,248	80843,538	80844,299	29164,178	29318,741	29319,741	29322,854	29323,248	29323,538	29324,299	13,189	14,765	3,625	3,260	-13,440	13,440	19,498	23,896	1,000	558,000	190,000	571,022	215,467
470,000	960,000	1430,000	1,004	17,708	34,062	10,000	50,368	19,525	13,348	3,818	55,030	170,000	80604,178	80846,766	80847,766	80850,140	80850,621	80850,791	80851,590	29164,178	29326,767	29327,766	29330,140	29330,621	29330,791	29331,590	13,065	15,026	2,785	2,903	-13,440	13,440	10,346	22,356	1,000	567,000	180,000	571,022	215,467
70,000	20,000	90,000	19,508	0,000	0,000	0,000	55,485	0,000	17,165	0,000	55,485	0,000	80604,178	80854,333	80855,334	80856,895	80857,096	80857,096	80857,121	29164,178	29334,334	29335,334	29336,895	29337,096	29337,096	29337,121	0,000	0,000	0,000	0,000	-13,440	13,440	NaN	NaN	1,000	1047,000	720,000	571,022	215,467
370,000	860,000	1230,000	0,394	26,744	47,053	6,000	51,798	18,736	11,338	5,828	54,578	230,000	80604,178	80900,786	80901,786	80904,855	80905,233	80905,463	80906,103	29164,178	29340,786	29341,786	29344,855	29345,233	29345,463	29346,103	13,220	13,643	4,292	4,448	-13,440	13,440	30,573	33,933	1,000	579,000	227,000	571,022	215,467
320,000	1110,000	1430,000	0,460	21,622	41,367	6,000	50,961	18,855	11,710	5,455	53,846	240,000	80604,178	80909,278	80910,278	80913,725	80914,054	80914,294	80915,174	29164,178	29349,278	29350,278	29353,725	29354,054	29354,294	29355,174	13,080	13,964	3,905	4,299	-13,440	13,440	24,365	30,691	1,000	556,000	209,000	571,022	215,467
350,000	80,000	430,000	18,839	0,000	0,544	0,000	55,354	0,024	17,165	0,000	55,328	0,000	80604,178	80918,156	80919,157	80921,061	80921,416	80921,416	80921,508	29164,178	29358,156	29359,157	29361,061	29361,416	29361,416	29361,508	0,030	0,000	0,000	0,000	-13,440	13,440	0,052	NaN	1,000	1025,000	708,000	571,022	215,467
370,000	1060,000	1430,000	0,520	17,925	34,610	10,000	50,646	18,990	12,409	4,757	54,578	190,000	80604,178	80925,800	80926,800	80929,611	80929,988	80930,178	80931,057	29164,178	29365,800	29366,801	29369,611	29369,988	29370,178	29371,057	12,826	14,404	3,524	3,473	-13,440	13,440	18,962	22,455	1,000	570,000	197,000	571,022	215,467
30,000	70,000	100,000	19,524	0,000	0,547	0,000	55,811	0,024	17,165	0,000	55,786	0,000	80604,178	80934,251	80935,251	80938,523	80938,725	80938,725	80938,799	29164,178	29374,251	29375,252	29378,524	29378,725	29378,725	29378,799	0,030	0,000	0,000	0,000	-13,440	13,440	0,053	NaN	1,000	1052,000	716,000	571,022	215,467
460,000	970,000	1430,000	0,865	17,526	43,676	8,000	50,603	19,903	12,973	4,192	53,912	170,000	80604,178	80943,002	80944,004	80946,954	80947,420	80947,590	80948,401	29164,178	29383,002	29384,004	29386,954	29387,420	29387,590	29388,401	13,586	14,854	2,884	3,325	-13,440	13,440	24,305	24,373	1,000	550,000	193,000	571,022	215,467
30,000	640,000	670,000	0,751	29,687	2,863	7,000	72,673	0,781	16,785	0,380	75,024	190,000	80604,178	80951,795	80952,795	80954,518	80954,720	80954,909	80955,361	29164,178	29391,795	29392,795	29394,518	29394,720	29394,910	29395,361	0,479	1,069	0,292	0,341	-13,440	13,440	1,039	1,771	1,000	579,000	190,000	571,022	215,467
570,000	860,000	1430,000	0,890	20,930	52,120	8,000	51,978	19,603	13,686	3,480	54,655	180,000	80604,178	80957,977	80958,977	81001,279	81001,852	81002,032	81002,724	29164,178	29397,977	29398,977	29401,279	29401,852	29402,032	29402,724	13,895	14,091	2,304	2,854	-13,440	13,440	14,135	14,373	1,000	544,000	199,000	571,022	215,467
410,000	1020,000	1430,000	1,850	23,529	27,361	10,000	53,580	16,644	13,776	3,390	56,127	240,000	80604,178	81005,002	81006,003	81009,412	81009,824	81010,064	81010,854	29164,178	29405,002	29406,003	29409,412	29409,824	29410,064	29410,854	12,268	11,453	2,579	2,348	-13,440	13,440	8,772	12,844	1,000	599,000	275,000	571,022	215,467
400,000	820,000	1220,000	1,449	28,049	47,710	8,000	52,769	20,489	12,291	4,874	55,179	230,000	80604,178	81015,001	81016,002	81018,021	81018,426	81018,656	81019,256	29164,178	29415,001	29416,002	29418,021	29418,426	29418,656	29419,256	14,852	14,428	3,435	3,946	-13,440	13,440	26,267	23,698	1,000	531,000	183,000	571,022	215,467
540,000	710,000	1250,000	0,676	18,310	35,781	8,000	52,981	18,965	13,586	3,580	55,570	130,000	80604,178	81022,660	81023,661	81027,119	81027,668	81027,798	81028,388	29164,178	29422,660	29423,661	29427,119	29427,668	29427,798	29428,388	13,586	13,222	2,354	2,819	-13,440	13,440	12,929	24,713	1,000	547,000	216,000	571,022	215,467
480,000	950,000	1430,000	0,732	15,789	49,005	6,000	52,765	18,804	13,613	3,552	54,826	150,000	80604,178	81031,872	81032,873	81036,549	81037,039	81037,189	81037,999	29164,178	29431,872	29432,873	29436,549	29437,039	29437,189	29437,999	13,643	13,169	2,421	2,954	-13,440	13,440	18,366	23,899	1,000	545,000	215,000	571,022	215,467
60,000	420,000	480,000	17,552	38,095	4,518	6,000	56,745	1,129	16,642	0,523	57,191	160,000	80604,178	81041,091	81042,091	81044,033	81044,234	81044,394	81044,660	29164,178	29441,091	29442,091	29444,033	29444,234	29444,394	29444,661	0,704	0,902	0,325	0,398	-13,440	13,440	1,147	2,771	1,000	1008,000	661,000	571,022	215,467
760,000	670,000	1430,000	0,271	22,388	36,618	10,000	52,606	17,562	13,675	3,490	54,936	150,000	80604,178	81048,170	81049,170	81050,454	81051,222	81051,372	81051,902	29164,178	29448,171	29449,170	29450,454	29451,222	29451,372	29451,903	12,569	12,641	2,347	2,912	-13,440	13,440	6,089	27,783	1,000	565,000	223,000	571,022	215,467
200,000	250,000	450,000	19,261	64,000	0,898	3,000	56,435	0,141	17,063	0,102	56,448	160,000	80604,178	81054,694	81055,694	81057,378	81057,583	81057,743	81057,843	29164,178	29454,694	29455,694	29457,378	29457,583	29457,743	29457,843	0,086	0,085	0,058	0,057	-13,440	13,440	0,254	0,509	1,000	1055,000	700,000	571,022	215,467
520,000	550,000	1070,000	0,517	25,455	51,499	4,000	53,926	17,940	13,024	4,142	55,391	140,000	80604,178	81102,992	81103,994	81105,984	81106,514	81106,654	81107,076	29164,178	29462,992	29463,994	29465,984	29466,514	29466,654	29467,076	13,224	12,128	2,804	3,337	-13,440	13,440	11,737	26,072	1,000	553,000	219,000	571,022	215,467
580,000	780,000	1360,000	0,687	21,795	46,906	2,000	53,058	18,543	12,467	4,698	54,651	170,000	80604,178	81109,925	81110,925	81112,508	81113,096	81113,266	81113,885	29164,178	29469,925	29470,925	29472,508	29473,096	29473,266	29473,885	13,586	12,769	3,182	3,907	-13,440	13,440	24,688	23,578	1,000	554,000	233,000	571,022	215,467
510,000	710,000	1220,000	1,392	22,535	39,032	8,000	52,674	20,132	12,822	4,344	54,364	160,000	80604,178	81117,378	81118,378	81121,760	81122,277	81122,437	81122,998	29164,178	29477,378	29478,378	29481,760	29482,277	29482,437	29482,998	14,686	13,844	2,881	3,571	-13,440	13,440	6,656	23,222	1,000	524,000	200,000	571,022	215,467
470,000	670,000	1140,000	0,352	25,373	48,800	6,000	52,597	19,243	11,787	5,378	54,262	170,000	80604,178	81126,279	81127,279	81129,371	81129,849	81130,019	81130,529	29164,178	29486,279	29487,279	29489,371	29489,849	29490,019	29490,529	13,895	13,557	3,439	4,748	-13,440	13,440	26,456	28,477	1,000	559,000	219,000	571,022	215,467
520,000	760,000	1280,000	0,461	19,737	46,265	6,000	53,243	19,096	12,620	4,545	55,531	150,000	80604,178	81134,295	81135,295	81137,025	81137,551	81137,701	81138,321	29164,178	29494,295	29495,295	29497,025	29497,551	29497,701	29498,321	13,839	13,362	3,110	3,709	-13,440	13,440	23,961	28,019	1,000	557,000	207,000	571,022	215,467
540,000	890,000	1430,000	2,138	22,472	36,945	8,000	53,013	15,321	11,776	5,389	55,113	200,000	80604,178	81141,265	81142,265	81145,934	81146,481	81146,681	81147,384	29164,178	29501,265	29502,265	29505,934	29506,481	29506,681	29507,384	10,980	11,003	3,910	4,019	-13,440	13,440	19,374	25,545	1,000	624,000	270,000	571,022	215,467
