420,000	1010,000	1430,000	0,530	16,832	31,980	10,000	54,859	18,300	14,036	3,129	58,544	170,000	180003,784	180008,742	180009,747	180012,192	180012,618	180012,788	180013,637	64803,784	64808,743	64809,747	64812,192	64812,618	64812,788	64813,637	13,915	12,013	2,807	1,566	-13,440	13,440	15,202	20,887	1,000	553,000	210,000	571,022	215,467
350,000	1080,000	1430,000	1,260	25,000	30,577	10,000	53,085	17,711	11,792	5,374	57,479	270,000	180003,784	180016,550	180017,550	180019,878	180020,238	180020,508	180021,326	64803,784	64816,550	64817,550	64819,878	64820,238	64820,508	64821,326	12,473	12,930	4,468	3,066	-13,440	13,440	19,299	19,443	1,000	615,000	207,000	571,022	215,467
380,000	1050,000	1430,000	0,138	16,190	33,262	11,000	53,174	18,682	14,206	2,959	57,596	170,000	180003,784	180024,234	180025,233	180027,564	180027,947	180028,117	180029,006	64803,784	64824,234	64825,233	64827,564	64827,947	64828,117	64829,007	13,579	13,057	2,664	1,546	-13,440	13,440	17,297	17,280	1,000	569,000	211,000	571,022	215,467
350,000	1080,000	1430,000	0,846	14,815	33,329	12,000	53,026	21,262	14,483	2,682	58,525	160,000	180003,784	180031,571	180032,572	180035,764	180036,117	180036,277	180037,206	64803,784	64831,571	64832,572	64835,764	64836,117	64836,277	64837,206	15,520	14,912	2,659	1,131	-13,440	13,440	13,520	20,846	1,000	565,000	186,000	571,022	215,467
340,000	1090,000	1430,000	0,452	16,514	31,189	9,000	52,318	17,597	13,484	3,682	58,645	180,000	180003,784	180039,843	180040,843	180042,778	180043,127	180043,307	180044,226	64803,784	64839,843	64840,843	64842,778	64843,127	64843,307	64844,226	12,323	12,934	3,696	1,336	-13,440	13,440	18,238	21,754	1,000	584,000	206,000	571,022	215,467
390,000	890,000	1280,000	2,196	40,449	35,802	6,000	49,947	18,271	7,850	9,315	55,095	360,000	180003,784	180047,176	180048,177	180050,060	180050,457	180050,817	180051,357	64803,784	64847,176	64848,177	64850,060	64850,457	64850,817	64851,357	11,620	14,797	7,248	5,936	-13,440	13,440	21,330	25,336	1,000	612,000	149,000	571,022	215,467
360,000	1070,000	1430,000	0,762	28,972	38,023	9,000	51,864	19,038	8,121	9,044	55,919	310,000	180003,784	180054,070	180055,070	180058,252	180058,617	180058,927	180059,697	64803,784	64854,070	64855,070	64858,252	64858,617	64858,927	64859,697	13,391	13,831	7,416	5,370	-13,440	13,440	33,748	33,222	1,000	596,000	205,000	571,022	215,467
140,000	1290,000	1430,000	1,437	17,054	25,878	15,000	51,913	16,581	16,330	0,835	56,636	220,000	180003,784	180100,901	180101,903	180105,259	180105,460	180105,680	180106,757	64803,784	64860,901	64861,903	64865,259	64865,460	64865,680	64866,757	11,470	12,469	0,769	0,433	-13,440	13,440	1,870	5,314	1,000	619,000	233,000	571,022	215,467
230,000	1200,000	1430,000	2,233	32,500	28,474	12,000	54,450	14,835	13,436	3,729	57,121	390,000	180003,784	180109,486	180110,486	180112,694	180112,926	180113,316	180114,137	64803,784	64869,486	64870,486	64872,694	64872,926	64873,316	64874,137	11,148	10,004	3,124	2,193	-13,440	13,440	10,682	12,006	1,000	601,000	289,000	571,022	215,467
250,000	1180,000	1430,000	3,560	22,881	23,120	11,000	55,890	13,918	15,804	1,361	58,119	270,000	180003,784	180117,621	180118,620	180120,350	180120,607	180120,877	180121,797	64803,784	64877,621	64878,620	64880,350	64880,607	64880,877	64881,797	10,968	8,835	1,342	0,524	-13,440	13,440	0,062	8,518	1,000	618,000	333,000	571,022	215,467
400,000	1030,000	1430,000	0,793	14,563	32,580	11,000	53,213	19,440	15,501	1,664	58,273	150,000	180003,784	180125,509	180126,509	180130,196	180130,598	180130,748	180131,638	64803,784	64885,509	64886,509	64890,196	64890,598	64890,748	64891,638	14,214	13,521	1,721	0,645	-13,440	13,440	11,817	12,009	1,000	554,000	193,000	571,022	215,467
300,000	1130,000	1430,000	1,198	10,619	35,882	10,000	53,931	19,172	16,466	0,699	56,457	120,000	180003,784	180134,880	180135,880	180138,579	180138,886	180139,006	180140,027	64803,784	64894,880	64895,880	64898,580	64898,886	64899,006	64900,027	14,596	12,554	0,518	0,555	-13,440	13,440	4,689	5,477	1,000	530,000	227,000	571,022	215,467
280,000	1150,000	1430,000	1,241	11,304	47,356	10,000	53,666	21,000	15,882	1,283	56,574	130,000	180003,784	180142,940	180143,940	180146,931	180147,216	180147,346	180148,376	64803,784	64902,940	64903,940	64906,931	64907,216	64907,346	64908,376	15,838	13,866	1,033	0,814	-13,440	13,440	8,285	9,085	1,000	529,000	202,000	571,022	215,467
300,000	1070,000	1370,000	0,254	13,084	41,986	10,000	52,469	17,896	14,262	2,903	58,237	140,000	180003,784	180151,131	180152,132	180154,322	180154,627	180154,766	180155,706	64803,784	64911,131	64912,132	64914,322	64914,627	64914,767	64915,706	12,684	12,854	2,923	1,124	-13,440	13,440	24,101	24,534	1,000	574,000	224,000	571,022	215,467
410,000	1020,000	1430,000	0,697	15,686	33,538	12,000	51,801	18,512	14,472	2,694	57,472	160,000	180003,784	180157,835	180158,835	180200,879	180201,297	180201,457	180202,327	64803,784	64917,836	64918,835	64920,879	64921,297	64921,457	64922,327	12,745	13,807	2,457	1,307	-13,440	13,440	10,175	19,532	1,000	579,000	192,000	571,022	215,467
560,000	870,000	1430,000	0,572	18,391	39,931	12,000	53,576	19,875	14,306	2,859	57,785	160,000	180003,784	180203,780	180204,780	180206,583	180207,147	180207,307	180208,026	64803,784	64923,780	64924,781	64926,583	64927,147	64927,307	64928,026	14,843	13,294	2,706	1,331	-13,440	13,440	13,869	18,583	1,000	551,000	212,000	571,022	215,467
30,000	1400,000	1430,000	0,448	7,857	32,580	15,000	51,275	18,854	17,044	0,121	56,707	110,000	180003,784	180209,673	180210,674	180212,780	180212,981	180213,091	180214,389	64803,784	64929,673	64930,674	64932,780	64932,981	64933,091	64934,389	12,921	14,204	0,152	0,053	-13,440	13,440	0,538	0,544	1,000	586,000	210,000	571,022	215,467
340,000	1090,000	1430,000	0,329	22,018	45,053	11,000	52,119	20,117	13,594	3,571	55,979	240,000	180003,784	180216,790	180217,789	180220,171	180220,518	180220,758	180221,617	64803,784	64936,790	64937,789	64940,171	64940,518	64940,758	64941,617	14,464	14,265	2,873	2,389	-13,440	13,440	18,600	17,968	1,000	562,000	208,000	571,022	215,467
30,000	1310,000	1340,000	0,984	26,718	59,635	8,000	53,381	21,281	15,849	1,316	54,328	350,000	180003,784	180223,866	180224,867	180228,412	180228,613	180228,963	180229,927	64803,784	64943,866	64944,867	64948,412	64948,613	64948,963	64949,927	16,342	13,726	0,705	1,322	-13,440	13,440	0,828	4,784	1,000	538,000	227,000	571,022	215,467
360,000	1070,000	1430,000	2,675	15,888	39,178	12,000	54,125	16,765	15,901	1,265	56,028	170,000	180003,784	180232,610	180233,611	180236,767	180237,136	180237,306	180238,217	64803,784	64952,610	64953,611	64956,767	64957,136	64957,306	64958,217	12,694	11,093	0,821	1,080	-13,440	13,440	6,139	7,632	1,000	620,000	297,000	571,022	215,467
