30,000	20,000	50,000	2,016	0,000	0,000	0,000	73,875	0,000	25,180	0,000	73,875	0,000	81850,442	81913,565	81914,565	81915,602	81915,804	81915,804	81915,833	29930,442	29953,565	29954,565	29955,602	29955,804	29955,804	29955,833	0,000	0,000	0,000	0,000	13,440	13,440	NaN	NaN	1,000	799,000	231,000	868,978	215,467
30,000	1400,000	1430,000	0,966	11,429	24,568	12,000	36,449	17,270	25,070	0,110	31,131	160,000	81850,442	81918,821	81919,821	81921,476	81921,677	81921,837	81923,083	29930,442	29958,821	29959,821	29961,476	29961,677	29961,837	29963,083	12,028	12,727	0,103	0,085	13,440	13,440	6,062	0,744	1,000	837,000	228,000	868,978	215,467
360,000	760,000	1120,000	0,466	27,632	7,352	8,000	71,226	2,032	24,359	0,821	72,266	210,000	81850,442	81925,448	81926,449	81928,356	81928,723	81928,933	81929,492	29930,442	29965,448	29966,449	29968,356	29968,724	29968,934	29969,492	1,689	1,294	0,685	0,640	13,440	13,440	2,395	2,952	1,000	857,000	204,000	868,978	215,467
30,000	1400,000	1430,000	0,141	21,429	20,712	19,000	39,104	16,617	20,841	4,339	36,082	300,000	81850,442	81932,001	81933,002	81934,541	81934,742	81935,042	81936,142	29930,442	29972,001	29973,002	29974,541	29974,742	29975,042	29976,142	11,876	11,834	2,997	3,253	13,440	13,440	14,833	13,997	1,000	864,000	216,000	868,978	215,467
30,000	1390,000	1420,000	0,230	15,108	17,518	16,000	53,003	8,624	22,779	2,401	55,341	210,000	81850,442	81939,887	81940,886	81943,249	81943,450	81943,659	81944,842	29930,442	29979,887	29980,886	29983,249	29983,450	29983,660	29984,842	6,103	6,216	1,736	1,799	13,440	13,440	12,512	12,038	1,000	864,000	209,000	868,978	215,467
580,000	570,000	1150,000	0,146	22,807	5,746	9,000	69,969	1,660	24,848	0,332	71,375	130,000	81850,442	81947,269	81948,270	81951,520	81952,102	81952,232	81952,682	29930,442	29987,270	29988,270	29991,520	29992,102	29992,232	29992,683	1,269	1,325	0,230	0,362	13,440	13,440	1,304	2,248	1,000	864,000	217,000	868,978	215,467
30,000	940,000	970,000	0,120	20,213	10,029	9,000	65,019	3,723	24,424	0,756	67,612	190,000	81850,442	81955,911	81956,911	81959,131	81959,332	81959,522	82000,283	29930,442	29995,911	29996,911	29999,131	29999,332	29999,522	30000,283	2,899	2,592	0,656	0,464	13,440	13,440	0,407	3,169	1,000	865,000	217,000	868,978	215,467
440,000	990,000	1430,000	0,133	26,263	29,932	10,000	37,344	17,920	21,809	3,371	32,665	260,000	81850,442	82004,228	82005,228	82006,387	82006,833	82007,093	82007,833	29930,442	30004,228	30005,228	30006,387	30006,833	30007,093	30007,834	12,880	12,894	2,320	2,577	13,440	13,440	3,369	13,455	1,000	873,000	213,000	868,978	215,467
380,000	1050,000	1430,000	0,625	17,143	27,405	8,000	36,701	17,253	23,918	1,262	31,167	180,000	81850,442	82011,107	82012,108	82014,896	82015,282	82015,462	82016,342	29930,442	30011,108	30012,108	30014,896	30015,282	30015,462	30016,342	12,384	12,499	0,915	0,959	13,440	13,440	2,091	8,313	1,000	850,000	227,000	868,978	215,467
400,000	1030,000	1430,000	0,706	16,505	26,022	10,000	36,310	17,309	24,190	0,990	30,644	170,000	81850,442	82019,540	82020,540	82023,664	82024,072	82024,242	82025,112	29930,442	30019,540	30020,540	30023,664	30024,072	30024,242	30025,112	12,239	12,658	0,638	0,790	13,440	13,440	4,400	7,045	1,000	851,000	233,000	868,978	215,467
560,000	870,000	1430,000	0,846	13,793	33,575	10,000	38,120	17,728	24,226	0,954	32,882	120,000	81850,442	82028,530	82029,529	82032,162	82032,732	82032,852	82033,614	29930,442	30028,530	30029,529	30032,162	30032,733	30032,853	30033,614	12,674	12,783	0,720	0,692	13,440	13,440	16,132	7,994	1,000	889,000	193,000	868,978	215,467
570,000	860,000	1430,000	6,215	16,279	27,703	11,000	34,827	10,396	24,941	0,239	30,968	140,000	81850,442	82036,856	82037,857	82041,119	82041,693	82041,833	82042,563	29930,442	30036,856	30037,857	30041,119	30041,693	30041,833	30042,563	7,270	7,833	0,217	0,178	13,440	13,440	23,710	1,673	1,000	713,000	372,000	868,978	215,467
500,000	930,000	1430,000	1,402	35,484	31,667	10,000	36,445	16,354	21,706	3,474	31,930	330,000	81850,442	82046,108	82047,108	82049,755	82050,264	82050,594	82051,204	29930,442	30046,108	30047,108	30049,755	30050,264	30050,594	30051,204	11,596	11,942	2,209	2,761	13,440	13,440	0,349	15,619	1,000	834,000	251,000	868,978	215,467
600,000	830,000	1430,000	1,780	19,277	26,513	9,000	36,842	14,338	24,171	1,010	31,693	160,000	81850,442	82054,237	82055,237	82057,231	82057,833	82057,993	82058,675	29930,442	30054,237	30055,237	30057,231	30057,833	30057,993	30058,675	10,263	10,499	0,659	0,782	13,440	13,440	20,120	5,494	1,000	824,000	260,000	868,978	215,467
570,000	860,000	1430,000	0,621	15,116	33,669	8,000	37,542	16,502	23,882	1,298	32,023	130,000	81850,442	82101,492	82102,493	82103,869	82104,443	82104,573	82105,314	29930,442	30061,492	30062,493	30063,869	30064,443	30064,573	30065,314	11,966	11,804	0,869	0,995	13,440	13,440	6,014	9,760	1,000	857,000	234,000	868,978	215,467
30,000	50,000	80,000	2,871	0,000	0,216	0,000	70,866	0,009	25,180	0,000	70,932	0,000	81850,442	82107,772	82108,773	82112,044	82112,244	82112,244	82112,302	29930,442	30067,772	30068,773	30072,044	30072,244	30072,244	30072,302	0,000	0,029	0,000	0,000	13,440	13,440	0,019	NaN	1,000	784,000	272,000	868,978	215,467
620,000	810,000	1430,000	1,010	25,926	32,470	8,000	37,966	18,582	21,844	3,336	33,035	210,000	81850,442	82114,872	82115,871	82117,265	82117,892	82118,102	82118,713	29930,442	30074,872	30075,871	30077,265	30077,892	30078,102	30078,714	13,499	13,208	2,254	2,593	13,440	13,440	5,569	15,292	1,000	903,000	204,000	868,978	215,467
580,000	850,000	1430,000	0,788	18,824	27,768	12,000	36,629	16,266	23,164	2,016	33,130	160,000	81850,442	82123,441	82124,443	82128,039	82128,622	82128,782	82129,483	29930,442	30083,441	30084,443	30088,039	30088,622	30088,782	30089,483	11,022	12,199	1,346	1,571	13,440	13,440	2,997	13,129	1,000	841,000	217,000	868,978	215,467
510,000	920,000	1430,000	0,370	27,174	30,896	8,000	37,768	17,052	22,439	2,741	32,469	250,000	81850,442	82132,472	82133,471	82136,153	82136,674	82136,924	82137,602	29930,442	30092,472	30093,471	30096,153	30096,674	30096,924	30097,602	12,453	12,157	1,749	2,229	13,440	13,440	2,862	10,063	1,000	873,000	228,000	868,978	215,467
670,000	760,000	1430,000	0,756	36,842	30,843	6,000	37,596	16,082	20,841	4,339	33,388	280,000	81850,442	82139,843	82140,843	82143,456	82144,133	82144,413	82144,903	29930,442	30099,843	30100,843	30103,456	30104,133	30104,413	30104,903	11,640	11,531	2,900	3,356	13,440	13,440	2,241	17,045	1,000	856,000	239,000	868,978	215,467
360,000	1070,000	1430,000	0,667	10,280	30,120	12,000	36,744	17,039	25,097	0,083	30,287	110,000	81850,442	82149,609	82150,609	82153,755	82154,122	82154,232	82155,202	29930,442	30109,609	30110,609	30113,755	30114,122	30114,232	30115,202	12,312	12,321	0,060	0,047	13,440	13,440	17,084	0,402	1,000	853,000	233,000	868,978	215,467
610,000	820,000	1430,000	1,187	36,585	35,049	8,000	38,000	18,907	20,879	4,301	33,335	300,000	81850,442	82157,297	82158,296	82201,597	82202,212	82202,512	82203,042	29930,442	30117,297	30118,296	30121,597	30122,212	30122,512	30123,042	13,808	13,408	3,016	3,271	13,440	13,440	7,215	17,179	1,000	901,000	188,000	868,978	215,467
560,000	870,000	1430,000	3,153	13,793	29,319	14,000	36,153	14,254	24,590	0,590	31,556	120,000	81850,442	82206,044	82207,043	82210,184	82210,754	82210,874	82211,633	29930,442	30126,044	30127,044	30130,184	30130,754	30130,874	30131,633	10,029	10,496	0,457	0,430	13,440	13,440	12,691	4,669	1,000	789,000	294,000	868,978	215,467
500,000	870,000	1370,000	0,623	24,138	31,987	8,000	38,641	17,964	21,520	3,660	33,980	210,000	81850,442	82214,571	82215,571	82219,327	82219,832	82220,042	82220,713	29930,442	30134,571	30135,571	30139,327	30139,832	30140,042	30140,713	13,080	12,658	2,563	2,760	13,440	13,440	19,307	20,932	1,000	891,000	213,000	868,978	215,467
570,000	860,000	1430,000	0,985	41,860	31,887	6,000	36,133	16,378	20,784	4,396	32,153	360,000	81850,442	82223,404	82224,404	82227,994	82228,572	82228,932	82229,442	29930,442	30143,404	30144,404	30147,994	30148,572	30148,932	30149,442	11,523	12,070	2,831	3,499	13,440	13,440	5,005	15,300	1,000	844,000	240,000	868,978	215,467
590,000	840,000	1430,000	1,223	48,810	31,653	6,000	37,281	15,735	20,485	4,695	33,264	410,000	81850,442	82231,878	82232,877	82236,583	82237,182	82237,592	82238,033	29930,442	30151,878	30152,877	30156,583	30157,183	30157,593	30158,033	11,344	11,392	3,128	3,665	13,440	13,440	7,561	18,431	1,000	847,000	253,000	868,978	215,467
810,000	620,000	1430,000	3,431	45,161	34,890	4,000	36,604	13,047	21,337	3,843	32,797	280,000	81850,442	82240,152	82241,154	82242,692	82243,503	82243,783	82244,132	29930,442	30160,152	30161,154	30162,692	30163,503	30163,783	30164,132	9,163	9,621	2,510	3,010	13,440	13,440	12,770	16,844	1,000	782,000	301,000	868,978	215,467
630,000	800,000	1430,000	1,010	30,000	35,432	6,000	36,578	16,612	21,796	3,384	32,477	240,000	81850,442	82246,559	82247,558	82251,445	82252,083	82252,323	82252,893	29930,442	30166,559	30167,558	30171,445	30172,083	30172,323	30172,893	11,803	12,139	2,364	2,599	13,440	13,440	3,671	13,982	1,000	841,000	238,000	868,978	215,467
650,000	780,000	1430,000	0,428	23,077	36,373	10,000	37,059	16,436	23,880	1,300	32,400	180,000	81850,442	82258,047	82259,047	82302,398	82303,054	82303,234	82303,843	29930,442	30178,047	30179,047	30182,398	30183,054	30183,234	30183,843	11,545	12,038	0,861	1,010	13,440	13,440	13,294	6,948	1,000	858,000	226,000	868,978	215,467
650,000	780,000	1430,000	0,413	16,667	31,236	8,000	37,378	16,829	23,962	1,218	32,649	130,000	81850,442	82306,364	82307,365	82310,940	82311,593	82311,723	82312,384	29930,442	30186,364	30187,365	30190,940	30191,593	30191,723	30192,384	11,872	12,257	0,808	0,961	13,440	13,440	9,492	8,578	1,000	855,000	211,000	868,978	215,467
810,000	620,000	1430,000	0,878	27,419	39,954	5,000	38,278	17,152	22,069	3,111	33,320	170,000	81850,442	82315,837	82316,836	82318,599	82319,413	82319,583	82320,042	29930,442	30195,837	30196,836	30198,599	30199,413	30199,583	30200,042	12,632	12,154	2,164	2,373	13,440	13,440	1,742	18,386	1,000	898,000	204,000	868,978	215,467
580,000	850,000	1430,000	0,794	25,882	34,877	8,000	37,171	16,935	21,256	3,925	32,813	220,000	81850,442	82324,680	82325,679	82328,741	82329,324	82329,544	82330,182	29930,442	30204,680	30205,679	30208,741	30209,324	30209,544	30210,183	12,200	12,112	2,610	3,041	13,440	13,440	18,099	22,160	1,000	855,000	240,000	868,978	215,467
740,000	70,000	810,000	18,009	0,000	2,471	0,000	31,453	0,129	25,177	0,004	31,565	0,000	81850,442	82333,731	82334,731	82338,435	82339,182	82339,182	82339,264	29930,442	30213,731	30214,731	30218,435	30219,183	30219,183	30219,264	0,030	0,116	0,000	0,003	13,440	13,440	1,142	NaN	1,000	419,000	671,000	868,978	215,467
580,000	760,000	1340,000	0,464	18,421	40,313	6,000	36,799	18,121	21,440	3,740	33,274	140,000	81850,442	82343,013	82344,012	82345,035	82345,623	82345,763	82346,392	29930,442	30223,013	30224,012	30225,035	30225,623	30225,763	30226,392	12,349	13,361	2,395	2,921	13,440	13,440	25,076	27,704	1,000	870,000	199,000	868,978	215,467
1270,000	160,000	1430,000	13,659	93,750	23,467	0,000	32,117	2,797	22,637	2,543	31,954	150,000	81850,442	82348,602	82349,603	82350,902	82352,184	82352,334	82352,353	29930,442	30228,602	30229,603	30230,903	30232,184	30232,334	30232,353	1,922	2,213	1,747	2,013	13,440	13,440	NaN	20,766	1,000	505,000	537,000	868,978	215,467
710,000	720,000	1430,000	0,085	22,222	35,707	7,000	37,217	17,133	22,271	2,910	32,546	160,000	81850,442	82354,996	82355,996	82358,625	82359,342	82359,502	82400,074	29930,442	30234,996	30235,996	30238,625	30239,342	30239,502	30240,074	12,114	12,475	1,825	2,342	13,440	13,440	4,413	17,987	1,000	866,000	215,000	868,978	215,467
570,000	800,000	1370,000	0,379	21,250	40,118	6,000	37,559	18,144	21,586	3,594	33,125	170,000	81850,442	82402,043	82403,042	82404,267	82404,845	82405,015	82405,654	29930,442	30242,043	30243,043	30244,267	30244,845	30245,015	30245,654	12,909	13,050	2,331	2,861	13,440	13,440	18,884	21,109	1,000	882,000	212,000	868,978	215,467
530,000	900,000	1430,000	0,291	35,556	36,071	6,000	37,106	18,174	17,446	7,734	34,054	320,000	81850,442	82408,111	82409,111	82410,674	82411,212	82411,532	82412,122	29930,442	30248,111	30249,111	30250,674	30251,212	30251,532	30252,122	12,912	13,137	5,224	5,970	13,440	13,440	22,936	23,200	1,000	879,000	218,000	868,978	215,467
800,000	630,000	1430,000	2,200	39,683	35,445	4,000	37,856	14,062	21,465	3,715	33,314	250,000	81850,442	82414,770	82415,770	82417,782	82418,582	82418,832	82419,222	29930,442	30254,771	30255,770	30257,782	30258,582	30258,832	30259,222	10,256	10,045	2,552	2,789	13,440	13,440	12,341	14,369	1,000	816,000	273,000	868,978	215,467
790,000	640,000	1430,000	1,529	64,062	35,661	4,000	35,918	14,789	16,990	8,190	33,502	410,000	81850,442	82421,817	82422,817	82424,582	82425,373	82425,783	82426,022	29930,442	30261,817	30262,817	30264,582	30265,373	30265,783	30266,022	10,532	10,894	5,626	6,289	13,440	13,440	0,685	23,154	1,000	824,000	246,000	868,978	215,467
