310,000	1070,000	1380,000	0,257	36,449	69,605	10,000	36,414	20,117	10,567	14,613	33,821	390,000	91005,166	91028,566	91029,566	91032,161	91032,474	91032,864	91033,555	33005,166	33028,566	33029,566	33032,161	33032,474	33032,864	33033,555	12,828	15,440	8,091	12,172	13,440	13,440	4,484	3,426	1,000	878,000	217,000	868,978	215,467
500,000	930,000	1430,000	0,253	27,957	59,163	10,000	35,895	19,777	13,466	11,714	31,322	260,000	91005,166	91034,804	91035,804	91037,463	91037,966	91038,226	91038,904	33005,166	33034,804	33035,804	33037,464	33037,966	33038,226	33038,904	12,874	15,135	5,830	10,289	13,440	13,440	33,721	36,095	1,000	860,000	215,000	868,978	215,467
480,000	760,000	1240,000	0,197	18,421	68,779	6,000	37,313	18,784	17,081	8,099	31,923	140,000	91005,166	91040,797	91041,797	91044,260	91044,745	91044,885	91045,515	33005,166	33040,797	33041,797	33044,260	33044,745	33044,885	33045,515	12,688	13,872	3,801	7,263	13,440	13,440	52,176	61,051	1,000	862,000	215,000	868,978	215,467
380,000	750,000	1130,000	0,191	20,000	67,569	8,000	38,248	17,446	19,474	5,706	31,732	150,000	91005,166	91047,497	91048,499	91051,993	91052,376	91052,526	91053,135	33005,166	33047,497	33048,499	33051,993	33052,376	33052,526	33053,135	12,545	12,403	2,647	5,204	13,440	13,440	39,210	36,946	1,000	873,000	210,000	868,978	215,467
30,000	1360,000	1390,000	0,086	19,853	63,047	12,000	36,039	19,632	16,430	8,751	30,291	270,000	91005,166	91055,363	91056,363	91057,934	91058,135	91058,405	91059,505	33005,166	33055,363	33056,363	33057,934	33058,135	33058,405	33059,505	13,700	14,488	4,597	7,665	13,440	13,440	48,148	55,666	1,000	872,000	215,000	868,978	215,467
440,000	990,000	1430,000	0,177	14,141	62,093	8,000	40,610	17,369	17,532	7,648	36,840	140,000	91005,166	91101,268	91102,268	91104,540	91104,988	91105,128	91105,986	33005,166	33061,268	33062,268	33064,540	33064,988	33065,128	33065,986	13,351	11,475	5,448	5,702	13,440	13,440	59,215	58,110	1,000	866,000	221,000	868,978	215,467
410,000	780,000	1190,000	0,620	17,949	51,112	6,000	42,829	18,470	18,957	6,223	34,527	140,000	91005,166	91108,022	91109,023	91112,452	91112,866	91113,006	91113,656	33005,166	33068,022	33069,023	33072,452	33072,866	33073,006	33073,656	15,446	11,138	3,980	4,897	13,440	13,440	41,667	47,184	1,000	877,000	236,000	868,978	215,467
460,000	970,000	1430,000	0,177	40,206	73,407	6,000	42,660	18,665	9,078	16,102	41,408	390,000	91005,166	91116,104	91117,104	91121,084	91121,548	91121,938	91122,527	33005,166	33076,104	33077,104	33081,084	33081,548	33081,938	33082,527	15,274	11,507	12,887	10,295	13,440	13,440	2,237	4,314	1,000	872,000	221,000	868,978	215,467
310,000	970,000	1280,000	0,370	21,649	58,070	10,000	41,672	19,830	14,304	10,876	33,837	210,000	91005,166	91126,474	91127,474	91129,625	91129,937	91130,147	91130,920	33005,166	33086,474	33087,474	33089,625	33089,937	33090,147	33090,920	16,257	12,431	6,611	8,885	13,440	13,440	49,988	53,350	1,000	879,000	224,000	868,978	215,467
30,000	20,000	50,000	18,769	0,000	0,000	0,000	30,307	0,000	25,180	0,000	30,307	0,000	91005,166	91133,646	91134,646	91136,807	91137,009	91137,009	91137,037	33005,166	33093,646	33094,646	33096,807	33097,009	33097,009	33097,037	0,000	0,000	0,000	0,000	13,440	13,440	NaN	NaN	1,000	408,000	698,000	868,978	215,467
520,000	910,000	1430,000	0,173	35,165	73,758	8,000	42,457	20,603	9,651	15,529	38,605	320,000	91005,166	91141,203	91142,204	91144,270	91144,797	91145,117	91145,718	33005,166	33101,203	33102,204	33104,270	33104,797	33105,117	33105,718	17,045	12,667	11,591	10,913	13,440	13,440	22,571	24,931	1,000	863,000	214,000	868,978	215,467
410,000	520,000	930,000	0,317	38,462	64,243	4,000	39,523	16,544	15,132	10,048	35,306	200,000	91005,166	91148,586	91149,586	91150,930	91151,348	91151,548	91151,878	33005,166	33108,586	33109,586	33110,930	33111,348	33111,548	33111,878	12,265	11,337	6,178	8,061	13,440	13,440	33,465	42,927	1,000	858,000	218,000	868,978	215,467
630,000	760,000	1390,000	0,427	30,263	70,705	4,000	40,576	19,305	12,798	12,382	35,415	230,000	91005,166	91154,362	91155,362	91156,935	91157,570	91157,800	91158,338	33005,166	33114,362	33115,362	33116,935	33117,570	33117,800	33118,338	14,570	12,966	7,514	9,974	13,440	13,440	35,471	37,508	1,000	854,000	213,000	868,978	215,467
440,000	550,000	990,000	0,513	74,545	72,207	2,000	39,272	17,519	8,419	16,761	38,780	410,000	91005,166	91200,279	91201,279	91204,500	91204,948	91205,358	91205,509	33005,166	33120,279	33121,279	33124,500	33124,948	33125,358	33125,509	13,164	11,953	12,437	11,705	13,440	13,440	18,718	21,184	1,000	886,000	222,000	868,978	215,467
600,000	520,000	1120,000	0,897	73,077	87,005	2,000	39,581	17,602	8,398	16,782	39,454	380,000	91005,166	91207,490	91208,490	91210,513	91211,120	91211,500	91211,649	33005,166	33127,490	33128,490	33130,513	33131,120	33131,500	33131,649	13,051	12,037	12,394	11,684	13,440	13,440	8,710	9,030	1,000	895,000	197,000	868,978	215,467
830,000	600,000	1430,000	0,094	23,333	60,259	6,000	38,011	17,302	18,034	7,147	32,941	140,000	91005,166	91213,665	91214,665	91215,918	91216,750	91216,890	91217,361	33005,166	33133,665	33134,665	33135,918	33136,750	33136,890	33137,361	12,477	12,263	4,042	5,996	13,440	13,440	38,972	56,835	1,000	866,000	217,000	868,978	215,467
340,000	900,000	1240,000	0,236	16,667	58,125	10,000	41,967	19,259	17,553	7,627	33,947	150,000	91005,166	91221,688	91222,689	91225,398	91225,750	91225,900	91226,660	33005,166	33141,688	33142,689	33145,398	33145,750	33145,900	33146,660	15,527	12,150	4,562	6,233	13,440	13,440	50,658	54,170	1,000	877,000	213,000	868,978	215,467
540,000	730,000	1270,000	0,226	27,397	62,421	6,000	40,209	18,908	14,141	11,040	34,922	200,000	91005,166	91229,166	91230,166	91233,939	91234,480	91234,680	91235,221	33005,166	33149,166	33150,166	33153,939	33154,480	33154,680	33155,221	14,432	12,658	6,825	8,920	13,440	13,440	53,120	57,249	1,000	877,000	216,000	868,978	215,467
650,000	690,000	1340,000	0,254	21,739	76,333	6,000	41,394	17,982	15,370	9,811	36,274	150,000	91005,166	91237,115	91238,115	91241,228	91241,880	91242,030	91242,581	33005,166	33157,115	33158,115	33161,228	33161,880	33162,030	33162,581	14,154	11,588	6,363	7,733	13,440	13,440	67,387	69,790	1,000	866,000	224,000	868,978	215,467
340,000	740,000	1080,000	0,192	54,054	68,840	5,000	39,463	16,747	10,731	14,449	37,825	400,000	91005,166	91243,988	91244,988	91248,539	91248,881	91249,281	91249,631	33005,166	33163,988	33164,988	33168,539	33168,881	33169,281	33169,631	12,688	11,364	10,363	10,380	13,440	13,440	3,062	2,141	1,000	871,000	222,000	868,978	215,467
30,000	20,000	50,000	18,566	0,000	0,000	0,000	30,644	0,000	25,180	0,000	30,644	0,000	91005,166	91251,443	91252,444	91253,974	91254,174	91254,174	91254,201	33005,166	33171,443	33172,444	33173,974	33174,174	33174,174	33174,201	0,000	0,000	0,000	0,000	13,440	13,440	NaN	NaN	1,000	407,000	687,000	868,978	215,467
440,000	840,000	1280,000	0,173	34,524	78,697	6,000	42,252	17,915	12,987	12,193	37,972	290,000	91005,166	91256,411	91257,411	91301,190	91301,631	91301,921	91302,482	33005,166	33176,411	33177,411	33181,190	33181,631	33181,921	33182,482	14,599	11,085	8,803	8,640	13,440	13,440	3,384	6,776	1,000	874,000	219,000	868,978	215,467
320,000	490,000	810,000	0,508	95,918	65,073	1,000	40,165	16,682	8,505	16,675	40,165	470,000	91005,166	91303,811	91304,811	91306,369	91306,692	91307,162	91307,193	33005,166	33183,811	33184,812	33186,369	33186,692	33187,162	33187,193	12,746	10,999	12,747	11,000	13,440	13,440	NaN	2,290	1,000	882,000	228,000	868,978	215,467
400,000	1010,000	1410,000	0,175	34,653	77,720	8,000	44,549	18,969	9,565	15,616	41,262	350,000	91005,166	91308,926	91309,926	91312,405	91312,812	91313,162	91313,832	33005,166	33188,926	33189,926	33192,405	33192,812	33193,162	33193,832	15,639	11,306	11,654	10,535	13,440	13,440	3,430	2,051	1,000	875,000	217,000	868,978	215,467
30,000	20,000	50,000	18,525	0,000	0,000	0,000	30,616	0,000	25,180	0,000	30,616	0,000	91005,166	91315,510	91316,510	91318,247	91318,447	91318,447	91318,472	33005,166	33195,510	33196,510	33198,247	33198,448	33198,448	33198,472	0,000	0,000	0,000	0,000	13,440	13,440	NaN	NaN	1,000	403,000	681,000	868,978	215,467
410,000	600,000	1010,000	0,285	48,333	93,973	4,000	40,089	16,792	10,462	14,718	38,922	290,000	91005,166	91320,593	91321,593	91325,491	91325,902	91326,192	91326,514	33005,166	33200,593	33201,593	33205,491	33205,902	33206,192	33206,514	12,742	11,196	10,708	10,406	13,440	13,440	13,303	14,433	1,000	879,000	217,000	868,978	215,467
330,000	960,000	1290,000	0,310	34,375	84,160	8,000	40,513	17,704	9,864	15,316	38,607	330,000	91005,166	91327,882	91328,882	91331,503	91331,843	91332,173	91332,814	33005,166	33207,882	33208,882	33211,503	33211,843	33212,173	33212,814	13,839	11,503	11,262	10,693	13,440	13,440	17,417	16,152	1,000	862,000	224,000	868,978	215,467
330,000	590,000	920,000	0,769	57,627	79,381	2,000	37,282	16,807	11,513	13,667	35,743	340,000	91005,166	91334,844	91335,844	91339,667	91340,003	91340,343	91340,603	33005,166	33214,844	33215,844	33219,667	33220,003	33220,343	33220,603	11,899	12,099	9,135	10,349	13,440	13,440	5,913	0,972	1,000	843,000	224,000	868,978	215,467
390,000	710,000	1100,000	0,085	50,704	81,657	4,000	39,723	17,616	8,981	16,199	38,388	360,000	91005,166	91342,672	91343,674	91345,467	91345,863	91346,223	91346,583	33005,166	33222,672	33223,674	33225,467	33225,863	33226,223	33226,583	13,222	11,926	11,604	11,488	13,440	13,440	0,863	2,305	1,000	866,000	216,000	868,978	215,467
350,000	520,000	870,000	0,102	67,308	81,143	2,000	38,039	17,297	9,479	15,701	37,279	350,000	91005,166	91348,707	91349,707	91351,162	91351,514	91351,864	91352,045	33005,166	33228,707	33229,707	33231,162	33231,514	33231,864	33232,045	12,516	12,209	11,087	11,433	13,440	13,440	5,893	12,342	1,000	870,000	212,000	868,978	215,467
140,000	860,000	1000,000	0,428	15,116	87,021	8,000	37,048	19,025	25,129	0,051	30,551	130,000	91005,166	91354,187	91355,188	91357,204	91357,404	91357,534	91358,274	33005,166	33234,187	33235,188	33237,204	33237,404	33237,534	33238,274	13,698	13,697	0,095	0,023	13,440	13,440	0,620	0,188	1,000	884,000	213,000	868,978	215,467
360,000	1000,000	1360,000	0,211	21,000	66,965	8,000	37,320	18,083	13,044	12,136	34,564	210,000	91005,166	91400,111	91401,111	91403,764	91404,125	91404,335	91405,134	33005,166	33240,111	33241,111	33243,764	33244,125	33244,335	33245,134	13,051	12,882	7,954	9,552	13,440	13,440	62,402	62,677	1,000	875,000	211,000	868,978	215,467
370,000	600,000	970,000	0,221	53,333	78,581	5,000	40,673	17,451	9,850	15,330	39,683	320,000	91005,166	91407,163	91408,163	91412,084	91412,466	91412,785	91413,076	33005,166	33247,163	33248,163	33252,084	33252,466	33252,786	33253,076	13,474	11,533	11,521	10,662	13,440	13,440	21,004	21,582	1,000	876,000	219,000	868,978	215,467
370,000	880,000	1250,000	0,183	15,909	51,400	11,000	39,832	17,589	19,087	6,093	33,421	140,000	91005,166	91415,192	91416,192	91420,031	91420,406	91420,546	91421,295	33005,166	33255,192	33256,192	33260,031	33260,406	33260,546	33261,295	13,136	11,981	3,264	5,200	13,440	13,440	43,106	42,823	1,000	875,000	213,000	868,978	215,467
510,000	640,000	1150,000	0,043	50,000	81,571	4,000	41,182	17,204	10,531	14,649	39,906	320,000	91005,166	91423,387	91424,387	91425,625	91426,146	91426,466	91426,796	33005,166	33263,387	33264,387	33265,625	33266,146	33266,466	33266,796	12,913	11,448	10,413	10,369	13,440	13,440	6,213	6,741	1,000	869,000	217,000	868,978	215,467
300,000	760,000	1060,000	0,248	36,842	84,424	6,000	40,839	17,429	11,826	13,354	37,353	280,000	91005,166	91429,642	91430,643	91432,218	91432,526	91432,806	91433,295	33005,166	33269,642	33270,643	33272,218	33272,526	33272,806	33273,295	13,448	11,448	9,028	9,953	13,440	13,440	4,397	9,391	1,000	863,000	209,000	868,978	215,467
330,000	680,000	1010,000	0,132	50,000	77,433	4,000	37,968	17,332	9,579	15,601	36,865	340,000	91005,166	91435,252	91436,253	91437,294	91437,626	91437,966	91438,316	33005,166	33275,252	33276,253	33277,294	33277,626	33277,966	33278,316	12,573	12,206	10,872	11,454	13,440	13,440	15,130	16,663	1,000	865,000	213,000	868,978	215,467
540,000	450,000	990,000	0,201	33,333	77,685	4,000	38,518	17,014	15,102	10,078	36,318	150,000	91005,166	91440,348	91441,348	91445,114	91445,656	91445,806	91446,116	33005,166	33280,348	33281,348	33285,114	33285,656	33285,806	33286,116	12,238	11,958	6,834	7,770	13,440	13,440	59,822	71,610	1,000	862,000	217,000	868,978	215,467
390,000	800,000	1190,000	0,344	50,000	82,568	6,000	36,384	18,779	8,083	17,098	35,423	400,000	91005,166	91451,570	91452,570	91453,616	91454,006	91454,406	91454,818	33005,166	33291,570	33292,570	33293,616	33294,006	33294,406	33294,818	13,277	13,725	11,598	13,052	13,440	13,440	16,475	16,389	1,000	857,000	213,000	868,978	215,467
300,000	750,000	1050,000	0,156	20,000	70,354	4,000	39,752	17,424	17,636	7,544	34,285	150,000	91005,166	91456,154	91457,154	91459,262	91459,568	91459,718	91500,328	33005,166	33296,154	33297,154	33299,262	33299,568	33299,718	33300,328	12,939	11,926	4,302	6,360	13,440	13,440	51,879	50,971	1,000	868,000	210,000	868,978	215,467
