30,000	120,000	150,000	18,545	91,667	0,905	0,000	30,528	0,063	25,119	0,061	30,528	110,000	81414,419	81431,059	81432,071	81434,601	81434,802	81434,912	81434,932	29654,419	29671,059	29672,071	29674,601	29674,802	29674,912	29674,932	0,028	0,057	0,028	0,054	13,440	13,440	NaN	0,680	1,000	401,000	680,000	868,978	215,467
320,000	800,000	1120,000	0,487	17,500	66,966	8,000	38,698	17,875	17,263	7,917	33,373	140,000	81414,419	81441,051	81442,052	81444,756	81445,084	81445,224	81445,895	29654,419	29681,051	29682,052	29684,756	29685,084	29685,224	29685,895	13,364	12,319	4,827	6,513	13,440	13,440	64,435	64,803	1,000	885,000	222,000	868,978	215,467
330,000	560,000	890,000	0,677	44,643	86,982	4,000	40,113	16,944	12,536	12,644	36,101	250,000	81414,419	81447,684	81448,684	81451,138	81451,475	81451,725	81452,045	29654,419	29687,684	29688,684	29691,138	29691,475	29691,725	29692,045	12,717	11,365	7,962	9,831	13,440	13,440	18,979	30,568	1,000	893,000	214,000	868,978	215,467
350,000	550,000	900,000	0,228	67,273	81,112	2,000	38,116	16,785	9,555	15,625	36,950	370,000	81414,419	81453,913	81454,915	81456,767	81457,126	81457,496	81457,688	29654,419	29693,914	29694,915	29696,767	29697,126	29697,496	29697,688	12,294	11,758	10,884	11,506	13,440	13,440	5,712	9,793	1,000	863,000	210,000	868,978	215,467
340,000	780,000	1120,000	0,216	43,590	84,640	6,000	39,118	16,940	10,166	15,014	38,110	340,000	81414,419	81500,100	81501,100	81502,987	81503,337	81503,677	81504,127	29654,419	29700,100	29701,100	29702,987	29703,337	29703,677	29704,127	12,628	11,590	10,831	10,694	13,440	13,440	8,835	9,455	1,000	873,000	222,000	868,978	215,467
330,000	1100,000	1430,000	0,175	29,091	79,793	9,000	40,015	17,691	12,574	12,606	36,350	320,000	81414,419	81505,970	81506,970	81508,250	81508,590	81508,910	81509,699	29654,419	29705,970	29706,971	29708,250	29708,590	29708,910	29709,699	13,352	11,952	8,328	9,513	13,440	13,440	1,045	0,527	1,000	875,000	217,000	868,978	215,467
570,000	830,000	1400,000	0,150	36,145	82,219	4,000	40,151	18,225	11,267	13,913	38,165	300,000	81414,419	81510,954	81511,954	81514,898	81515,479	81515,779	81516,318	29654,419	29710,954	29711,954	29714,898	29715,479	29715,779	29716,319	13,449	12,462	9,547	10,314	13,440	13,440	9,766	13,705	1,000	865,000	219,000	868,978	215,467
350,000	1070,000	1420,000	0,114	12,150	85,780	12,000	40,751	18,878	16,494	8,686	36,025	130,000	81414,419	81518,321	81519,322	81521,999	81522,360	81522,490	81523,440	29654,419	29718,321	29719,322	29721,999	29722,360	29722,490	29723,440	14,597	12,405	5,850	6,799	13,440	13,440	76,526	75,952	1,000	873,000	215,000	868,978	215,467
330,000	900,000	1230,000	0,393	31,111	84,092	8,000	38,756	17,440	11,352	13,828	36,283	280,000	81414,419	81528,573	81529,572	81533,552	81533,891	81534,171	81534,801	29654,419	29728,573	29729,572	29733,552	29733,891	29734,171	29734,801	12,180	12,431	8,609	10,791	13,440	13,440	22,208	20,242	1,000	855,000	216,000	868,978	215,467
370,000	810,000	1180,000	0,051	16,049	82,082	9,000	39,218	17,864	16,206	8,974	36,117	130,000	81414,419	81535,793	81536,794	81538,960	81539,333	81539,463	81540,152	29654,419	29735,793	29736,794	29738,960	29739,333	29739,463	29740,152	12,742	12,547	5,767	7,099	13,440	13,440	75,828	76,689	1,000	868,000	217,000	868,978	215,467
330,000	840,000	1170,000	0,379	46,429	84,696	5,000	38,710	17,305	8,915	16,265	38,154	390,000	81414,419	81541,523	81542,524	81544,828	81545,162	81545,552	81546,014	29654,419	29741,523	29742,524	29744,828	29745,162	29745,552	29746,014	12,741	11,983	11,795	11,439	13,440	13,440	1,684	1,495	1,000	882,000	219,000	868,978	215,467
170,000	20,000	190,000	19,242	0,000	0,000	0,000	28,958	0,000	25,180	0,000	28,958	0,000	81414,419	81554,662	81555,662	81559,205	81559,405	81559,405	81559,434	29654,419	29754,662	29755,662	29759,205	29759,405	29759,405	29759,434	0,000	0,000	0,000	0,000	13,440	13,440	NaN	NaN	1,000	389,000	703,000	868,978	215,467
350,000	540,000	890,000	0,254	27,778	83,559	4,000	38,094	17,659	14,353	10,827	35,206	150,000	81414,419	81602,250	81603,250	81606,823	81607,175	81607,325	81607,726	29654,419	29762,250	29763,250	29766,824	29767,175	29767,325	29767,726	12,939	12,319	7,281	8,417	13,440	13,440	78,894	80,078	1,000	878,000	216,000	868,978	215,467
360,000	840,000	1200,000	0,195	40,476	95,051	6,000	41,410	19,215	8,350	16,830	39,677	340,000	81414,419	81609,267	81610,266	81613,424	81613,786	81614,126	81614,636	29654,419	29769,267	29770,267	29773,424	29773,786	29774,126	29774,636	15,470	12,178	12,933	11,361	13,440	13,440	8,685	10,226	1,000	863,000	219,000	868,978	215,467
60,000	70,000	130,000	19,103	0,000	0,578	0,000	29,033	0,025	25,180	0,000	29,069	0,000	81414,419	81615,728	81616,728	81618,928	81619,129	81619,129	81619,207	29654,419	29775,728	29776,728	29778,928	29779,129	29779,129	29779,207	0,000	0,029	0,000	0,000	13,440	13,440	0,056	NaN	1,000	383,000	690,000	868,978	215,467
30,000	40,000	70,000	19,023	0,000	0,318	0,000	29,460	0,014	25,179	0,001	29,480	0,000	81414,419	81621,724	81622,724	81625,658	81625,859	81625,859	81625,910	29654,419	29781,724	29782,724	29785,658	29785,859	29785,859	29785,910	0,000	0,000	0,000	0,000	13,440	13,440	0,014	NaN	1,000	391,000	694,000	868,978	215,467
400,000	570,000	970,000	0,734	54,386	75,994	2,000	38,300	18,535	10,327	14,853	36,343	310,000	81414,419	81627,710	81628,710	81630,535	81630,938	81631,248	81631,519	29654,419	29787,710	29788,710	29790,535	29790,938	29791,248	29791,519	13,809	12,827	10,434	10,914	13,440	13,440	12,143	16,420	1,000	894,000	208,000	868,978	215,467
350,000	530,000	880,000	0,142	66,038	82,944	2,000	38,596	17,432	9,275	15,905	37,784	350,000	81414,419	81632,881	81633,881	81635,553	81635,910	81636,261	81636,449	29654,419	29792,881	29793,881	29795,553	29795,911	29796,261	29796,449	13,080	11,954	11,586	11,352	13,440	13,440	5,653	8,669	1,000	874,000	215,000	868,978	215,467
320,000	800,000	1120,000	0,273	42,500	79,017	6,000	38,622	17,496	10,241	14,939	37,448	340,000	81414,419	81638,332	81639,334	81642,311	81642,641	81642,981	81643,451	29654,419	29798,332	29799,334	29802,311	29802,641	29802,981	29803,451	13,106	12,010	10,795	10,712	13,440	13,440	4,152	3,337	1,000	878,000	219,000	868,978	215,467
420,000	750,000	1170,000	0,254	45,333	113,419	4,000	37,759	18,509	9,075	16,105	35,950	340,000	81414,419	81644,948	81645,949	81649,518	81649,942	81650,282	81650,702	29654,419	29804,948	29805,949	29809,518	29809,942	29810,282	29810,702	13,332	12,995	10,850	11,955	13,440	13,440	0,014	0,381	1,000	878,000	216,000	868,978	215,467
470,000	610,000	1080,000	0,636	45,902	94,087	4,000	39,260	16,777	11,567	13,613	36,997	280,000	81414,419	81652,321	81653,321	81657,294	81657,774	81658,054	81658,393	29654,419	29812,321	29813,321	29817,294	29817,774	29818,054	29818,393	12,294	11,562	9,202	9,969	13,440	13,440	3,086	0,962	1,000	856,000	234,000	868,978	215,467
420,000	900,000	1320,000	0,156	31,111	114,145	7,000	39,160	18,375	10,776	14,404	37,094	280,000	81414,419	81700,227	81701,227	81703,399	81703,822	81704,102	81704,733	29654,419	29820,227	29821,227	29823,399	29823,823	29824,103	29824,733	12,938	12,938	9,406	10,679	13,440	13,440	1,898	1,042	1,000	870,000	210,000	868,978	215,467
450,000	470,000	920,000	0,370	74,468	82,304	2,000	38,745	16,341	9,614	15,566	38,497	350,000	81414,419	81706,443	81707,443	81708,552	81709,003	81709,353	81709,483	29654,419	29826,443	29827,443	29828,552	29829,003	29829,353	29829,483	11,534	11,563	10,923	11,167	13,440	13,440	6,573	12,898	1,000	857,000	210,000	868,978	215,467
350,000	550,000	900,000	0,540	69,091	70,846	2,000	38,001	17,265	9,196	15,984	37,223	380,000	81414,419	81711,552	81712,552	81715,949	81716,305	81716,685	81716,864	29654,419	29831,552	29832,552	29835,949	29836,305	29836,685	29836,865	12,348	12,264	11,146	11,678	13,440	13,440	5,334	10,268	1,000	861,000	198,000	868,978	215,467
360,000	770,000	1130,000	0,110	18,182	83,824	6,000	39,675	18,877	15,716	9,464	34,703	140,000	81414,419	81718,658	81719,658	81723,048	81723,415	81723,555	81724,196	29654,419	29838,658	29839,658	29843,048	29843,415	29843,555	29844,196	14,517	12,630	6,146	7,595	13,440	13,440	71,888	76,145	1,000	866,000	218,000	868,978	215,467
30,000	30,000	60,000	18,764	0,000	0,000	0,000	30,049	0,000	25,180	0,000	30,049	0,000	81414,419	81726,256	81727,255	81729,705	81729,906	81729,906	81729,947	29654,419	29846,256	29847,256	29849,705	29849,906	29849,906	29849,948	0,000	0,000	0,000	0,000	13,440	13,440	NaN	NaN	1,000	398,000	688,000	868,978	215,467
30,000	920,000	950,000	0,344	14,130	88,316	10,000	35,864	18,844	25,106	0,074	29,825	130,000	81414,419	81732,227	81733,228	81736,847	81737,048	81737,178	81737,977	29654,419	29852,228	29853,228	29856,847	29857,048	29857,178	29857,978	12,994	14,007	0,000	0,086	13,440	13,440	0,329	0,358	1,000	857,000	213,000	868,978	215,467
260,000	50,000	310,000	18,864	0,000	0,327	0,000	29,709	0,014	25,180	0,000	29,646	0,000	81414,419	81740,203	81741,205	81743,093	81743,358	81743,358	81743,418	29654,419	29860,203	29861,205	29863,093	29863,358	29863,358	29863,418	0,030	0,000	0,003	0,000	13,440	13,440	0,028	NaN	1,000	392,000	687,000	868,978	215,467
30,000	160,000	190,000	18,766	0,000	1,641	0,000	30,098	0,100	25,180	0,000	30,241	0,000	81414,419	81746,207	81747,208	81749,785	81749,986	81749,986	81750,149	29654,419	29866,207	29867,208	29869,785	29869,986	29869,986	29870,149	0,000	0,116	0,000	0,000	13,440	13,440	0,935	NaN	1,000	404,000	694,000	868,978	215,467
30,000	1400,000	1430,000	0,894	13,571	75,578	16,000	40,745	22,384	24,363	0,817	37,003	190,000	81414,419	81750,735	81751,736	81755,231	81755,432	81755,622	81756,840	29654,419	29870,735	29871,736	29875,231	29875,432	29875,622	29876,840	15,911	15,991	0,752	0,477	13,440	13,440	3,945	4,525	1,000	899,000	205,000	868,978	215,467
1250,000	180,000	1430,000	4,649	94,444	85,583	0,000	35,137	11,083	14,374	10,806	34,915	170,000	81414,419	81758,829	81759,829	81801,662	81802,921	81803,091	81803,111	29654,419	29878,829	29879,829	29881,662	29882,921	29883,091	29883,111	6,498	8,925	6,305	8,735	13,440	13,440	NaN	64,744	1,000	709,000	257,000	868,978	215,467
590,000	840,000	1430,000	0,219	33,333	96,159	5,000	40,559	18,327	11,381	13,799	37,245	280,000	81414,419	81805,078	81806,078	81808,386	81808,982	81809,262	81809,831	29654,419	29885,078	29886,078	29888,386	29888,982	29889,262	29889,831	13,360	12,544	8,735	10,567	13,440	13,440	5,105	2,994	1,000	862,000	212,000	868,978	215,467
400,000	1030,000	1430,000	0,109	51,456	65,455	9,000	37,441	17,851	7,729	17,451	37,105	530,000	81414,419	81811,360	81812,360	81815,667	81816,072	81816,602	81817,113	29654,419	29891,360	29892,360	29895,667	29896,072	29896,602	29897,113	12,739	12,797	12,310	12,622	13,440	13,440	1,081	0,542	1,000	866,000	213,000	868,978	215,467
340,000	790,000	1130,000	0,151	39,241	88,539	6,000	39,514	17,568	10,705	14,476	37,438	310,000	81414,419	81818,554	81819,555	81822,116	81822,465	81822,775	81823,263	29654,419	29898,554	29899,555	29902,116	29902,465	29902,775	29903,263	12,604	12,319	9,517	11,011	13,440	13,440	9,881	11,317	1,000	866,000	211,000	868,978	215,467
580,000	810,000	1390,000	0,250	33,333	73,723	6,000	39,435	17,141	12,242	12,938	35,712	270,000	81414,419	81825,279	81826,278	81827,401	81827,984	81828,254	81828,804	29654,419	29905,279	29906,278	29907,401	29907,984	29908,254	29908,804	12,855	11,672	8,299	10,067	13,440	13,440	30,149	29,445	1,000	876,000	210,000	868,978	215,467
400,000	620,000	1020,000	0,059	53,226	79,287	6,000	39,146	17,045	9,397	15,783	37,875	330,000	81414,419	81830,924	81831,925	81835,809	81836,214	81836,544	81836,847	29654,419	29910,925	29911,925	29915,809	29916,214	29916,544	29916,847	12,856	11,587	11,374	11,322	13,440	13,440	18,038	19,428	1,000	871,000	216,000	868,978	215,467
1660,000	90,000	1750,000	5,350	0,000	94,383	0,000	35,624	7,192	25,106	0,074	35,038	0,000	81414,419	81839,202	81840,202	81844,058	81845,726	81845,726	81845,826	29654,419	29919,202	29920,202	29924,058	29925,726	29925,726	29925,826	4,218	5,994	0,039	0,067	13,440	13,440	63,754	NaN	1,000	689,000	277,000	868,978	215,467
60,000	20,000	80,000	18,745	0,000	0,000	0,000	30,163	0,000	25,180	0,000	30,163	0,000	81414,419	81850,485	81851,486	81854,391	81854,592	81854,592	81854,618	29654,419	29930,486	29931,486	29934,392	29934,592	29934,592	29934,618	0,000	0,000	0,000	0,000	13,440	13,440	NaN	NaN	1,000	401,000	690,000	868,978	215,467
530,000	680,000	1210,000	0,467	41,176	97,881	4,000	40,589	19,283	9,885	15,295	39,234	280,000	81414,419	81856,479	81857,479	81859,981	81900,519	81900,799	81901,209	29654,419	29936,479	29937,479	29939,981	29940,519	29940,799	29941,209	14,093	13,197	10,813	10,964	13,440	13,440	5,116	13,088	1,000	853,000	220,000	868,978	215,467
390,000	660,000	1050,000	0,555	39,394	84,186	6,000	36,045	18,106	13,842	11,338	33,112	260,000	81414,419	81903,105	81904,105	81907,096	81907,490	81907,750	81908,159	29654,419	29943,105	29944,105	29947,096	29947,490	29947,750	29948,159	12,378	13,501	6,871	9,434	13,440	13,440	74,014	77,023	1,000	850,000	210,000	868,978	215,467
