460,000	970,000	1430,000	0,290	22,680	27,398	9,000	51,605	16,999	13,749	3,416	55,598	220,000	114537,029	114557,012	114558,012	114600,315	114600,784	114601,004	114601,765	42337,029	42357,012	42358,012	42360,315	42360,784	42361,004	42361,765	11,729	12,714	2,632	2,394	-13,440	13,440	12,803	18,918	1,000	581,000	218,000	571,022	215,467
180,000	20,000	200,000	18,785	0,000	0,000	0,000	56,335	0,000	17,165	0,000	56,335	0,000	114537,029	114603,429	114604,430	114605,615	114605,815	114605,815	114605,845	42337,029	42363,429	42364,430	42365,615	42365,815	42365,815	42365,845	0,000	0,000	0,000	0,000	-13,440	13,440	NaN	NaN	1,000	1039,000	692,000	571,022	215,467
420,000	1010,000	1430,000	0,996	18,812	17,873	16,000	54,522	14,488	14,784	2,381	57,183	190,000	114537,029	114606,435	114607,435	114608,939	114609,365	114609,555	114610,386	42337,029	42366,435	42367,435	42368,939	42369,365	42369,555	42370,386	10,839	9,861	1,861	1,568	-13,440	13,440	0,468	12,681	1,000	557,000	248,000	571,022	215,467
290,000	1140,000	1430,000	0,710	18,421	25,972	14,000	52,598	17,591	14,742	2,424	56,297	210,000	114537,029	114612,215	114613,214	114614,498	114614,795	114615,005	114615,945	42337,029	42372,215	42373,214	42374,498	42374,796	42375,006	42375,945	12,335	13,068	1,760	1,886	-13,440	13,440	6,062	12,718	1,000	594,000	205,000	571,022	215,467
320,000	1110,000	1430,000	0,378	18,018	28,777	11,000	52,569	18,506	14,129	3,037	56,203	200,000	114537,029	114617,204	114618,205	114619,817	114620,146	114620,346	114621,265	42337,029	42377,204	42378,205	42379,817	42380,146	42380,346	42381,265	13,086	13,474	2,279	2,223	-13,440	13,440	14,762	16,514	1,000	584,000	212,000	571,022	215,467
420,000	1010,000	1430,000	0,486	20,792	29,565	12,000	52,773	19,044	14,645	2,521	55,395	210,000	114537,029	114622,380	114623,382	114625,769	114626,195	114626,405	114627,215	42337,029	42382,380	42383,382	42385,769	42386,195	42386,405	42387,215	13,893	13,253	1,769	1,965	-13,440	13,440	1,233	14,372	1,000	556,000	224,000	571,022	215,467
400,000	1030,000	1430,000	0,335	18,447	28,571	8,000	52,769	17,218	15,964	1,201	56,141	190,000	114537,029	114628,387	114629,387	114633,262	114633,667	114633,857	114634,704	42337,029	42388,387	42389,387	42393,262	42393,667	42393,857	42394,704	12,411	12,340	0,867	0,965	-13,440	13,440	5,996	6,198	1,000	574,000	227,000	571,022	215,467
590,000	840,000	1430,000	3,519	40,476	28,851	6,000	53,605	13,106	14,740	2,425	55,826	340,000	114537,029	114636,126	114637,126	114638,991	114639,585	114639,925	114640,435	42337,029	42396,126	42397,126	42398,991	42399,585	42399,925	42400,435	9,600	9,329	1,772	1,820	-13,440	13,440	17,967	10,154	1,000	653,000	310,000	571,022	215,467
2400,000	70,000	2470,000	19,023	0,000	0,818	0,000	56,486	0,040	17,165	0,000	56,499	0,000	114537,029	114641,945	114642,945	114644,554	114646,965	114646,965	114647,045	42337,029	42401,945	42402,945	42404,554	42406,965	42406,965	42407,045	0,029	0,029	0,003	0,000	-13,440	13,440	0,282	NaN	1,000	1049,000	694,000	571,022	215,467
30,000	180,000	210,000	19,281	77,778	0,687	1,000	56,498	0,063	17,119	0,046	56,535	140,000	114537,029	114647,630	114648,630	114651,159	114651,359	114651,499	114651,545	42337,029	42407,630	42408,630	42411,159	42411,359	42411,499	42411,545	0,057	0,029	0,057	0,003	-13,440	13,440	0,161	0,092	1,000	1057,000	699,000	571,022	215,467
100,000	640,000	740,000	16,556	29,687	43,797	4,000	57,435	14,185	11,521	5,645	63,228	190,000	114537,029	114652,138	114653,138	114654,817	114655,017	114655,207	114655,665	42337,029	42412,138	42413,138	42414,817	42415,017	42415,207	42415,665	10,380	10,213	4,446	4,033	-13,440	13,440	26,323	28,289	1,000	988,000	631,000	571,022	215,467
60,000	20,000	80,000	18,746	0,000	0,000	0,000	57,047	0,000	17,165	0,000	57,047	0,000	114537,029	114658,126	114659,126	114701,394	114701,595	114701,595	114701,625	42337,029	42418,127	42419,126	42421,394	42421,595	42421,595	42421,625	0,000	0,000	0,000	0,000	-13,440	13,440	NaN	NaN	1,000	1049,000	680,000	571,022	215,467
560,000	870,000	1430,000	4,239	18,391	23,808	9,000	53,147	13,371	16,142	1,023	56,120	160,000	114537,029	114704,343	114705,343	114707,462	114708,024	114708,185	114708,905	42337,029	42424,343	42425,343	42427,462	42428,025	42428,185	42428,905	9,528	9,867	0,696	0,897	-13,440	13,440	14,483	6,863	1,000	690,000	308,000	571,022	215,467
1140,000	290,000	1430,000	14,782	58,621	12,040	3,000	56,147	2,547	15,921	1,245	56,695	170,000	114537,029	114711,117	114712,117	114715,899	114717,045	114717,215	114717,346	42337,029	42431,117	42432,117	42435,899	42437,045	42437,215	42437,346	1,686	2,053	0,847	0,999	-13,440	13,440	2,311	8,136	1,000	959,000	570,000	571,022	215,467
340,000	1090,000	1430,000	0,595	15,596	27,676	12,000	53,028	18,740	15,870	1,296	56,241	170,000	114537,029	114720,158	114721,158	114722,961	114723,305	114723,475	114724,405	42337,029	42440,158	42441,158	42442,961	42443,305	42443,475	42444,405	13,671	13,076	0,937	1,036	-13,440	13,440	3,215	7,654	1,000	550,000	213,000	571,022	215,467
390,000	1040,000	1430,000	0,345	32,692	25,186	9,000	52,550	17,190	12,843	4,323	55,880	340,000	114537,029	114725,882	114726,883	114728,818	114729,214	114729,554	114730,265	42337,029	42445,882	42446,883	42448,818	42449,214	42449,554	42450,265	12,146	12,615	3,269	3,095	-13,440	13,440	5,964	13,389	1,000	582,000	210,000	571,022	215,467
370,000	1060,000	1430,000	0,169	13,208	24,521	11,000	53,672	17,397	15,966	1,199	57,377	140,000	114537,029	114731,783	114732,783	114735,310	114735,685	114735,825	114736,754	42337,029	42451,783	42452,783	42455,310	42455,685	42455,825	42456,754	12,673	12,300	0,975	0,824	-13,440	13,440	0,525	9,156	1,000	577,000	216,000	571,022	215,467
620,000	810,000	1430,000	3,803	37,037	23,645	8,000	54,536	12,856	14,341	2,824	56,297	300,000	114537,029	114738,190	114739,191	114742,665	114743,296	114743,596	114744,114	42337,029	42458,190	42459,191	42462,665	42463,296	42463,596	42464,114	9,664	8,787	2,131	2,043	-13,440	13,440	8,477	11,286	1,000	658,000	319,000	571,022	215,467
420,000	1010,000	1430,000	1,332	17,822	26,905	10,000	53,573	16,675	16,099	1,066	57,176	180,000	114537,029	114745,970	114746,970	114749,068	114749,495	114749,675	114750,514	42337,029	42465,970	42466,971	42469,068	42469,495	42469,675	42470,514	12,065	11,966	0,799	0,773	-13,440	13,440	7,858	6,452	1,000	615,000	233,000	571,022	215,467
370,000	1060,000	1430,000	0,779	31,132	24,471	8,000	53,644	17,325	14,161	3,004	56,626	330,000	114537,029	114751,947	114752,947	114755,877	114756,254	114756,584	114757,325	42337,029	42471,947	42472,947	42475,877	42476,254	42476,584	42477,325	12,833	11,935	2,435	1,923	-13,440	13,440	2,093	12,812	1,000	574,000	243,000	571,022	215,467
390,000	30,000	420,000	18,804	0,000	0,000	0,000	56,678	0,000	17,165	0,000	56,678	0,000	114537,029	114758,962	114759,964	114801,063	114801,455	114801,455	114801,494	42337,029	42478,962	42479,964	42481,063	42481,455	42481,455	42481,494	0,000	0,000	0,000	0,000	-13,440	13,440	NaN	NaN	1,000	1045,000	687,000	571,022	215,467
30,000	30,000	60,000	18,629	0,000	0,000	0,000	57,279	0,000	17,165	0,000	57,279	0,000	114537,029	114802,080	114803,079	114807,057	114807,257	114807,257	114807,294	42337,029	42482,080	42483,079	42487,057	42487,257	42487,257	42487,294	0,000	0,000	0,000	0,000	-13,440	13,440	NaN	NaN	1,000	1049,000	674,000	571,022	215,467
1280,000	150,000	1430,000	16,777	93,333	8,606	0,000	56,138	1,138	16,146	1,019	56,223	140,000	114537,029	114808,990	114809,990	114813,179	114814,464	114814,604	114814,625	42337,029	42488,991	42489,990	42493,180	42494,464	42494,604	42494,625	0,880	0,746	0,785	0,661	-13,440	13,440	NaN	6,277	1,000	987,000	643,000	571,022	215,467
400,000	1030,000	1430,000	1,151	34,951	27,560	10,000	52,132	16,832	12,766	4,399	55,152	360,000	114537,029	114817,024	114818,024	114820,441	114820,845	114821,205	114821,886	42337,029	42497,024	42498,024	42500,441	42500,845	42501,205	42501,886	11,851	12,336	3,250	3,216	-13,440	13,440	8,546	16,406	1,000	603,000	241,000	571,022	215,467
380,000	1050,000	1430,000	2,044	15,238	21,588	11,000	52,635	15,739	15,982	1,183	56,328	160,000	114537,029	114823,472	114824,471	114826,819	114827,206	114827,366	114828,265	42337,029	42503,472	42504,472	42506,819	42507,206	42507,366	42508,265	11,153	11,526	0,936	0,830	-13,440	13,440	1,718	7,925	1,000	626,000	263,000	571,022	215,467
530,000	900,000	1430,000	4,903	37,778	21,099	6,000	53,655	12,308	14,276	2,889	55,696	340,000	114537,029	114830,476	114831,476	114834,894	114835,424	114835,764	114836,335	42337,029	42510,476	42511,476	42514,894	42515,424	42515,764	42516,335	8,910	8,823	2,009	2,295	-13,440	13,440	4,276	10,764	1,000	696,000	337,000	571,022	215,467
640,000	790,000	1430,000	6,992	26,582	18,395	6,000	53,500	10,081	15,735	1,431	55,742	210,000	114537,029	114838,530	114839,531	114841,385	114842,035	114842,245	114842,836	42337,029	42518,530	42519,531	42521,385	42522,035	42522,245	42522,836	7,276	7,299	1,018	1,109	-13,440	13,440	10,461	6,643	1,000	743,000	395,000	571,022	215,467
350,000	60,000	410,000	18,943	0,000	0,364	0,000	56,588	0,016	17,165	0,000	56,626	0,000	114537,029	114845,145	114846,145	114848,216	114848,575	114848,575	114848,644	42337,029	42525,145	42526,146	42528,216	42528,575	42528,575	42528,644	0,000	0,029	0,000	0,000	-13,440	13,440	0,035	NaN	1,000	1049,000	690,000	571,022	215,467
660,000	770,000	1430,000	5,997	14,286	19,656	7,000	54,434	11,139	16,327	0,838	56,818	110,000	114537,029	114851,761	114852,762	114856,578	114857,246	114857,356	114858,025	42337,029	42531,761	42532,762	42536,578	42537,246	42537,356	42538,025	8,155	7,801	0,582	0,594	-13,440	13,440	10,730	7,547	1,000	719,000	369,000	571,022	215,467
390,000	1040,000	1430,000	1,652	33,654	22,270	7,000	52,679	15,897	13,179	3,987	55,730	350,000	114537,029	114900,163	114901,163	114904,316	114904,716	114905,066	114905,767	42337,029	42540,163	42541,163	42544,316	42544,716	42545,066	42545,767	11,266	11,607	2,964	2,858	-13,440	13,440	2,662	13,629	1,000	617,000	252,000	571,022	215,467
1560,000	-10,000	1550,000	18,386	-0,000	0,000	0,000	56,887	0,000	17,165	0,000	56,887	0,000	114537,029	114907,471	114908,473	114910,052	114911,615	114911,615	114911,616	42337,029	42547,471	42548,473	42550,052	42551,615	42551,615	42551,616	0,000	0,000	0,000	0,000	-13,440	13,440	NaN	NaN	1,000	1036,000	675,000	571,022	215,467
460,000	970,000	1430,000	0,480	23,711	24,131	9,000	53,978	16,513	13,873	3,293	56,797	230,000	114537,029	114912,870	114913,870	114917,074	114917,546	114917,776	114918,525	42337,029	42552,870	42553,870	42557,074	42557,546	42557,776	42558,525	12,013	11,681	2,491	2,348	-13,440	13,440	8,376	16,525	1,000	562,000	201,000	571,022	215,467
500,000	930,000	1430,000	5,639	15,054	17,880	10,000	53,239	11,943	16,490	0,676	56,222	140,000	114537,029	114919,759	114920,758	114924,518	114925,025	114925,165	114925,966	42337,029	42559,759	42560,758	42564,518	42565,025	42565,165	42565,966	8,574	8,630	0,516	0,488	-13,440	13,440	11,221	4,920	1,000	714,000	356,000	571,022	215,467
30,000	50,000	80,000	18,844	0,000	0,552	0,000	56,589	0,024	17,165	0,000	56,564	0,000	114537,029	114927,823	114928,824	114931,471	114931,672	114931,672	114931,725	42337,029	42567,824	42568,824	42571,471	42571,672	42571,672	42571,725	0,030	0,000	0,003	0,000	-13,440	13,440	0,048	NaN	1,000	1044,000	690,000	571,022	215,467
770,000	660,000	1430,000	9,159	18,182	16,906	8,000	54,733	8,005	16,319	0,846	56,755	120,000	114537,029	114935,783	114936,783	114939,999	114940,774	114940,894	114941,445	42337,029	42575,783	42576,783	42579,999	42580,775	42580,895	42581,445	5,819	5,754	0,662	0,576	-13,440	13,440	9,132	6,937	1,000	799,000	448,000	571,022	215,467
1280,000	150,000	1430,000	17,591	0,000	4,169	0,000	56,646	0,404	17,162	0,004	56,882	0,000	114537,029	114943,974	114944,975	114946,861	114948,145	114948,145	114948,305	42337,029	42583,975	42584,975	42586,861	42588,145	42588,145	42588,305	0,285	0,314	0,000	0,003	-13,440	13,440	2,204	NaN	1,000	1015,000	656,000	571,022	215,467
880,000	550,000	1430,000	14,950	43,636	9,491	5,000	55,859	3,197	16,134	1,031	56,347	240,000	114537,029	114951,629	114952,629	114955,456	114956,345	114956,585	114956,907	42337,029	42591,629	42592,629	42595,456	42596,345	42596,585	42596,907	2,453	2,150	0,827	0,653	-13,440	13,440	4,781	3,732	1,000	938,000	600,000	571,022	215,467
190,000	50,000	240,000	18,944	0,000	0,362	0,000	56,791	0,016	17,165	0,000	56,829	0,000	114537,029	115000,021	115001,021	115004,926	115005,127	115005,127	115005,185	42337,029	42600,021	42601,021	42604,926	42605,127	42605,127	42605,185	0,000	0,029	0,000	0,000	-13,440	13,440	0,031	NaN	1,000	1051,000	688,000	571,022	215,467
770,000	660,000	1430,000	12,977	18,182	15,931	9,000	56,070	4,854	16,651	0,514	56,725	120,000	114537,029	115008,391	115009,392	115011,133	115011,905	115012,024	115012,575	42337,029	42608,391	42609,392	42611,133	42611,905	42612,025	42612,575	3,761	3,297	0,389	0,402	-13,440	13,440	9,142	4,509	1,000	895,000	544,000	571,022	215,467
820,000	610,000	1430,000	13,494	34,426	14,269	4,000	55,929	3,744	16,733	0,432	56,524	210,000	114537,029	115015,100	115016,101	115019,044	115019,875	115020,085	115020,494	42337,029	42615,100	42616,101	42619,044	42619,875	42620,085	42620,494	2,875	2,616	0,332	0,314	-13,440	13,440	8,875	2,744	1,000	907,000	558,000	571,022	215,467
