360,000	1070,000	1430,000	0,741	19,626	25,015	17,000	37,095	16,941	21,592	3,588	32,475	210,000	93328,737	93350,588	93351,588	93355,534	93355,905	93356,115	93356,983	34408,737	34430,588	34431,588	34435,534	34435,905	34436,115	34436,983	12,365	12,085	2,567	2,724	13,440	13,440	11,146	17,912	1,000	847,000	230,000	868,978	215,467
960,000	470,000	1430,000	8,882	29,787	26,419	4,000	33,532	7,846	23,933	1,247	30,839	140,000	93328,737	93359,835	93400,835	93402,102	93403,064	93403,204	93403,544	34408,737	34439,835	34440,835	34442,102	34443,064	34443,204	34443,544	5,042	6,159	0,583	1,097	13,440	13,440	13,346	9,051	1,000	625,000	416,000	868,978	215,467
450,000	980,000	1430,000	0,868	24,490	25,506	12,000	36,973	16,649	21,472	3,708	31,323	240,000	93328,737	93407,401	93408,401	93411,084	93411,545	93411,785	93412,535	34408,737	34447,401	34448,401	34451,084	34451,545	34451,785	34452,535	11,967	12,023	2,071	3,156	13,440	13,440	8,702	16,519	1,000	849,000	239,000	868,978	215,467
520,000	910,000	1430,000	1,403	28,571	26,847	10,000	35,864	16,416	21,306	3,874	30,953	260,000	93328,737	93415,556	93416,556	93418,538	93419,064	93419,324	93419,984	34408,737	34455,556	34456,556	34458,538	34459,064	34459,324	34459,984	11,371	12,218	2,190	3,294	13,440	13,440	5,006	15,353	1,000	824,000	237,000	868,978	215,467
360,000	1070,000	1430,000	0,309	26,168	26,466	7,000	36,848	18,420	21,092	4,088	32,486	280,000	93328,737	93425,011	93426,011	93427,202	93427,564	93427,844	93428,644	34408,737	34465,011	34466,011	34467,202	34467,564	34467,844	34468,644	13,069	13,387	2,799	3,155	13,440	13,440	7,788	14,911	1,000	879,000	211,000	868,978	215,467
330,000	1100,000	1430,000	0,460	15,455	28,265	12,000	36,549	17,604	22,331	2,849	32,144	170,000	93328,737	93431,544	93432,546	93433,941	93434,276	93434,446	93435,384	34408,737	34471,544	34472,546	34473,941	34474,276	34474,446	34475,384	12,273	12,946	1,834	2,303	13,440	13,440	10,571	18,017	1,000	854,000	222,000	868,978	215,467
370,000	1060,000	1430,000	1,125	28,302	28,922	10,000	35,856	17,243	20,904	4,276	30,766	300,000	93328,737	93438,799	93439,799	93442,863	93443,244	93443,544	93444,314	34408,737	34478,799	34479,799	34482,863	34483,244	34483,544	34484,314	12,098	12,692	2,549	3,521	13,440	13,440	7,926	16,017	1,000	831,000	228,000	868,978	215,467
300,000	30,000	330,000	19,123	0,000	0,000	0,000	29,303	0,000	25,180	0,000	29,303	0,000	93328,737	93447,631	93448,631	93450,097	93450,404	93450,404	93450,444	34408,737	34487,631	34488,631	34490,097	34490,404	34490,404	34490,444	0,000	0,000	0,000	0,000	13,440	13,440	NaN	NaN	1,000	394,000	702,000	868,978	215,467
420,000	1010,000	1430,000	1,064	12,871	28,154	12,000	36,068	16,916	23,920	1,260	30,155	130,000	93328,737	93455,318	93456,319	93459,334	93459,765	93459,895	93500,784	34408,737	34495,318	34496,319	34499,334	34499,765	34499,895	34500,784	11,932	12,442	0,715	1,073	13,440	13,440	3,601	10,007	1,000	836,000	234,000	868,978	215,467
330,000	1100,000	1430,000	0,249	20,909	30,575	14,000	36,413	18,082	21,556	3,624	30,482	230,000	93328,737	93504,870	93505,870	93508,535	93508,873	93509,103	93509,987	34408,737	34504,870	34505,870	34508,535	34508,873	34509,103	34509,987	12,839	13,172	1,995	3,103	13,440	13,440	14,921	17,917	1,000	863,000	222,000	868,978	215,467
320,000	1110,000	1430,000	0,254	17,117	36,458	8,000	37,409	18,293	21,418	3,762	31,984	190,000	93328,737	93512,928	93513,928	93516,826	93517,154	93517,344	93518,275	34408,737	34512,928	34513,928	34516,826	34517,154	34517,344	34518,275	13,304	13,022	2,400	3,016	13,440	13,440	20,715	24,594	1,000	878,000	216,000	868,978	215,467
530,000	900,000	1430,000	1,012	23,333	32,627	9,000	35,380	17,047	21,512	3,668	30,667	210,000	93328,737	93521,222	93522,222	93524,920	93525,454	93525,664	93526,365	34408,737	34521,222	34522,222	34524,920	34525,454	34525,664	34526,365	11,403	12,941	1,893	3,216	13,440	13,440	12,308	19,209	1,000	833,000	215,000	868,978	215,467
310,000	1120,000	1430,000	0,150	16,964	34,142	12,000	37,152	17,910	21,979	3,201	32,169	190,000	93328,737	93530,140	93531,140	93533,754	93534,074	93534,264	93535,205	34408,737	34530,140	34531,140	34533,754	34534,074	34534,264	34535,205	12,884	12,858	2,153	2,511	13,440	13,440	16,986	18,493	1,000	865,000	219,000	868,978	215,467
320,000	1110,000	1430,000	0,070	16,216	32,370	10,000	36,619	18,351	21,902	3,278	31,433	180,000	93328,737	93538,414	93539,414	93541,013	93541,334	93541,514	93542,454	34408,737	34538,414	34539,414	34541,013	34541,334	34541,514	34542,454	12,884	13,388	1,978	2,669	13,440	13,440	19,587	21,670	1,000	871,000	214,000	868,978	215,467
340,000	1090,000	1430,000	0,309	19,266	32,011	12,000	37,104	17,900	21,619	3,561	31,332	210,000	93328,737	93545,766	93546,767	93550,038	93550,384	93550,594	93551,484	34408,737	34545,766	34546,767	34550,038	34550,384	34550,594	34551,484	12,957	12,825	2,227	2,895	13,440	13,440	18,281	18,877	1,000	858,000	215,000	868,978	215,467
510,000	920,000	1430,000	0,015	26,087	33,227	4,000	36,672	18,260	21,473	3,707	31,274	240,000	93328,737	93554,331	93555,332	93556,621	93557,135	93557,375	93558,064	34408,737	34554,331	34555,332	34556,621	34557,135	34557,375	34558,064	13,123	13,180	2,316	3,016	13,440	13,440	11,333	17,783	1,000	869,000	216,000	868,978	215,467
500,000	930,000	1430,000	1,348	22,581	32,576	8,000	35,134	17,017	21,463	3,717	30,556	210,000	93328,737	93601,231	93602,231	93603,878	93604,384	93604,594	93605,324	34408,737	34561,231	34562,231	34563,878	34564,384	34564,594	34565,324	11,290	12,978	1,956	3,222	13,440	13,440	13,804	19,362	1,000	822,000	225,000	868,978	215,467
540,000	890,000	1430,000	1,095	22,472	30,548	12,000	35,114	17,010	21,764	3,416	29,435	200,000	93328,737	93608,770	93609,770	93611,306	93611,854	93612,054	93612,755	34408,737	34568,770	34569,770	34571,306	34571,854	34572,054	34572,755	11,454	12,875	1,486	3,143	13,440	13,440	9,182	18,497	1,000	831,000	224,000	868,978	215,467
450,000	980,000	1430,000	0,316	19,388	35,189	10,000	36,840	18,525	22,007	3,173	30,861	190,000	93328,737	93616,777	93617,776	93620,563	93621,014	93621,204	93622,005	34408,737	34576,777	34577,776	34580,563	34581,014	34581,204	34582,005	13,159	13,443	1,805	2,677	13,440	13,440	14,743	19,921	1,000	875,000	206,000	868,978	215,467
210,000	80,000	290,000	19,104	0,000	0,576	0,000	29,323	0,025	25,180	0,000	29,358	0,000	93328,737	93625,082	93626,083	93629,129	93629,344	93629,344	93629,433	34408,737	34585,082	34586,083	34589,129	34589,344	34589,344	34589,433	0,000	0,029	0,000	0,000	13,440	13,440	0,056	NaN	1,000	396,000	703,000	868,978	215,467
330,000	1100,000	1430,000	0,183	17,273	32,826	10,000	36,288	18,337	22,101	3,079	31,089	190,000	93328,737	93634,965	93635,965	93639,199	93639,534	93639,724	93640,644	34408,737	34594,965	34595,965	34599,199	34599,534	34599,724	34600,644	12,977	13,388	1,981	2,491	13,440	13,440	16,531	19,225	1,000	863,000	218,000	868,978	215,467
370,000	1060,000	1430,000	0,240	21,698	30,164	12,000	36,556	18,284	20,911	4,269	32,424	230,000	93328,737	93644,668	93645,668	93649,347	93649,724	93649,954	93650,794	34408,737	34604,668	34605,668	34609,347	34609,724	34609,954	34610,794	13,009	13,280	3,051	3,216	13,440	13,440	16,311	21,846	1,000	868,000	207,000	868,978	215,467
340,000	1090,000	1430,000	0,215	22,018	28,799	12,000	36,934	17,906	21,449	3,731	32,361	240,000	93328,737	93653,384	93654,384	93658,289	93658,634	93658,874	93659,734	34408,737	34613,384	34614,384	34618,289	34618,634	34618,874	34619,734	12,864	12,904	2,592	2,882	13,440	13,440	16,511	18,017	1,000	865,000	222,000	868,978	215,467
470,000	960,000	1430,000	0,707	20,833	31,686	8,000	35,980	17,424	22,024	3,156	32,655	200,000	93328,737	93702,783	93703,783	93705,538	93706,016	93706,216	93706,984	34408,737	34622,783	34623,783	34625,539	34626,016	34626,216	34626,984	11,796	13,044	2,143	2,436	13,440	13,440	12,717	17,414	1,000	845,000	223,000	868,978	215,467
360,000	1070,000	1430,000	0,506	18,692	29,991	13,000	36,615	17,723	21,920	3,260	32,262	200,000	93328,737	93710,795	93711,795	93715,687	93716,055	93716,255	93717,134	34408,737	34630,795	34631,795	34635,687	34636,055	34636,255	34637,134	12,401	12,997	2,149	2,586	13,440	13,440	15,021	17,006	1,000	851,000	216,000	868,978	215,467
370,000	1060,000	1430,000	0,703	20,755	27,711	11,000	36,725	17,448	21,541	3,639	31,453	220,000	93328,737	93720,173	93721,173	93722,879	93723,254	93723,474	93724,325	34408,737	34640,173	34641,173	34642,879	34643,254	34643,474	34644,325	12,304	12,713	2,090	3,047	13,440	13,440	17,803	17,770	1,000	844,000	216,000	868,978	215,467
390,000	1040,000	1430,000	1,126	28,846	26,165	10,000	36,340	16,892	20,854	4,326	32,501	300,000	93328,737	93728,370	93729,370	93732,094	93732,495	93732,795	93733,544	34408,737	34648,370	34649,370	34652,094	34652,495	34652,795	34653,544	11,711	12,473	2,801	3,408	13,440	13,440	9,871	15,713	1,000	833,000	233,000	868,978	215,467
500,000	930,000	1430,000	1,854	22,581	26,912	14,000	35,337	16,047	21,392	3,788	31,645	210,000	93328,737	93737,459	93738,458	93739,851	93740,354	93740,564	93741,296	34408,737	34657,459	34658,459	34659,851	34660,354	34660,564	34661,296	10,621	12,261	2,194	3,167	13,440	13,440	12,497	20,589	1,000	806,000	235,000	868,978	215,467
350,000	1080,000	1430,000	0,472	19,444	26,948	10,000	36,671	17,496	21,824	3,356	32,464	210,000	93328,737	93743,791	93744,791	93748,617	93748,975	93749,185	93750,064	34408,737	34663,791	34664,791	34668,617	34668,975	34669,185	34670,064	12,138	12,890	2,117	2,685	13,440	13,440	14,763	16,797	1,000	854,000	223,000	868,978	215,467
420,000	1010,000	1430,000	0,914	20,792	30,437	10,000	36,409	17,147	21,755	3,425	31,805	210,000	93328,737	93752,565	93753,565	93755,227	93755,654	93755,864	93756,674	34408,737	34672,565	34673,565	34675,227	34675,654	34675,864	34676,674	12,041	12,518	2,219	2,688	13,440	13,440	13,778	17,166	1,000	841,000	232,000	868,978	215,467
570,000	860,000	1430,000	0,351	22,093	29,864	10,000	36,728	17,277	21,962	3,218	31,592	190,000	93328,737	93800,148	93801,149	93804,002	93804,574	93804,764	93805,444	34408,737	34680,148	34681,149	34684,002	34684,574	34684,764	34685,444	12,196	12,628	1,894	2,693	13,440	13,440	10,032	18,345	1,000	857,000	219,000	868,978	215,467
670,000	760,000	1430,000	0,823	27,632	33,912	6,000	36,116	16,940	21,676	3,504	32,310	210,000	93328,737	93807,986	93808,986	93810,052	93810,726	93810,936	93811,494	34408,737	34687,986	34688,986	34690,052	34690,726	34690,936	34691,494	11,539	12,668	2,188	2,857	13,440	13,440	4,447	19,560	1,000	841,000	224,000	868,978	215,467
420,000	1010,000	1430,000	0,249	19,802	32,973	16,000	35,795	18,035	21,463	3,717	31,438	200,000	93328,737	93814,003	93815,003	93817,204	93817,634	93817,834	93818,654	34408,737	34694,003	34695,003	34697,204	34697,634	34697,834	34698,654	12,358	13,478	2,332	2,998	13,440	13,440	16,060	21,888	1,000	862,000	210,000	868,978	215,467
430,000	1000,000	1430,000	0,689	29,000	33,329	12,000	35,927	17,264	17,997	7,183	32,814	290,000	93328,737	93821,065	93822,065	93825,995	93826,436	93826,726	93827,444	34408,737	34701,065	34702,066	34705,995	34706,436	34706,726	34707,444	11,855	12,865	4,588	5,697	13,440	13,440	22,687	30,879	1,000	846,000	224,000	868,978	215,467
470,000	960,000	1430,000	0,368	15,625	28,315	14,000	36,593	17,450	22,514	2,666	31,443	150,000	93328,737	93829,649	93830,650	93834,289	93834,765	93834,915	93835,733	34408,737	34709,650	34710,650	34714,289	34714,765	34714,915	34715,733	11,994	12,952	1,317	2,347	13,440	13,440	11,758	17,802	1,000	856,000	217,000	868,978	215,467
470,000	960,000	1430,000	0,169	13,542	32,547	15,000	37,154	17,363	22,544	2,636	32,106	130,000	93328,737	93837,806	93838,806	93840,937	93841,414	93841,544	93842,386	34408,737	34717,806	34718,806	34720,937	34721,414	34721,544	34722,386	12,187	12,653	1,386	2,296	13,440	13,440	18,703	20,184	1,000	863,000	216,000	868,978	215,467
30,000	490,000	520,000	0,169	22,449	4,953	4,000	73,880	0,920	25,114	0,066	74,645	110,000	93328,737	93844,646	93845,645	93847,674	93847,874	93847,984	93848,375	34408,737	34724,646	34725,646	34727,674	34727,874	34727,984	34728,375	0,819	0,480	0,070	0,032	13,440	13,440	4,076	0,547	1,000	863,000	216,000	868,978	215,467
460,000	970,000	1430,000	0,335	20,619	27,308	12,000	36,481	17,404	21,677	3,503	31,480	200,000	93328,737	93849,902	93850,902	93853,022	93853,484	93853,684	93854,465	34408,737	34729,902	34730,902	34733,022	34733,484	34733,684	34734,465	11,924	12,929	1,819	3,013	13,440	13,440	12,698	18,292	1,000	859,000	222,000	868,978	215,467
140,000	30,000	170,000	19,128	0,000	0,000	0,000	29,588	0,000	25,180	0,000	29,588	0,000	93328,737	93857,306	93858,306	93859,516	93859,716	93859,716	93859,754	34408,737	34737,306	34738,306	34739,516	34739,716	34739,716	34739,754	0,000	0,000	0,000	0,000	13,440	13,440	NaN	NaN	1,000	400,000	708,000	868,978	215,467
300,000	1130,000	1430,000	0,168	18,584	29,733	17,000	36,713	18,078	21,464	3,716	31,380	210,000	93328,737	93905,218	93906,218	93910,046	93910,354	93910,564	93911,494	34408,737	34745,218	34746,218	34750,046	34750,354	34750,564	34751,494	12,727	13,193	2,129	3,118	13,440	13,440	18,411	20,838	1,000	865,000	211,000	868,978	215,467
