500,000	930,000	1430,000	2,857	29,032	33,683	9,000	55,291	16,347	14,030	3,135	55,893	270,000	94025,713	94044,338	94045,339	94048,731	94049,233	94049,503	94050,173	34825,713	34844,338	34845,339	34848,731	34849,233	34849,503	34850,173	12,962	10,183	2,374	2,376	-13,440	13,440	7,518	18,579	1,000	568,000	317,000	571,022	215,467
590,000	740,000	1330,000	0,311	45,946	46,646	6,000	51,742	18,414	6,013	11,152	53,392	340,000	94025,713	94053,571	94054,570	94056,323	94056,923	94057,263	94057,673	34825,713	34853,571	34854,570	34856,323	34856,923	34857,263	34857,673	12,772	13,560	7,962	8,184	-13,440	13,440	31,245	38,263	1,000	582,000	214,000	571,022	215,467
510,000	290,000	800,000	1,621	75,862	9,426	2,000	67,187	1,575	15,709	1,456	67,506	220,000	94025,713	94059,903	94100,905	94104,269	94104,783	94105,003	94105,084	34825,713	34859,903	34860,905	34864,269	34864,783	34865,003	34865,084	1,267	1,070	1,215	0,966	-13,440	13,440	1,712	6,718	1,000	611,000	257,000	571,022	215,467
2690,000	70,000	2760,000	19,083	0,000	0,822	0,000	56,713	0,040	17,165	0,000	56,726	0,000	94025,713	94106,738	94107,738	94111,303	94114,003	94114,003	94114,082	34825,713	34866,738	34867,738	34871,303	34874,003	34874,003	34874,082	0,030	0,029	0,000	0,000	-13,440	13,440	0,216	NaN	1,000	1054,000	692,000	571,022	215,467
3010,000	20,000	3030,000	0,283	0,000	0,000	0,000	69,228	0,000	17,165	0,000	69,228	0,000	94025,713	94114,675	94115,675	94117,229	94120,244	94120,244	94120,272	34825,713	34874,675	34875,675	34877,229	34880,244	34880,244	34880,272	0,000	0,000	0,000	0,000	-13,440	13,440	NaN	NaN	1,000	580,000	220,000	571,022	215,467
840,000	590,000	1430,000	16,357	23,729	31,850	6,000	59,599	13,047	14,560	2,605	67,231	140,000	94025,713	94122,564	94123,563	94126,778	94127,623	94127,763	94128,223	34825,713	34882,564	34883,563	34886,778	34887,623	34887,763	34888,223	9,694	9,744	2,080	1,734	-13,440	13,440	0,197	18,934	1,000	1002,000	606,000	571,022	215,467
230,000	40,000	270,000	0,201	0,000	0,831	0,000	69,638	0,037	17,162	0,003	69,961	0,000	94025,713	94128,819	94129,820	94131,457	94131,696	94131,696	94131,743	34825,713	34888,819	34889,820	34891,457	34891,696	34891,696	34891,743	0,000	0,029	0,000	0,003	-13,440	13,440	0,038	NaN	1,000	578,000	214,000	571,022	215,467
30,000	1400,000	1430,000	0,102	8,571	57,412	14,000	52,755	21,777	17,059	0,106	56,467	120,000	94025,713	94133,254	94134,254	94135,862	94136,063	94136,183	94137,473	34825,713	34893,254	34894,254	34895,862	34896,063	34896,183	34897,473	16,039	15,040	0,115	0,056	-13,440	13,440	3,261	0,707	1,000	570,000	212,000	571,022	215,467
210,000	70,000	280,000	18,863	0,000	0,364	0,000	56,551	0,016	17,165	0,000	56,589	0,000	94025,713	94139,514	94140,514	94142,076	94142,292	94142,292	94142,372	34825,713	34899,514	34900,514	34902,076	34902,292	34902,292	34902,373	0,000	0,029	0,000	0,000	-13,440	13,440	0,035	NaN	1,000	1046,000	689,000	571,022	215,467
500,000	930,000	1430,000	18,012	44,086	29,886	6,000	56,682	16,309	9,256	7,909	61,844	410,000	94025,713	94142,966	94143,965	94145,342	94145,853	94146,263	94146,792	34825,713	34902,966	34903,965	34905,342	34905,853	34906,263	34906,792	11,774	12,600	5,973	6,249	-13,440	13,440	20,581	26,247	1,000	1015,000	677,000	571,022	215,467
110,000	20,000	130,000	0,103	0,000	0,000	0,000	69,050	0,000	17,165	0,000	69,050	0,000	94025,713	94147,384	94148,385	94149,785	94149,986	94149,986	94150,013	34825,713	34907,384	34908,385	34909,785	34909,986	34909,986	34910,013	0,000	0,000	0,000	0,000	-13,440	13,440	NaN	NaN	1,000	572,000	219,000	571,022	215,467
330,000	190,000	520,000	1,040	68,421	4,187	2,000	68,791	0,544	16,722	0,443	69,141	130,000	94025,713	94151,946	94152,946	94156,291	94156,622	94156,752	94156,823	34825,713	34911,946	34912,946	34916,291	34916,622	34916,752	34916,823	0,424	0,340	0,370	0,267	-13,440	13,440	0,069	3,198	1,000	603,000	234,000	571,022	215,467
340,000	1060,000	1400,000	0,528	9,434	59,852	11,000	53,271	19,344	17,112	0,053	56,449	100,000	94025,713	94157,818	94158,817	94201,194	94201,543	94201,643	94202,612	34825,713	34917,818	34918,817	34921,194	34921,543	34921,643	34922,612	14,344	13,220	0,028	0,067	-13,440	13,440	0,751	0,295	1,000	568,000	234,000	571,022	215,467
600,000	830,000	1430,000	0,494	46,988	54,873	5,000	52,341	18,005	4,362	12,804	52,833	390,000	94025,713	94205,042	94206,042	94208,530	94209,132	94209,522	94209,972	34825,713	34925,042	34926,042	34928,530	34929,132	34929,522	34929,972	12,870	12,867	8,995	9,607	-13,440	13,440	28,649	35,823	1,000	572,000	233,000	571,022	215,467
850,000	580,000	1430,000	0,898	53,448	40,671	4,000	53,319	16,451	7,488	9,677	53,980	310,000	94025,713	94213,390	94214,390	94215,905	94216,763	94217,073	94217,352	34825,713	34933,390	34934,390	34935,906	34936,763	34937,073	34937,352	11,782	11,821	6,687	7,566	-13,440	13,440	13,900	38,275	1,000	597,000	234,000	571,022	215,467
850,000	580,000	1430,000	1,402	27,586	52,631	4,000	53,390	16,441	14,108	3,057	55,597	160,000	94025,713	94221,445	94222,446	94224,184	94225,042	94225,202	94225,635	34825,713	34941,445	34942,446	34944,184	34945,042	34945,202	34945,635	12,057	11,477	2,189	2,400	-13,440	13,440	2,411	24,093	1,000	586,000	263,000	571,022	215,467
640,000	790,000	1430,000	0,246	64,557	64,263	3,000	52,150	18,970	0,478	16,687	52,299	510,000	94025,713	94229,205	94230,206	94233,462	94234,103	94234,613	94234,904	34825,713	34949,205	34950,206	34953,462	34954,103	34954,613	34954,904	13,515	13,653	11,757	12,266	-13,440	13,440	10,291	10,291	1,000	573,000	224,000	571,022	215,467
880,000	550,000	1430,000	1,701	89,091	48,967	1,000	53,644	15,914	2,404	14,762	53,737	490,000	94025,713	94238,362	94239,362	94242,705	94243,595	94244,085	94244,152	34825,713	34958,362	34959,362	34962,705	34963,595	34964,085	34964,152	11,581	11,321	10,692	10,630	-13,440	13,440	1,686	18,981	1,000	614,000	258,000	571,022	215,467
580,000	700,000	1280,000	1,086	77,143	62,489	2,000	52,499	17,312	1,098	16,067	52,710	540,000	94025,713	94248,434	94249,433	94252,024	94252,612	94253,152	94253,322	34825,713	34968,434	34969,433	34972,024	34972,612	34973,152	34973,322	12,320	12,518	11,463	11,755	-13,440	13,440	8,816	12,953	1,000	600,000	241,000	571,022	215,467
300,000	20,000	320,000	19,460	0,000	0,000	0,000	56,559	0,000	17,165	0,000	56,559	0,000	94025,713	94256,099	94257,099	94258,436	94258,743	94258,743	94258,772	34825,713	34976,099	34977,099	34978,436	34978,743	34978,743	34978,772	0,000	0,000	0,000	0,000	-13,440	13,440	NaN	NaN	1,000	1063,000	702,000	571,022	215,467
690,000	740,000	1430,000	17,193	21,622	34,021	6,000	57,912	15,786	14,342	2,824	68,645	160,000	94025,713	94259,363	94300,362	94302,080	94302,773	94302,933	94303,523	34825,713	34979,363	34980,362	34982,080	34982,773	34982,933	34983,523	11,782	11,523	2,487	1,718	-13,440	13,440	5,287	18,592	1,000	1006,000	645,000	571,022	215,467
370,000	1060,000	1430,000	0,630	28,302	49,445	6,000	52,879	18,416	13,768	3,397	55,834	300,000	94025,713	94304,120	94305,121	94307,475	94307,852	94308,152	94308,922	34825,713	34984,120	34985,121	34987,475	34987,852	34988,152	34988,922	13,398	12,941	2,583	2,566	-13,440	13,440	18,648	22,410	1,000	582,000	235,000	571,022	215,467
640,000	790,000	1430,000	0,507	17,722	38,614	7,000	52,568	17,023	14,127	3,038	55,901	140,000	94025,713	94311,074	94312,074	94315,772	94316,413	94316,553	94317,214	34825,713	34991,074	34992,074	34995,772	34996,413	34996,553	34997,214	12,017	12,386	2,281	2,222	-13,440	13,440	20,872	22,778	1,000	584,000	228,000	571,022	215,467
620,000	810,000	1430,000	0,700	69,136	59,117	3,000	52,604	17,260	1,818	15,348	52,624	560,000	94025,713	94319,748	94320,750	94321,994	94322,622	94323,182	94323,444	34825,713	34999,748	35000,750	35001,994	35002,622	35003,182	35003,444	12,236	12,606	10,840	11,345	-13,440	13,440	11,831	11,955	1,000	594,000	225,000	571,022	215,467
710,000	720,000	1430,000	0,985	22,222	44,717	7,000	52,970	17,103	13,725	3,440	55,657	160,000	94025,713	94325,534	94326,535	94328,654	94329,372	94329,532	94330,103	34825,713	35005,534	35006,535	35008,654	35009,372	35009,532	35010,103	12,228	12,207	2,403	2,737	-13,440	13,440	17,644	22,178	1,000	596,000	240,000	571,022	215,467
590,000	840,000	1430,000	1,187	22,619	44,710	9,000	52,927	17,564	13,467	3,698	55,661	190,000	94025,713	94332,099	94333,098	94336,675	94337,274	94337,464	94338,123	34825,713	35012,099	35013,098	35016,675	35017,274	35017,464	35018,123	12,633	12,522	2,680	2,852	-13,440	13,440	18,968	25,063	1,000	603,000	243,000	571,022	215,467
170,000	1260,000	1430,000	0,153	13,492	40,621	11,000	52,729	18,568	16,969	0,196	56,468	170,000	94025,713	94340,173	94341,174	94343,390	94343,591	94343,761	94344,852	34825,713	35020,173	35021,174	35023,390	35023,592	35023,762	35024,852	13,388	13,160	0,099	0,180	-13,440	13,440	0,798	0,909	1,000	574,000	220,000	571,022	215,467
420,000	1010,000	1430,000	1,462	36,634	35,646	8,000	52,604	16,739	12,872	4,294	55,143	370,000	94025,713	94346,579	94347,579	94349,224	94349,653	94350,023	94350,672	34825,713	35026,579	35027,579	35029,224	35029,653	35030,023	35030,672	11,916	12,172	3,040	3,378	-13,440	13,440	18,239	24,913	1,000	608,000	252,000	571,022	215,467
540,000	890,000	1430,000	0,478	28,090	47,579	8,000	52,365	18,075	13,565	3,600	55,452	250,000	94025,713	94352,975	94353,975	94356,165	94356,712	94356,962	94357,613	34825,713	35032,975	35033,975	35036,165	35036,712	35036,962	35037,613	12,783	13,256	2,641	2,832	-13,440	13,440	15,507	23,467	1,000	588,000	216,000	571,022	215,467
610,000	820,000	1430,000	0,607	21,951	34,372	6,000	53,288	17,250	13,257	3,908	55,839	180,000	94025,713	94400,189	94401,189	94403,705	94404,324	94404,504	94405,152	34825,713	35040,189	35041,189	35043,705	35044,324	35044,504	35045,152	12,470	12,267	2,806	3,036	-13,440	13,440	18,866	25,230	1,000	586,000	231,000	571,022	215,467
180,000	110,000	290,000	19,025	0,000	0,370	0,000	55,931	0,016	17,165	0,000	55,968	0,000	94025,713	94407,289	94408,288	94411,464	94411,664	94411,664	94411,782	34825,713	35047,289	35048,288	35051,464	35051,664	35051,664	35051,782	0,000	0,029	0,000	0,000	-13,440	13,440	0,036	NaN	1,000	1041,000	702,000	571,022	215,467
430,000	1000,000	1430,000	1,504	30,000	42,710	6,000	51,874	18,227	14,927	2,238	54,732	300,000	94025,713	94415,038	94416,039	94418,448	94418,882	94419,182	94419,894	34825,713	35055,038	35056,039	35058,448	35058,882	35059,182	35059,894	12,865	13,206	1,418	1,873	-13,440	13,440	9,996	1,616	1,000	611,000	251,000	571,022	215,467
510,000	920,000	1430,000	0,186	43,478	53,123	10,000	53,213	18,770	4,654	12,511	53,692	400,000	94025,713	94422,011	94423,011	94426,647	94427,163	94427,563	94428,094	34825,713	35062,011	35063,011	35066,647	35067,163	35067,563	35068,094	13,671	13,109	8,914	9,293	-13,440	13,440	31,214	38,227	1,000	572,000	222,000	571,022	215,467
690,000	740,000	1430,000	0,685	28,378	52,003	4,000	52,362	17,546	12,019	5,147	55,054	210,000	94025,713	94430,181	94431,181	94433,140	94433,835	94434,045	94434,582	34825,713	35070,181	35071,181	35073,140	35073,835	35074,045	35074,582	12,339	12,799	3,679	4,049	-13,440	13,440	25,463	27,712	1,000	593,000	226,000	571,022	215,467
540,000	890,000	1430,000	0,270	57,303	47,040	5,000	52,442	18,286	2,517	14,648	52,889	510,000	94025,713	94436,879	94437,879	94439,607	94440,153	94440,663	94441,053	34825,713	35076,880	35077,879	35079,607	35080,153	35080,663	35081,053	13,053	13,082	10,412	10,789	-13,440	13,440	21,585	26,025	1,000	572,000	225,000	571,022	215,467
510,000	920,000	1430,000	0,235	30,435	56,345	10,000	52,759	19,244	11,284	5,882	54,358	280,000	94025,713	94442,898	94443,899	94447,069	94447,585	94447,865	94448,512	34825,713	35082,898	35083,899	35087,069	35087,585	35087,865	35088,512	14,000	13,474	4,094	4,859	-13,440	13,440	28,467	30,523	1,000	564,000	220,000	571,022	215,467
610,000	820,000	1430,000	0,796	43,902	46,082	4,000	52,022	17,473	7,560	9,605	53,379	360,000	94025,713	94450,553	94451,554	94453,816	94454,432	94454,792	94455,263	34825,713	35090,553	35091,554	35093,816	35094,432	35094,792	35095,263	12,249	12,803	6,709	7,515	-13,440	13,440	35,043	36,875	1,000	594,000	232,000	571,022	215,467
680,000	750,000	1430,000	1,555	54,667	47,222	4,000	52,778	16,629	8,412	8,753	54,196	410,000	94025,713	94457,421	94458,420	94500,587	94501,272	94501,682	94502,032	34825,713	35097,421	35098,421	35100,587	35101,272	35101,682	35102,032	11,875	12,018	6,278	6,784	-13,440	13,440	33,169	35,398	1,000	615,000	249,000	571,022	215,467
610,000	820,000	1430,000	0,184	58,537	53,633	3,000	52,212	18,455	2,545	14,620	52,334	480,000	94025,713	94504,037	94505,037	94507,158	94507,773	94508,254	94508,602	34825,713	35104,037	35105,037	35107,158	35107,774	35108,254	35108,602	13,004	13,461	10,028	11,189	-13,440	13,440	7,691	15,926	1,000	570,000	209,000	571,022	215,467
360,000	970,000	1330,000	0,460	22,680	44,919	6,000	52,256	18,406	14,743	2,422	55,372	220,000	94025,713	94510,674	94511,674	94514,063	94514,434	94514,654	94515,413	34825,713	35110,674	35111,674	35114,063	35114,434	35114,654	35115,413	13,024	13,361	1,606	2,049	-13,440	13,440	10,601	13,982	1,000	586,000	222,000	571,022	215,467
