200,000	390,000	590,000	19,221	46,154	0,854	4,000	56,448	0,188	17,088	0,077	56,386	180,000	92540,146	92617,787	92618,787	92620,314	92620,525	92620,705	92620,924	33940,146	33977,787	33978,787	33980,314	33980,525	33980,705	33980,924	0,170	0,084	0,060	0,054	-13,440	13,440	0,014	0,430	1,000	1054,000	699,000	571,022	215,467
390,000	990,000	1380,000	0,903	21,212	35,233	8,000	52,716	18,898	14,003	3,163	55,104	210,000	92540,146	92625,181	92626,180	92629,586	92629,985	92630,196	92630,984	33940,146	33985,181	33986,180	33989,586	33989,986	33990,196	33990,984	13,726	13,162	2,223	2,442	-13,440	13,440	16,059	17,454	1,000	539,000	218,000	571,022	215,467
340,000	1090,000	1430,000	0,950	15,596	33,369	8,000	53,693	16,978	14,131	3,034	55,388	170,000	92540,146	92633,859	92634,860	92637,042	92637,384	92637,554	92638,484	33940,146	33993,859	33994,860	33997,043	33997,384	33997,554	33998,484	12,507	11,732	2,077	2,500	-13,440	13,440	13,896	21,230	1,000	575,000	249,000	571,022	215,467
30,000	1080,000	1110,000	0,344	23,148	41,916	10,000	52,364	18,814	13,275	3,890	54,816	250,000	92540,146	92641,325	92642,325	92643,803	92644,004	92644,254	92645,094	33940,146	34001,325	34002,325	34003,803	34004,004	34004,254	34005,094	13,531	13,388	2,770	3,139	-13,440	13,440	22,379	26,055	1,000	567,000	227,000	571,022	215,467
350,000	1080,000	1430,000	0,511	16,667	32,049	10,000	52,552	18,427	14,092	3,073	54,561	180,000	92540,146	92647,510	92648,510	92650,652	92651,004	92651,184	92652,094	33940,146	34007,510	34008,510	34010,652	34011,004	34011,184	34012,094	13,314	13,026	1,933	2,759	-13,440	13,440	11,542	18,252	1,000	557,000	227,000	571,022	215,467
340,000	980,000	1320,000	1,106	18,367	31,499	8,000	51,993	17,875	14,261	2,904	54,688	180,000	92540,146	92654,420	92655,419	92657,893	92658,234	92658,414	92659,225	33940,146	34014,420	34015,419	34017,893	34018,234	34018,414	34019,225	12,601	12,966	1,917	2,485	-13,440	13,440	17,422	18,296	1,000	597,000	245,000	571,022	215,467
520,000	910,000	1430,000	0,925	16,484	24,161	10,000	52,156	17,054	14,688	2,478	54,589	150,000	92540,146	92702,317	92703,317	92706,485	92707,014	92707,164	92707,936	33940,146	34022,317	34023,317	34026,485	34027,014	34027,164	34027,936	11,984	12,507	1,464	2,304	-13,440	13,440	3,040	16,655	1,000	595,000	238,000	571,022	215,467
500,000	930,000	1430,000	0,686	15,054	36,806	12,000	51,742	17,854	14,375	2,790	54,667	140,000	92540,146	92710,801	92711,803	92713,325	92713,834	92713,974	92714,773	33940,146	34030,801	34031,803	34033,325	34033,834	34033,974	34034,774	12,424	13,114	1,660	2,590	-13,440	13,440	19,920	23,027	1,000	588,000	233,000	571,022	215,467
390,000	990,000	1380,000	0,141	15,152	38,003	14,000	52,128	18,570	14,424	2,741	54,862	150,000	92540,146	92719,928	92720,928	92723,108	92723,504	92723,654	92724,504	33940,146	34039,928	34040,928	34043,108	34043,504	34043,654	34044,504	13,108	13,472	1,732	2,494	-13,440	13,440	16,017	20,131	1,000	576,000	215,000	571,022	215,467
320,000	1110,000	1430,000	1,027	28,829	35,229	6,000	50,726	18,686	9,443	7,722	52,876	320,000	92540,146	92727,457	92728,457	92730,426	92730,755	92731,075	92731,874	33940,146	34047,457	34048,457	34050,426	34050,755	34051,075	34051,874	12,325	14,686	4,884	6,683	-13,440	13,440	24,229	26,425	1,000	599,000	192,000	571,022	215,467
150,000	20,000	170,000	18,908	0,000	0,000	0,000	55,916	0,000	17,165	0,000	55,916	0,000	92540,146	92734,073	92735,075	92736,232	92736,434	92736,434	92736,463	33940,146	34054,073	34055,075	34056,232	34056,434	34056,434	34056,464	0,000	0,000	0,000	0,000	-13,440	13,440	NaN	NaN	1,000	1036,000	701,000	571,022	215,467
280,000	1140,000	1420,000	0,550	27,193	43,880	10,000	51,701	19,431	7,281	9,884	52,153	310,000	92540,146	92741,609	92742,609	92743,698	92743,984	92744,294	92745,136	33940,146	34061,609	34062,609	34063,698	34063,984	34064,294	34065,136	13,671	14,036	6,419	8,209	-13,440	13,440	37,604	41,240	1,000	552,000	211,000	571,022	215,467
360,000	830,000	1190,000	0,787	27,711	40,777	4,000	53,196	18,413	11,376	5,789	53,866	230,000	92540,146	92747,714	92748,714	92752,406	92752,774	92753,004	92753,614	33940,146	34067,714	34068,714	34072,406	34072,774	34073,004	34073,614	13,530	12,629	3,834	4,820	-13,440	13,440	26,714	30,064	1,000	551,000	235,000	571,022	215,467
340,000	1090,000	1430,000	0,775	67,890	43,530	4,000	53,069	17,591	1,019	16,146	53,466	740,000	92540,146	92756,490	92757,490	92800,491	92800,834	92801,574	92801,935	33940,146	34076,490	34077,490	34080,491	34080,834	34081,574	34081,935	12,791	12,268	11,819	11,170	-13,440	13,440	1,157	1,732	1,000	572,000	243,000	571,022	215,467
160,000	1270,000	1430,000	0,189	22,835	35,998	16,000	51,811	18,997	13,168	3,997	54,205	290,000	92540,146	92805,069	92806,069	92808,841	92809,041	92809,331	92810,314	33940,146	34085,069	34086,069	34088,841	34089,041	34089,331	34090,314	13,420	13,849	2,677	3,434	-13,440	13,440	18,607	24,415	1,000	566,000	211,000	571,022	215,467
300,000	1130,000	1430,000	0,793	13,274	31,189	12,000	51,212	17,919	13,877	3,288	54,078	150,000	92540,146	92814,587	92815,587	92817,858	92818,165	92818,315	92819,304	33940,146	34094,587	34095,588	34097,858	34098,165	34098,315	34099,304	12,122	13,584	1,939	3,048	-13,440	13,440	23,467	24,791	1,000	599,000	212,000	571,022	215,467
600,000	830,000	1430,000	0,627	16,867	42,501	7,000	51,475	17,619	14,052	3,113	54,084	140,000	92540,146	92822,070	92823,070	92824,085	92824,694	92824,834	92825,535	33940,146	34102,070	34103,070	34104,085	34104,694	34104,834	34105,535	12,080	13,222	1,955	2,768	-13,440	13,440	22,469	22,481	1,000	592,000	223,000	571,022	215,467
140,000	1290,000	1430,000	1,223	12,403	32,994	14,000	52,243	17,718	17,115	0,050	56,122	160,000	92540,146	92828,050	92829,050	92831,310	92831,510	92831,670	92832,804	33940,146	34108,050	34109,050	34111,310	34111,510	34111,670	34112,804	12,568	12,864	0,028	0,048	-13,440	13,440	1,058	0,140	1,000	602,000	246,000	571,022	215,467
300,000	1130,000	1430,000	0,071	13,274	33,407	14,000	52,276	18,154	14,502	2,663	54,780	150,000	92540,146	92837,984	92838,984	92842,526	92842,835	92842,985	92843,975	33940,146	34117,984	34118,984	34122,526	34122,835	34122,985	34123,975	12,874	13,107	1,645	2,435	-13,440	13,440	16,244	20,364	1,000	571,000	218,000	571,022	215,467
440,000	990,000	1430,000	0,321	27,273	41,378	7,000	51,301	18,408	10,839	6,326	52,988	270,000	92540,146	92846,801	92847,800	92850,949	92851,394	92851,663	92852,394	33940,146	34126,801	34127,800	34130,949	34131,394	34131,664	34132,394	12,764	13,718	4,218	5,218	-13,440	13,440	22,066	30,334	1,000	581,000	221,000	571,022	215,467
500,000	680,000	1180,000	0,783	47,059	46,534	4,000	51,396	18,613	9,082	8,083	53,212	320,000	92540,146	92855,255	92856,255	92857,290	92857,795	92858,114	92858,484	33940,146	34135,255	34136,255	34137,290	34137,795	34138,115	34138,484	12,716	14,038	5,323	6,758	-13,440	13,440	22,547	32,033	1,000	586,000	192,000	571,022	215,467
380,000	1050,000	1430,000	0,212	14,286	33,404	12,000	52,246	17,681	13,780	3,385	54,500	150,000	92540,146	92900,663	92901,663	92904,782	92905,164	92905,314	92906,224	33940,146	34140,663	34141,663	34144,782	34145,164	34145,314	34146,224	12,500	12,744	2,119	3,027	-13,440	13,440	19,729	24,134	1,000	571,000	223,000	571,022	215,467
490,000	940,000	1430,000	0,070	14,894	32,199	7,000	52,330	18,084	14,631	2,534	55,202	140,000	92540,146	92908,471	92909,471	92911,227	92911,724	92911,864	92912,674	33940,146	34148,471	34149,471	34151,227	34151,725	34151,865	34152,674	12,792	13,113	1,623	2,234	-13,440	13,440	14,167	20,553	1,000	573,000	217,000	571,022	215,467
310,000	1120,000	1430,000	0,320	16,964	33,851	12,000	51,258	18,062	13,660	3,505	54,177	190,000	92540,146	92915,506	92916,507	92917,828	92918,144	92918,333	92919,274	33940,146	34155,506	34156,507	34157,828	34158,144	34158,334	34159,274	12,394	13,608	2,261	3,067	-13,440	13,440	11,287	20,435	1,000	581,000	210,000	571,022	215,467
300,000	1130,000	1430,000	0,558	15,044	34,854	15,000	51,788	17,931	14,084	3,081	54,823	170,000	92540,146	92921,859	92922,859	92926,603	92926,904	92927,074	92928,045	33940,146	34161,859	34162,859	34166,603	34166,904	34167,074	34168,045	12,576	13,107	2,125	2,448	-13,440	13,440	13,755	20,439	1,000	582,000	232,000	571,022	215,467
320,000	1020,000	1340,000	0,090	13,725	37,934	8,000	51,746	18,215	14,217	2,948	55,298	140,000	92540,146	92931,348	92932,348	92934,881	92935,204	92935,344	92936,234	33940,146	34171,348	34172,348	34174,881	34175,204	34175,344	34176,234	12,686	13,335	2,115	2,266	-13,440	13,440	19,022	22,571	1,000	573,000	218,000	571,022	215,467
280,000	1150,000	1430,000	0,858	13,913	40,765	15,000	51,260	17,491	13,815	3,350	54,705	160,000	92540,146	92939,795	92940,795	92942,708	92942,995	92943,155	92944,154	33940,146	34179,795	34180,795	34182,708	34182,995	34183,155	34184,154	11,903	13,219	2,317	2,730	-13,440	13,440	20,697	23,211	1,000	600,000	225,000	571,022	215,467
340,000	1090,000	1430,000	0,156	14,679	40,450	12,000	51,301	18,678	13,762	3,403	53,802	160,000	92540,146	92948,560	92949,560	92951,462	92951,805	92951,965	92952,904	33940,146	34188,560	34189,560	34191,462	34191,805	34191,965	34192,904	12,897	13,912	2,056	3,130	-13,440	13,440	16,348	22,643	1,000	572,000	210,000	571,022	215,467
610,000	820,000	1430,000	1,874	19,512	38,872	9,000	51,804	16,497	13,413	3,753	53,744	160,000	92540,146	92955,883	92956,883	92958,110	92958,724	92958,884	92959,554	33940,146	34195,883	34196,883	34198,110	34198,724	34198,884	34199,554	11,342	12,385	2,184	3,543	-13,440	13,440	17,600	25,199	1,000	628,000	250,000	571,022	215,467
340,000	1090,000	1430,000	0,473	29,358	50,836	7,000	51,413	18,105	9,443	7,722	53,833	320,000	92540,146	93003,014	93004,014	93006,981	93007,324	93007,644	93008,424	33940,146	34203,014	34204,014	34206,981	34207,324	34207,644	34208,424	12,574	13,395	5,590	5,827	-13,440	13,440	30,576	34,750	1,000	581,000	229,000	571,022	215,467
420,000	1010,000	1430,000	0,774	24,752	42,093	8,000	52,152	17,231	10,515	6,650	53,220	250,000	92540,146	93013,028	93014,028	93016,919	93017,345	93017,595	93018,364	33940,146	34213,028	34214,028	34216,919	34217,345	34217,595	34218,365	12,010	12,724	4,204	5,813	-13,440	13,440	26,738	30,468	1,000	595,000	229,000	571,022	215,467
400,000	1030,000	1430,000	0,111	15,534	33,832	8,000	50,831	18,108	13,604	3,562	53,566	160,000	92540,146	93020,477	93021,477	93025,049	93025,454	93025,614	93026,494	33940,146	34220,477	34221,477	34225,049	34225,454	34225,614	34226,494	12,384	13,552	2,265	3,094	-13,440	13,440	18,880	23,967	1,000	568,000	218,000	571,022	215,467
350,000	760,000	1110,000	2,004	98,684	48,905	0,000	51,494	16,848	0,318	16,848	51,494	750,000	92540,146	93028,700	93029,700	93030,724	93031,085	93031,835	93031,855	33940,146	34228,700	34229,700	34230,724	34231,085	34231,835	34231,855	11,645	12,575	11,646	12,573	-13,440	13,440	NaN	5,710	1,000	625,000	262,000	571,022	215,467
420,000	1010,000	1430,000	0,601	71,287	51,539	5,000	51,029	17,763	0,423	16,743	50,960	720,000	92540,146	93035,228	93036,227	93039,930	93040,354	93041,074	93041,374	33940,146	34235,228	34236,228	34239,930	34240,354	34241,074	34241,374	12,094	13,365	11,233	12,767	-13,440	13,440	4,739	0,782	1,000	589,000	227,000	571,022	215,467
460,000	970,000	1430,000	0,121	16,495	34,397	8,000	51,257	17,982	13,663	3,502	54,375	160,000	92540,146	93044,578	93045,578	93047,748	93048,214	93048,374	93049,195	33940,146	34244,578	34245,578	34247,748	34248,214	34248,374	34249,195	12,382	13,422	2,419	2,818	-13,440	13,440	18,526	23,444	1,000	567,000	217,000	571,022	215,467
480,000	950,000	1430,000	0,586	30,526	42,403	7,000	49,839	19,407	10,162	7,003	53,212	290,000	92540,146	93051,257	93052,257	93054,013	93054,495	93054,785	93055,454	33940,146	34251,257	34252,257	34254,013	34254,495	34254,785	34255,454	12,685	15,220	4,781	5,578	-13,440	13,440	30,588	31,599	1,000	585,000	200,000	571,022	215,467
310,000	710,000	1020,000	0,971	21,127	46,781	6,000	51,635	17,163	13,114	4,051	54,905	150,000	92540,146	93057,900	93058,900	93100,913	93101,224	93101,374	93101,944	33940,146	34257,900	34258,900	34260,913	34261,224	34261,374	34261,944	11,784	12,742	2,847	3,203	-13,440	13,440	27,046	27,516	1,000	598,000	237,000	571,022	215,467
30,000	1270,000	1300,000	0,904	10,236	32,190	12,000	52,412	19,499	17,038	0,127	56,436	130,000	92540,146	93106,946	93107,946	93109,335	93109,536	93109,666	93110,815	33940,146	34266,946	34267,946	34269,335	34269,536	34269,666	34270,815	14,064	13,784	0,148	0,035	-13,440	13,440	5,835	0,424	1,000	540,000	207,000	571,022	215,467
60,000	1370,000	1430,000	0,592	33,577	39,378	15,000	52,090	18,668	9,267	7,898	53,949	460,000	92540,146	93114,387	93115,387	93117,178	93117,378	93117,838	93118,753	33940,146	34274,387	34275,387	34277,178	34277,378	34277,838	34278,753	13,363	13,355	5,756	5,933	-13,440	13,440	27,326	30,796	1,000	558,000	232,000	571,022	215,467
340,000	1090,000	1430,000	0,741	15,596	25,065	14,000	52,059	17,042	14,528	2,638	54,997	170,000	92540,146	93121,528	93122,528	93124,330	93124,675	93124,845	93125,774	33940,146	34281,528	34282,528	34284,330	34284,675	34284,845	34285,774	11,891	12,581	1,689	2,310	-13,440	13,440	8,575	16,059	1,000	593,000	230,000	571,022	215,467
