1650,000	80,000	1730,000	15,287	0,000	18,916	0,000	31,017	1,266	25,165	0,015	30,402	0,000	175459,287	175502,531	175503,531	175507,529	175509,186	175509,186	175509,276	64499,287	64502,531	64503,531	64507,529	64509,186	64509,186	64509,276	0,849	1,045	0,000	0,013	13,440	13,440	4,774	NaN	1,000	477,000	592,000	868,978	215,467
320,000	890,000	1210,000	0,394	15,730	46,247	8,000	37,201	18,649	20,256	4,925	32,229	140,000	175459,287	175511,383	175512,383	175514,549	175514,876	175515,016	175515,777	64499,287	64511,383	64512,383	64514,549	64514,876	64515,016	64515,777	13,137	13,415	2,864	4,003	13,440	13,440	31,319	31,859	1,000	877,000	204,000	868,978	215,467
290,000	740,000	1030,000	0,449	21,622	54,654	8,000	36,759	18,191	18,405	6,775	32,505	160,000	175459,287	175516,919	175517,920	175519,337	175519,637	175519,797	175520,388	64499,287	64516,919	64517,920	64519,337	64519,637	64519,797	64520,388	12,914	13,223	4,238	5,566	13,440	13,440	36,707	42,668	1,000	865,000	200,000	868,978	215,467
260,000	920,000	1180,000	0,291	18,478	57,206	9,000	35,632	18,728	19,474	5,706	30,205	170,000	175459,287	175521,891	175522,890	175525,668	175525,937	175526,107	175526,868	64499,287	64521,891	64522,890	64525,668	64525,937	64526,107	64526,868	13,082	13,841	3,402	4,752	13,440	13,440	33,720	36,381	1,000	863,000	207,000	868,978	215,467
330,000	1050,000	1380,000	0,414	13,333	56,382	10,000	38,483	18,636	20,391	4,789	33,398	140,000	175459,287	175529,443	175530,444	175531,506	175531,847	175531,987	175532,907	64499,287	64529,443	64530,444	64531,506	64531,847	64531,987	64532,907	13,670	12,966	2,987	3,809	13,440	13,440	35,013	32,733	1,000	883,000	211,000	868,978	215,467
320,000	630,000	950,000	0,589	23,810	53,236	4,000	37,437	18,660	19,722	5,458	32,880	150,000	175459,287	175534,925	175535,925	175537,533	175537,857	175538,007	175538,497	64499,287	64534,925	64535,925	64537,533	64537,857	64538,007	64538,497	13,141	13,420	3,265	4,427	13,440	13,440	25,055	28,428	1,000	885,000	202,000	868,978	215,467
540,000	750,000	1290,000	0,368	20,000	54,702	8,000	37,324	18,267	20,806	4,374	33,341	150,000	175459,287	175541,196	175542,197	175543,734	175544,277	175544,427	175545,037	64499,287	64541,196	64542,197	64543,734	64544,277	64544,427	64545,037	12,659	13,248	2,673	3,471	13,440	13,440	22,169	25,398	1,000	873,000	203,000	868,978	215,467
300,000	710,000	1010,000	0,292	18,310	45,911	6,000	37,099	17,844	20,708	4,472	31,465	130,000	175459,287	175546,978	175547,977	175549,721	175550,026	175550,156	175550,748	64499,287	64546,978	64547,977	64549,721	64550,026	64550,156	64550,748	12,572	12,826	2,248	3,837	13,440	13,440	34,516	33,923	1,000	875,000	207,000	868,978	215,467
310,000	1000,000	1310,000	0,389	16,000	49,525	9,000	37,707	18,374	19,839	5,341	30,825	160,000	175459,287	175552,639	175553,639	175556,605	175556,916	175557,076	175557,927	64499,287	64552,639	64553,639	64556,605	64556,916	64557,076	64557,927	13,753	12,854	3,235	4,433	13,440	13,440	33,797	33,617	1,000	879,000	225,000	868,978	215,467
320,000	700,000	1020,000	0,277	20,000	53,270	6,000	37,661	18,075	20,148	5,032	33,045	140,000	175459,287	175600,581	175601,581	175605,477	175605,806	175605,946	175606,516	64499,287	64560,581	64561,581	64565,477	64565,806	64565,946	64566,516	12,601	13,050	2,791	4,207	13,440	13,440	33,775	32,740	1,000	874,000	207,000	868,978	215,467
320,000	830,000	1150,000	0,388	16,867	47,540	10,000	37,829	18,329	19,904	5,276	33,507	140,000	175459,287	175607,759	175608,759	175612,120	175612,446	175612,586	175613,287	64499,287	64567,759	64568,759	64572,120	64572,446	64572,586	64573,287	13,079	13,022	3,354	4,158	13,440	13,440	35,052	37,299	1,000	879,000	206,000	868,978	215,467
370,000	1000,000	1370,000	0,253	14,000	46,249	13,000	36,838	18,246	20,745	4,435	31,998	140,000	175459,287	175614,906	175615,907	175616,956	175617,337	175617,477	175618,347	64499,287	64574,906	64575,907	64576,956	64577,337	64577,477	64578,347	12,945	13,114	2,763	3,527	13,440	13,440	26,678	29,469	1,000	860,000	216,000	868,978	215,467
300,000	680,000	980,000	0,687	20,588	53,358	5,000	37,761	18,517	20,550	4,630	31,979	140,000	175459,287	175621,019	175622,019	175624,646	175624,957	175625,097	175625,648	64499,287	64581,019	64582,019	64584,646	64584,957	64585,097	64585,648	13,478	13,002	2,672	3,756	13,440	13,440	23,549	32,755	1,000	890,000	203,000	868,978	215,467
390,000	1040,000	1430,000	0,565	14,423	49,935	9,000	37,583	18,923	20,317	4,863	31,578	150,000	175459,287	175627,491	175628,491	175630,487	175630,886	175631,036	175631,937	64499,287	64587,491	64588,491	64590,487	64590,886	64591,036	64591,937	14,203	13,230	3,187	3,938	13,440	13,440	32,575	32,603	1,000	889,000	214,000	868,978	215,467
300,000	820,000	1120,000	0,140	19,512	50,957	8,000	36,449	18,624	19,224	5,956	31,074	160,000	175459,287	175633,367	175634,368	175635,916	175636,216	175636,376	175637,047	64499,287	64593,367	64594,368	64595,916	64596,216	64596,376	64597,047	13,389	13,303	3,576	4,823	13,440	13,440	36,004	33,938	1,000	871,000	220,000	868,978	215,467
400,000	900,000	1300,000	0,282	17,778	48,763	8,000	38,439	17,255	20,043	5,137	34,745	160,000	175459,287	175638,594	175639,595	175643,443	175643,847	175644,007	175644,757	64499,287	64598,594	64599,595	64603,443	64603,847	64604,007	64604,757	12,459	12,125	3,433	3,968	13,440	13,440	30,112	31,494	1,000	879,000	216,000	868,978	215,467
310,000	750,000	1060,000	0,453	22,667	58,089	6,000	37,105	18,561	20,034	5,146	33,408	170,000	175459,287	175645,988	175646,988	175650,623	175650,937	175651,107	175651,696	64499,287	64605,988	64606,988	64610,623	64610,937	64611,107	64611,696	13,110	13,504	3,482	4,057	13,440	13,440	23,638	28,893	1,000	882,000	206,000	868,978	215,467
440,000	790,000	1230,000	0,112	17,722	58,359	8,000	37,659	17,976	19,710	5,470	33,675	140,000	175459,287	175653,363	175654,362	175657,843	175658,288	175658,428	175659,087	64499,287	64613,363	64614,362	64617,843	64618,288	64618,428	64619,088	12,629	12,883	3,373	4,355	13,440	13,440	36,228	36,146	1,000	867,000	212,000	868,978	215,467
320,000	1110,000	1430,000	0,070	16,216	57,283	11,000	35,771	19,376	18,426	6,754	31,062	180,000	175459,287	175700,391	175701,391	175703,697	175704,027	175704,207	175705,147	64499,287	64620,391	64621,391	64623,697	64624,028	64624,208	64625,148	13,621	14,277	4,154	5,568	13,440	13,440	38,407	38,928	1,000	867,000	217,000	868,978	215,467
350,000	920,000	1270,000	0,070	34,783	57,118	6,000	37,060	17,802	11,862	13,318	35,449	320,000	175459,287	175706,667	175707,667	175710,379	175710,737	175711,057	175711,666	64499,287	64626,667	64627,667	64630,379	64630,737	64631,057	64631,666	12,431	12,882	8,864	10,115	13,440	13,440	39,836	39,291	1,000	871,000	214,000	868,978	215,467
