850,000	80,000	930,000	20,569	0,000	0,693	0,000	26,351	0,051	25,178	0,002	26,412	0,000	172242,949	172526,679	172527,679	172530,152	172531,005	172531,005	172531,095	62562,949	62726,679	62727,679	62730,153	62731,005	62731,005	62731,095	0,000	0,057	0,000	0,003	13,440	13,440	0,511	NaN	1,000	372,000	752,000	868,978	215,467
930,000	1000,000	1930,000	18,135	63,000	30,542	4,000	25,919	9,847	16,937	8,243	23,932	630,000	172242,949	172534,973	172535,974	172538,783	172539,715	172540,345	172540,726	62562,949	62734,974	62735,974	62738,783	62739,715	62740,345	62740,726	7,605	7,587	5,877	6,633	13,440	13,440	7,217	0,618	1,000	426,000	684,000	868,978	215,467
2920,000	410,000	3330,000	14,646	43,902	1,517	4,000	40,939	0,350	25,039	0,141	40,664	180,000	172242,949	172545,601	172546,601	172550,414	172553,335	172553,516	172553,755	62562,949	62745,601	62746,602	62750,414	62753,336	62753,516	62753,755	0,311	0,170	0,116	0,066	13,440	13,440	0,909	0,521	1,000	448,000	522,000	868,978	215,467
30,000	230,000	260,000	21,668	95,652	8,485	0,000	21,251	0,940	24,240	0,941	21,251	220,000	172242,949	172623,280	172624,280	172626,260	172626,461	172626,681	172626,695	62562,949	62783,280	62784,280	62786,260	62786,461	62786,681	62786,695	0,057	0,989	0,057	0,989	13,440	13,440	NaN	5,580	1,000	322,000	758,000	868,978	215,467
30,000	390,000	420,000	13,946	51,282	8,365	4,000	42,682	0,675	24,588	0,593	42,673	200,000	172242,949	172640,286	172641,286	172644,054	172644,256	172644,456	172644,655	62562,949	62800,286	62801,286	62804,054	62804,256	62804,456	62804,655	0,506	0,451	0,450	0,391	13,440	13,440	0,378	0,104	1,000	480,000	523,000	868,978	215,467
500,000	1430,000	1930,000	7,270	11,888	54,981	13,000	43,530	24,162	25,142	0,038	29,693	170,000	172242,949	172651,974	172652,973	172655,468	172655,975	172656,145	172657,416	62562,949	62811,974	62812,973	62815,468	62815,975	62816,145	62817,416	20,974	14,588	0,042	0,028	13,440	13,440	35,455	0,036	1,000	908,000	471,000	868,978	215,467
380,000	270,000	650,000	18,363	51,852	3,379	4,000	31,533	0,468	24,835	0,345	31,547	140,000	172242,949	172702,075	172703,076	172706,528	172706,915	172707,055	172707,195	62562,949	62822,075	62823,076	62826,528	62826,915	62827,055	62827,195	0,255	0,394	0,182	0,300	13,440	13,440	1,686	2,854	1,000	379,000	647,000	868,978	215,467
500,000	40,000	540,000	19,520	0,000	0,567	0,000	28,781	0,025	25,178	0,002	28,814	0,000	172242,949	172707,788	172708,788	172712,217	172712,726	172712,726	172712,775	62562,949	62827,788	62828,788	62832,217	62832,726	62832,726	62832,775	0,000	0,029	0,000	0,003	13,440	13,440	0,026	NaN	1,000	401,000	728,000	868,978	215,467
90,000	20,000	110,000	18,646	0,000	0,000	0,000	30,162	0,000	25,180	0,000	30,162	0,000	172242,949	172721,913	172722,913	172725,680	172725,880	172725,880	172725,905	62562,949	62841,913	62842,913	62845,680	62845,880	62845,880	62845,905	0,000	0,000	0,000	0,000	13,440	13,440	NaN	NaN	1,000	394,000	678,000	868,978	215,467
30,000	150,000	180,000	17,779	93,333	2,626	0,000	32,902	0,178	25,005	0,175	32,902	140,000	172242,949	172726,491	172727,493	172729,865	172730,066	172730,206	172730,226	62562,949	62846,491	62847,493	62849,865	62850,066	62850,206	62850,226	0,140	0,085	0,140	0,082	13,440	13,440	NaN	0,393	1,000	437,000	677,000	868,978	215,467
940,000	160,000	1100,000	19,895	93,750	6,882	0,000	27,979	0,605	24,578	0,603	27,979	150,000	172242,949	172731,910	172732,910	172734,952	172735,895	172736,045	172736,065	62562,949	62851,910	62852,910	62854,952	62855,895	62856,045	62856,065	0,170	0,594	0,171	0,592	13,440	13,440	NaN	3,491	1,000	390,000	736,000	868,978	215,467
580,000	1350,000	1930,000	4,924	10,370	66,096	13,000	44,216	28,568	25,062	0,118	28,388	140,000	172242,949	172744,092	172745,092	172747,742	172748,325	172748,465	172749,686	62562,949	62864,092	62865,092	62867,742	62868,325	62868,465	62869,686	24,773	17,348	0,090	0,098	13,440	13,440	34,321	0,881	1,000	1026,000	138,000	868,978	215,467
30,000	20,000	50,000	18,299	0,000	0,000	0,000	30,784	0,000	25,180	0,000	30,784	0,000	172242,949	172755,278	172756,278	172758,429	172758,629	172758,629	172758,655	62562,949	62875,278	62876,279	62878,429	62878,629	62878,629	62878,655	0,000	0,000	0,000	0,000	13,440	13,440	NaN	NaN	1,000	392,000	658,000	868,978	215,467
3010,000	20,000	3030,000	24,959	0,000	0,000	0,000	18,626	0,000	25,180	0,000	18,626	0,000	172242,949	172809,862	172810,863	172812,839	172815,854	172815,854	172815,885	62562,949	62889,863	62890,863	62892,839	62895,855	62895,855	62895,885	0,000	0,000	0,000	0,000	13,440	13,440	NaN	NaN	1,000	303,000	899,000	868,978	215,467
830,000	1100,000	1930,000	16,683	14,545	22,490	12,000	37,653	11,910	24,822	0,358	26,962	160,000	172242,949	172821,017	172822,016	172825,564	172826,395	172826,555	172827,506	62562,949	62901,017	62902,017	62905,564	62906,395	62906,555	62907,506	10,389	7,662	0,063	0,366	13,440	13,440	21,708	0,099	1,000	567,000	726,000	868,978	215,467
30,000	20,000	50,000	19,405	0,000	0,000	0,000	28,163	0,000	25,180	0,000	28,163	0,000	172242,949	172836,496	172837,497	172841,280	172841,481	172841,481	172841,505	62562,949	62916,496	62917,497	62921,280	62921,481	62921,481	62921,505	0,000	0,000	0,000	0,000	13,440	13,440	NaN	NaN	1,000	371,000	693,000	868,978	215,467
30,000	40,000	70,000	20,231	0,000	0,574	0,000	27,441	0,026	25,178	0,002	27,472	0,000	172242,949	172842,376	172843,376	172845,211	172845,412	172845,412	172845,454	62562,949	62922,376	62923,376	62925,211	62925,412	62925,412	62925,455	0,000	0,029	0,000	0,003	13,440	13,440	0,026	NaN	1,000	391,000	753,000	868,978	215,467
910,000	1020,000	1930,000	16,133	25,490	35,837	8,000	35,006	14,538	24,119	1,061	15,063	260,000	172242,949	172851,040	172852,040	172855,717	172856,636	172856,896	172857,665	62562,949	62931,040	62932,040	62935,717	62936,636	62936,896	62937,665	15,063	8,839	0,112	1,069	13,440	13,440	7,485	0,151	1,000	523,000	673,000	868,978	215,467
630,000	50,000	680,000	20,031	0,000	0,294	0,000	26,401	0,013	25,180	0,000	26,335	0,000	172242,949	172901,531	172902,530	172905,531	172906,165	172906,165	172906,225	62562,949	62941,531	62942,530	62945,531	62946,165	62946,165	62946,225	0,030	0,000	0,003	0,000	13,440	13,440	0,025	NaN	1,000	347,000	700,000	868,978	215,467
640,000	20,000	660,000	18,488	0,000	0,000	0,000	30,510	0,000	25,180	0,000	30,510	0,000	172242,949	172909,880	172910,880	172912,041	172912,686	172912,686	172912,715	62562,949	62949,880	62950,880	62952,041	62952,686	62952,686	62952,715	0,000	0,000	0,000	0,000	13,440	13,440	NaN	NaN	1,000	396,000	672,000	868,978	215,467
950,000	980,000	1930,000	15,530	18,367	17,280	12,000	29,014	6,645	25,080	0,100	20,143	180,000	172242,949	172919,802	172920,802	172923,845	172924,806	172924,986	172925,795	62562,949	62959,802	62960,802	62963,845	62964,806	62964,986	62965,795	6,294	4,404	0,085	0,066	13,440	13,440	10,520	0,009	1,000	491,000	618,000	868,978	215,467
1120,000	810,000	1930,000	14,343	20,988	25,451	6,000	31,247	7,135	24,390	0,790	27,860	170,000	172242,949	172932,646	172933,647	172936,407	172937,535	172937,706	172938,357	62562,949	62972,646	62973,648	62976,407	62977,536	62977,706	62978,357	4,444	5,847	0,239	0,762	13,440	13,440	16,392	3,088	1,000	591,000	643,000	868,978	215,467
1240,000	690,000	1930,000	21,422	18,841	5,671	9,000	23,178	1,245	25,159	0,021	22,137	130,000	172242,949	172942,233	172943,234	172944,612	172945,857	172945,987	172946,556	62562,949	62982,233	62983,234	62984,612	62985,857	62985,987	62986,556	0,805	1,030	0,058	0,000	13,440	13,440	0,002	0,121	1,000	312,000	735,000	868,978	215,467
990,000	130,000	1120,000	19,199	92,308	1,003	0,000	29,177	0,082	25,099	0,081	29,177	120,000	172242,949	172950,258	172951,258	172954,902	172955,896	172956,016	172956,035	62562,949	62990,258	62991,258	62994,902	62995,896	62996,016	62996,035	0,142	0,000	0,142	0,000	13,440	13,440	NaN	0,726	1,000	366,000	677,000	868,978	215,467
60,000	40,000	100,000	20,039	0,000	0,581	0,000	26,136	0,026	25,178	0,002	26,169	0,000	172242,949	173002,165	173003,165	173005,342	173005,543	173005,543	173005,586	62562,949	63002,165	63003,165	63005,342	63005,543	63005,543	63005,586	0,000	0,029	0,000	0,003	13,440	13,440	0,026	NaN	1,000	342,000	695,000	868,978	215,467
510,000	110,000	620,000	19,082	0,000	1,132	0,000	29,096	0,089	25,180	0,000	29,138	0,000	172242,949	173011,290	173012,290	173015,645	173016,165	173016,165	173016,285	62562,949	63011,290	63012,290	63015,645	63016,165	63016,165	63016,285	0,028	0,087	0,000	0,000	13,440	13,440	0,949	NaN	1,000	389,000	695,000	868,978	215,467
790,000	1140,000	1930,000	2,487	14,035	55,333	10,000	39,624	23,289	24,399	0,781	22,372	160,000	172242,949	173020,553	173021,552	173022,628	173023,425	173023,585	173024,574	62562,949	63020,553	63021,553	63022,628	63023,425	63023,585	63024,574	20,374	14,777	0,222	0,770	13,440	13,440	37,835	4,659	1,000	843,000	300,000	868,978	215,467
30,000	60,000	90,000	20,149	0,000	0,286	0,000	25,687	0,012	25,180	0,000	25,619	0,000	172242,949	173027,200	173028,200	173031,375	173031,575	173031,575	173031,644	62562,949	63027,200	63028,200	63031,375	63031,575	63031,575	63031,645	0,030	0,000	0,000	0,000	13,440	13,440	0,027	NaN	1,000	327,000	684,000	868,978	215,467
460,000	20,000	480,000	19,818	0,000	0,000	0,000	27,365	0,000	25,180	0,000	27,365	0,000	172242,949	173037,586	173038,587	173041,626	173042,095	173042,095	173042,125	62562,949	63037,586	63038,587	63041,626	63042,095	63042,095	63042,125	0,000	0,000	0,000	0,000	13,440	13,440	NaN	NaN	1,000	368,000	711,000	868,978	215,467
140,000	20,000	160,000	21,804	0,000	0,000	0,000	20,770	0,000	25,180	0,000	20,770	0,000	172242,949	173046,102	173047,104	173049,664	173049,865	173049,865	173049,895	62562,949	63046,102	63047,104	63049,664	63049,865	63049,865	63049,895	0,000	0,000	0,000	0,000	13,440	13,440	NaN	NaN	1,000	267,000	704,000	868,978	215,467
1270,000	660,000	1930,000	14,085	22,727	34,383	9,000	39,230	13,313	22,158	3,023	29,109	150,000	172242,949	173055,522	173056,522	173057,628	173058,905	173059,055	173059,575	62562,949	63055,522	63056,522	63057,628	63058,905	63059,055	63059,575	13,318	7,474	3,184	1,920	13,440	13,440	8,855	22,240	1,000	620,000	650,000	868,978	215,467
550,000	20,000	570,000	19,444	0,000	0,000	0,000	28,582	0,000	25,180	0,000	28,582	0,000	172242,949	173103,587	173104,587	173108,489	173109,045	173109,045	173109,076	62562,949	63063,587	63064,587	63068,490	63069,045	63069,045	63069,076	0,000	0,000	0,000	0,000	13,440	13,440	NaN	NaN	1,000	390,000	714,000	868,978	215,467
30,000	20,000	50,000	17,831	0,000	0,000	0,000	32,217	0,000	25,180	0,000	32,217	0,000	172242,949	173114,970	173115,970	173118,232	173118,432	173118,432	173118,455	62562,949	63074,970	63075,970	63078,232	63078,432	63078,432	63078,455	0,000	0,000	0,000	0,000	13,440	13,440	NaN	NaN	1,000	414,000	657,000	868,978	215,467
3010,000	20,000	3030,000	22,976	0,000	0,000	0,000	21,813	0,000	25,180	0,000	21,813	0,000	172242,949	173121,555	173122,554	173124,588	173127,605	173127,605	173127,635	62562,949	63081,555	63082,554	63084,588	63087,605	63087,605	63087,635	0,000	0,000	0,000	0,000	13,440	13,440	NaN	NaN	1,000	333,000	832,000	868,978	215,467
560,000	1370,000	1930,000	10,468	22,628	77,658	14,000	39,179	28,658	21,173	4,008	28,043	310,000	172242,949	173203,415	173204,415	173208,255	173208,826	173209,136	173210,658	62562,949	63123,415	63124,415	63128,256	63128,826	63129,136	63130,658	22,239	19,518	2,139	3,492	13,440	13,440	5,112	17,152	1,000	769,000	574,000	868,978	215,467
560,000	1370,000	1930,000	1,375	13,869	32,750	11,000	31,988	21,690	24,728	0,452	29,179	190,000	172242,949	173225,315	173226,315	173228,315	173228,885	173229,075	173230,265	62562,949	63145,315	63146,315	63148,315	63148,885	63149,075	63150,265	12,224	18,020	0,056	0,471	13,440	13,440	18,959	1,989	1,000	830,000	245,000	868,978	215,467
1000,000	140,000	1140,000	21,787	92,857	6,654	0,000	26,505	0,737	24,452	0,728	26,505	130,000	172242,949	173240,747	173241,747	173243,820	173244,826	173244,957	173244,975	62562,949	63160,747	63161,747	63163,820	63164,827	63164,957	63164,975	0,684	0,458	0,685	0,452	13,440	13,440	NaN	6,132	1,000	324,000	766,000	868,978	215,467
960,000	30,000	990,000	19,395	0,000	0,000	0,000	27,811	0,000	25,180	0,000	27,811	0,000	172242,949	173246,452	173247,452	173250,196	173251,166	173251,166	173251,205	62562,949	63166,452	63167,452	63170,196	63171,166	63171,166	63171,205	0,000	0,000	0,000	0,000	13,440	13,440	NaN	NaN	1,000	353,000	673,000	868,978	215,467
1360,000	570,000	1930,000	24,021	31,579	29,281	8,000	31,108	7,678	21,637	3,543	28,334	180,000	172242,949	173253,110	173254,110	173255,180	173256,545	173256,725	173257,125	62562,949	63173,110	63174,110	63175,180	63176,545	63176,725	63177,125	4,599	6,194	1,510	3,169	13,440	13,440	16,626	22,840	1,000	340,000	886,000	868,978	215,467
100,000	20,000	120,000	20,477	0,000	0,000	0,000	26,160	0,000	25,180	0,000	26,160	0,000	172242,949	173314,737	173315,737	173317,526	173317,727	173317,727	173317,755	62562,949	63194,737	63195,737	63197,526	63197,727	63197,727	63197,755	0,000	0,000	0,000	0,000	13,440	13,440	NaN	NaN	1,000	363,000	739,000	868,978	215,467
