30,000	1040,000	1070,000	18,884	16,346	4,780	11,000	58,674	2,357	17,085	0,080	58,173	170,000	100517,849	100540,628	100541,641	100542,725	100542,928	100543,098	100544,086	36317,849	36340,628	36341,641	36342,725	36342,928	36343,098	36344,086	2,195	0,930	0,085	0,028	-13,440	13,440	0,316	0,512	1,000	1050,000	686,000	571,022	215,467
940,000	490,000	1430,000	14,113	28,571	8,572	6,000	56,388	2,874	16,493	0,673	57,052	140,000	100517,849	100544,678	100545,678	100548,582	100549,526	100549,666	100550,027	36317,849	36344,678	36345,678	36348,582	36349,526	36349,666	36350,027	2,148	2,079	0,468	0,575	-13,440	13,440	2,348	5,404	1,000	933,000	563,000	571,022	215,467
290,000	440,000	730,000	18,288	40,909	1,120	5,000	56,718	0,179	17,136	0,029	56,835	180,000	100517,849	100555,878	100556,878	100558,755	100559,056	100559,236	100559,506	36317,849	36355,878	36356,878	36358,755	36359,056	36359,236	36359,506	0,086	0,197	0,000	0,054	-13,440	13,440	0,120	0,097	1,000	1036,000	670,000	571,022	215,467
310,000	20,000	330,000	18,328	0,000	0,000	0,000	57,159	0,000	17,165	0,000	57,159	0,000	100517,849	100606,851	100607,852	100609,538	100609,856	100609,856	100609,887	36317,849	36366,851	36367,852	36369,538	36369,856	36369,856	36369,887	0,000	0,000	0,000	0,000	-13,440	13,440	NaN	NaN	1,000	1038,000	670,000	571,022	215,467
360,000	1070,000	1430,000	14,907	15,888	5,566	15,000	55,366	3,177	17,048	0,117	56,297	170,000	100517,849	100618,168	100619,168	100620,911	100621,276	100621,446	100622,357	36317,849	36378,168	36379,168	36380,911	36381,276	36381,446	36382,357	2,304	2,320	0,085	0,088	-13,440	13,440	4,973	0,239	1,000	941,000	595,000	571,022	215,467
940,000	490,000	1430,000	16,159	48,980	5,351	5,000	56,773	1,405	16,639	0,526	56,945	240,000	100517,849	100628,985	100629,985	100633,773	100634,716	100634,956	100635,216	36317,849	36388,985	36389,985	36393,773	36394,716	36394,956	36395,216	1,105	0,933	0,433	0,322	-13,440	13,440	2,753	1,974	1,000	976,000	623,000	571,022	215,467
30,000	20,000	50,000	18,410	0,000	0,000	0,000	56,104	0,000	17,165	0,000	56,104	0,000	100517,849	100642,692	100643,693	100647,153	100647,354	100647,354	100647,375	36317,849	36402,692	36403,693	36407,153	36407,354	36407,354	36407,376	0,000	0,000	0,000	0,000	-13,440	13,440	NaN	NaN	1,000	1024,000	688,000	571,022	215,467
300,000	1130,000	1430,000	15,644	25,664	6,110	14,000	55,645	2,778	16,773	0,392	56,184	290,000	100517,849	100655,358	100656,357	100657,703	100658,006	100658,296	100659,146	36317,849	36415,358	36416,357	36417,703	36418,006	36418,296	36419,146	2,071	1,911	0,282	0,254	-13,440	13,440	4,387	0,736	1,000	957,000	616,000	571,022	215,467
400,000	1030,000	1430,000	16,517	21,359	4,380	13,000	55,893	2,345	16,887	0,279	56,335	220,000	100517,849	100707,703	100708,703	100711,514	100711,916	100712,136	100712,957	36317,849	36427,703	36428,703	36431,514	36431,916	36432,136	36432,957	1,693	1,684	0,141	0,253	-13,440	13,440	2,038	0,048	1,000	987,000	630,000	571,022	215,467
350,000	1080,000	1430,000	14,170	12,037	6,168	19,000	56,024	3,517	17,063	0,102	56,978	130,000	100517,849	100721,502	100722,502	100726,238	100726,596	100726,726	100727,686	36317,849	36441,502	36442,502	36446,238	36446,596	36446,726	36447,686	2,595	2,486	0,058	0,057	-13,440	13,440	5,305	0,400	1,000	929,000	570,000	571,022	215,467
700,000	730,000	1430,000	14,886	26,027	5,302	10,000	55,849	2,784	16,662	0,504	56,559	190,000	100517,849	100735,378	100736,378	100739,916	100740,625	100740,815	100741,365	36317,849	36455,378	36456,378	36459,916	36460,626	36460,816	36461,365	2,034	2,034	0,371	0,396	-13,440	13,440	2,024	3,005	1,000	944,000	591,000	571,022	215,467
330,000	1100,000	1430,000	14,091	15,455	5,326	15,000	55,661	3,592	16,981	0,185	56,772	170,000	100517,849	100748,879	100749,879	100753,602	100753,935	100754,105	100755,046	36317,849	36468,879	36469,879	36473,602	36473,935	36474,105	36475,046	2,576	2,623	0,114	0,124	-13,440	13,440	3,077	1,014	1,000	928,000	567,000	571,022	215,467
270,000	1160,000	1430,000	13,993	16,379	5,371	17,000	55,415	3,830	16,625	0,540	56,342	190,000	100517,849	100802,688	100803,688	100807,604	100807,876	100808,066	100809,046	36317,849	36482,688	36483,688	36487,604	36487,876	36488,066	36489,046	2,814	2,733	0,437	0,348	-13,440	13,440	1,964	2,901	1,000	917,000	573,000	571,022	215,467
690,000	740,000	1430,000	14,829	18,919	5,105	13,000	55,425	2,710	16,582	0,584	56,163	140,000	100517,849	100818,497	100819,497	100822,036	100822,736	100822,876	100823,486	36317,849	36498,497	36499,497	36502,036	36502,736	36502,876	36503,486	1,927	2,011	0,404	0,438	-13,440	13,440	0,698	4,173	1,000	937,000	595,000	571,022	215,467
300,000	1130,000	1430,000	14,771	10,619	6,062	13,000	54,933	3,339	17,092	0,073	56,034	120,000	100517,849	100832,914	100833,915	100836,205	100836,506	100836,626	100837,648	36317,849	36512,915	36513,915	36516,205	36516,506	36516,626	36517,648	2,356	2,473	0,039	0,056	-13,440	13,440	2,848	0,038	1,000	933,000	596,000	571,022	215,467
350,000	1080,000	1430,000	13,275	26,852	8,350	12,000	55,254	4,247	16,780	0,385	56,676	290,000	100517,849	100846,446	100847,446	100850,584	100850,936	100851,226	100852,026	36317,849	36526,446	36527,446	36530,584	36530,936	36531,226	36532,026	3,064	3,111	0,321	0,225	-13,440	13,440	5,004	0,482	1,000	904,000	550,000	571,022	215,467
350,000	1080,000	1430,000	14,489	11,111	5,860	14,000	55,030	3,371	17,076	0,090	56,194	120,000	100517,849	100900,803	100901,803	100903,770	100904,126	100904,246	100905,216	36317,849	36540,803	36541,803	36543,770	36544,126	36544,246	36545,216	2,316	2,576	0,032	0,076	-13,440	13,440	4,115	0,433	1,000	932,000	583,000	571,022	215,467
320,000	1110,000	1430,000	13,177	13,514	7,233	19,000	54,939	4,778	16,754	0,411	56,303	150,000	100517,849	100913,614	100914,614	100917,250	100917,576	100917,726	100918,696	36317,849	36553,614	36554,614	36557,250	36557,576	36557,726	36558,696	3,408	3,487	0,295	0,286	-13,440	13,440	3,278	2,683	1,000	898,000	551,000	571,022	215,467
450,000	980,000	1430,000	9,735	26,531	11,056	14,000	54,457	7,292	15,597	1,569	56,379	260,000	100517,849	100926,178	100927,178	100929,891	100930,346	100930,606	100931,335	36317,849	36566,178	36567,178	36569,891	36570,346	36570,606	36571,335	5,166	5,372	1,154	1,149	-13,440	13,440	1,196	7,758	1,000	814,000	462,000	571,022	215,467
350,000	1080,000	1430,000	11,170	25,926	9,950	14,000	54,737	6,416	15,901	1,264	56,428	280,000	100517,849	100936,734	100937,733	100941,604	100941,955	100942,235	100943,047	36317,849	36576,734	36577,733	36581,604	36581,956	36582,236	36583,047	4,539	4,772	0,904	0,923	-13,440	13,440	4,177	2,753	1,000	858,000	490,000	571,022	215,467
140,000	20,000	160,000	18,506	0,000	0,000	0,000	56,490	0,000	17,165	0,000	56,490	0,000	100517,849	100948,962	100949,961	100951,989	100952,190	100952,190	100952,216	36317,849	36588,962	36589,961	36591,989	36592,190	36592,190	36592,216	0,000	0,000	0,000	0,000	-13,440	13,440	NaN	NaN	1,000	1033,000	684,000	571,022	215,467
520,000	910,000	1430,000	10,511	13,187	10,072	14,000	54,002	6,756	16,680	0,485	56,189	120,000	100517,849	101000,381	101001,381	101004,995	101005,516	101005,636	101006,435	36317,849	36600,381	36601,381	36604,995	36605,516	36605,636	36606,435	4,667	5,164	0,364	0,342	-13,440	13,440	4,442	4,135	1,000	838,000	477,000	571,022	215,467
30,000	20,000	50,000	18,171	0,000	0,000	0,000	56,245	0,000	17,165	0,000	56,245	0,000	100517,849	101012,657	101013,657	101014,692	101014,893	101014,893	101014,916	36317,849	36612,657	36613,657	36614,692	36614,893	36614,893	36614,916	0,000	0,000	0,000	0,000	-13,440	13,440	NaN	NaN	1,000	1019,000	681,000	571,022	215,467
370,000	1060,000	1430,000	6,116	16,981	15,996	17,000	52,351	11,734	15,984	1,181	55,204	180,000	100517,849	101020,039	101021,039	101024,503	101024,877	101025,057	101025,946	36317,849	36620,039	36621,039	36624,503	36624,877	36625,057	36625,946	8,105	8,834	0,822	0,872	-13,440	13,440	8,311	6,238	1,000	725,000	369,000	571,022	215,467
370,000	1060,000	1430,000	5,209	26,415	14,067	9,000	52,751	11,524	14,328	2,838	55,388	280,000	100517,849	101030,400	101031,400	101034,764	101035,137	101035,417	101036,207	36317,849	36630,400	36631,400	36634,764	36635,137	36635,417	36636,207	7,979	8,731	2,051	2,098	-13,440	13,440	2,012	10,590	1,000	709,000	339,000	571,022	215,467
380,000	1050,000	1430,000	5,443	16,190	18,613	13,000	52,167	11,435	16,813	0,353	55,927	170,000	100517,849	101040,432	101041,432	101044,404	101044,786	101044,956	101045,847	36317,849	36640,432	36641,432	36644,404	36644,786	36644,956	36645,847	7,702	8,983	0,279	0,254	-13,440	13,440	13,199	1,608	1,000	724,000	334,000	571,022	215,467
30,000	1400,000	1430,000	9,193	12,143	10,457	14,000	53,701	8,288	17,120	0,045	56,619	170,000	100517,849	101051,458	101052,458	101054,466	101054,667	101054,837	101056,076	36317,849	36651,458	36652,458	36654,466	36654,667	36654,837	36656,076	5,680	6,422	0,000	0,082	-13,440	13,440	6,055	0,047	1,000	815,000	433,000	571,022	215,467
60,000	1370,000	1430,000	7,826	15,328	12,744	15,000	54,097	9,387	16,683	0,482	56,393	210,000	100517,849	101101,666	101102,666	101104,920	101105,122	101105,332	101106,496	36317,849	36661,666	36662,666	36664,921	36665,122	36665,332	36666,496	6,766	6,826	0,342	0,398	-13,440	13,440	7,289	2,676	1,000	767,000	413,000	571,022	215,467
440,000	990,000	1430,000	8,622	16,162	13,135	14,000	54,116	8,031	16,657	0,509	56,426	160,000	100517,849	101111,544	101112,544	101115,659	101116,107	101116,267	101117,105	36317,849	36671,544	36672,544	36675,659	36676,107	36676,267	36677,105	5,731	5,980	0,410	0,369	-13,440	13,440	7,948	4,050	1,000	785,000	435,000	571,022	215,467
410,000	1020,000	1430,000	9,264	12,745	12,081	13,000	53,756	8,024	15,889	1,277	55,959	130,000	100517,849	101121,783	101122,783	101125,016	101125,437	101125,567	101126,466	36317,849	36681,783	36682,783	36685,016	36685,437	36685,567	36686,466	5,495	6,148	0,853	1,044	-13,440	13,440	4,141	10,722	1,000	812,000	440,000	571,022	215,467
410,000	1020,000	1430,000	10,088	18,627	12,779	14,000	53,483	7,614	16,290	0,875	55,833	190,000	100517,849	101131,098	101132,098	101135,666	101136,086	101136,276	101137,115	36317,849	36691,098	36692,098	36695,666	36696,086	36696,276	36697,115	5,152	6,011	0,589	0,748	-13,440	13,440	3,838	5,148	1,000	838,000	455,000	571,022	215,467
30,000	20,000	50,000	18,290	0,000	0,000	0,000	56,207	0,000	17,165	0,000	56,207	0,000	100517,849	101142,587	101143,586	101147,085	101147,286	101147,286	101147,317	36317,849	36702,587	36703,586	36707,085	36707,286	36707,286	36707,317	0,000	0,000	0,000	0,000	-13,440	13,440	NaN	NaN	1,000	1022,000	684,000	571,022	215,467
140,000	1290,000	1430,000	5,841	17,829	15,120	16,000	52,728	11,732	16,169	0,997	55,768	230,000	100517,849	101152,923	101153,923	101157,620	101157,821	101158,051	101159,116	36317,849	36712,923	36713,923	36717,620	36717,821	36718,051	36719,116	8,125	8,887	0,727	0,771	-13,440	13,440	2,481	6,525	1,000	723,000	357,000	571,022	215,467
340,000	1090,000	1430,000	6,023	13,761	16,058	13,000	52,445	10,860	16,900	0,265	56,067	150,000	100517,849	101203,351	101204,352	101206,755	101207,106	101207,256	101208,206	36317,849	36723,351	36724,352	36726,755	36727,106	36727,256	36728,206	7,306	8,543	0,190	0,179	-13,440	13,440	11,702	0,232	1,000	736,000	352,000	571,022	215,467
80,000	1350,000	1430,000	1,792	25,926	23,279	16,000	51,465	16,115	15,868	1,297	55,663	350,000	100517,849	101212,799	101213,799	101216,985	101217,186	101217,536	101218,546	36317,849	36732,799	36733,799	36736,985	36737,186	36737,536	36738,546	10,914	12,448	0,900	1,040	-13,440	13,440	7,700	5,561	1,000	631,000	237,000	571,022	215,467
200,000	20,000	220,000	19,283	0,000	0,000	0,000	56,021	0,000	17,165	0,000	56,021	0,000	100517,849	101222,660	101223,660	101226,901	101227,105	101227,105	101227,137	36317,849	36742,660	36743,660	36746,901	36747,105	36747,105	36747,137	0,000	0,000	0,000	0,000	-13,440	13,440	NaN	NaN	1,000	1049,000	707,000	571,022	215,467
30,000	20,000	50,000	17,189	0,000	0,000	0,000	55,909	0,000	17,165	0,000	55,909	0,000	100517,849	101233,938	101234,938	101238,751	101238,951	101238,951	101238,977	36317,849	36753,938	36754,938	36758,751	36758,951	36758,951	36758,977	0,000	0,000	0,000	0,000	-13,440	13,440	NaN	NaN	1,000	984,000	666,000	571,022	215,467
510,000	920,000	1430,000	7,906	23,913	16,749	9,000	53,298	9,462	15,815	1,351	55,302	220,000	100517,849	101244,800	101245,801	101248,298	101248,815	101249,035	101249,746	36317,849	36764,800	36765,801	36768,298	36768,816	36769,036	36769,746	6,593	7,204	0,892	1,179	-13,440	13,440	8,883	7,082	1,000	771,000	413,000	571,022	215,467
30,000	20,000	50,000	19,878	0,000	0,000	0,000	56,149	0,000	17,165	0,000	56,149	0,000	100517,849	101254,944	101255,944	101257,978	101258,180	101258,180	101258,206	36317,849	36774,944	36775,945	36777,978	36778,180	36778,180	36778,206	0,000	0,000	0,000	0,000	-13,440	13,440	NaN	NaN	1,000	1069,000	717,000	571,022	215,467
60,000	990,000	1050,000	0,479	25,253	4,555	6,000	66,555	1,703	16,806	0,359	67,009	250,000	100517,849	101258,790	101259,792	101302,744	101302,944	101303,194	101303,936	36317,849	36778,790	36779,792	36782,744	36782,944	36783,194	36783,936	1,462	0,844	0,264	0,254	-13,440	13,440	0,751	0,726	1,000	588,000	217,000	571,022	215,467
