30,000	20,000	50,000	16,215	0,000	0,000	0,000	37,927	0,000	25,180	0,000	37,927	0,000	161429,120	161638,151	161639,151	161641,486	161641,686	161641,686	161641,713	58469,120	58598,151	58599,151	58601,486	58601,686	58601,686	58601,713	0,000	0,000	0,000	0,000	13,440	13,440	NaN	NaN	1,000	533,000	684,000	868,978	215,467
150,000	20,000	170,000	18,995	0,000	0,000	0,000	30,486	0,000	25,180	0,000	30,486	0,000	161429,120	161651,362	161652,362	161653,747	161653,947	161653,947	161653,973	58469,120	58611,362	58612,362	58613,747	58613,947	58613,947	58613,974	0,000	0,000	0,000	0,000	13,440	13,440	NaN	NaN	1,000	428,000	727,000	868,978	215,467
30,000	20,000	50,000	22,433	0,000	0,000	0,000	20,745	0,000	25,180	0,000	20,745	0,000	161429,120	161702,462	161703,462	161706,648	161706,849	161706,849	161706,873	58469,120	58622,462	58623,462	58626,648	58626,849	58626,849	58626,873	0,000	0,000	0,000	0,000	13,440	13,440	NaN	NaN	1,000	289,000	763,000	868,978	215,467
190,000	110,000	300,000	17,458	90,909	1,103	0,000	35,320	0,079	25,103	0,077	35,320	100,000	161429,120	161716,681	161717,681	161721,519	161721,719	161721,819	161721,833	58469,120	58636,681	58637,681	58641,519	58641,719	58641,819	58641,833	0,028	0,057	0,028	0,054	13,440	13,440	NaN	0,897	1,000	513,000	724,000	868,978	215,467
660,000	180,000	840,000	19,312	0,000	9,301	0,000	28,331	1,184	25,177	0,003	26,397	0,000	161429,120	161726,751	161727,751	161730,609	161731,273	161731,273	161731,463	58469,120	58646,751	58647,751	58650,609	58651,273	58651,273	58651,463	1,277	0,629	0,010	0,000	13,440	13,440	8,355	NaN	1,000	420,000	735,000	868,978	215,467
30,000	270,000	300,000	17,421	96,296	6,534	0,000	34,938	0,940	24,244	0,936	34,938	260,000	161429,120	161736,444	161737,443	161741,283	161741,483	161741,743	161741,764	58469,120	58656,444	58657,443	58661,283	58661,483	58661,743	58661,764	0,878	0,536	0,879	0,534	13,440	13,440	NaN	4,519	1,000	496,000	710,000	868,978	215,467
540,000	210,000	750,000	17,845	76,190	8,615	2,000	30,301	1,360	23,958	1,222	30,310	160,000	161429,120	161748,689	161749,690	161751,557	161752,104	161752,264	161752,323	58469,120	58668,689	58669,690	58671,557	58672,104	58672,264	58672,323	0,395	1,331	0,371	1,186	13,440	13,440	0,094	7,950	1,000	469,000	708,000	868,978	215,467
240,000	50,000	290,000	19,230	0,000	0,564	0,000	31,345	0,025	25,180	0,000	31,378	0,000	161429,120	161800,250	161801,250	161802,872	161803,113	161803,113	161803,173	58469,120	58680,250	58681,250	58682,872	58683,113	58683,113	58683,173	0,000	0,029	0,000	0,000	13,440	13,440	0,049	NaN	1,000	469,000	770,000	868,978	215,467
100,000	20,000	120,000	15,771	0,000	0,000	0,000	38,412	0,000	25,180	0,000	38,412	0,000	161429,120	161808,736	161809,737	161812,292	161812,493	161812,493	161812,523	58469,120	58688,736	58689,738	58692,292	58692,493	58692,493	58692,523	0,000	0,000	0,000	0,000	13,440	13,440	NaN	NaN	1,000	517,000	652,000	868,978	215,467
520,000	1410,000	1930,000	5,242	12,766	41,046	19,000	38,870	23,355	24,971	0,209	35,474	180,000	161429,120	162503,782	162504,781	162506,990	162507,516	162507,696	162508,934	58469,120	59103,782	59104,781	59106,990	59107,516	59107,696	59108,934	15,682	17,573	0,104	0,169	13,440	13,440	30,160	0,167	1,000	1033,000	304,000	868,978	215,467
1000,000	930,000	1930,000	5,162	15,054	43,389	11,000	31,355	19,520	24,540	0,640	27,725	140,000	161429,120	162510,922	162511,922	162514,458	162515,466	162515,606	162516,403	58469,120	59110,922	59111,922	59114,458	59115,466	59115,606	59116,403	11,482	16,122	0,275	0,569	13,440	13,440	24,338	4,626	1,000	867,000	399,000	868,978	215,467
1090,000	840,000	1930,000	8,510	19,048	38,261	5,000	33,969	9,055	24,735	0,445	30,151	160,000	161429,120	162520,956	162521,956	162523,821	162524,913	162525,073	162525,763	58469,120	59120,956	59121,956	59123,821	59124,913	59125,073	59125,763	6,401	6,886	0,184	0,429	13,440	13,440	34,672	3,239	1,000	788,000	507,000	868,978	215,467
30,000	1900,000	1930,000	17,975	12,105	28,092	23,000	46,407	9,996	24,476	0,704	41,490	230,000	161429,120	162530,554	162531,555	162535,136	162535,337	162535,567	162537,715	58469,120	59130,554	59131,555	59135,136	59135,337	59135,567	59137,715	9,025	5,203	0,623	0,475	13,440	13,440	0,321	3,152	1,000	528,000	756,000	868,978	215,467
2700,000	80,000	2780,000	18,213	0,000	0,357	0,000	32,743	0,016	25,180	0,000	32,687	0,000	161429,120	162605,182	162606,182	162608,054	162610,764	162610,764	162610,853	58469,120	59165,182	59166,182	59168,054	59170,764	59170,764	59170,853	0,030	0,000	0,000	0,000	13,440	13,440	0,034	NaN	1,000	463,000	720,000	868,978	215,467
30,000	20,000	50,000	19,156	0,000	0,000	0,000	30,975	0,000	25,180	0,000	30,975	0,000	161429,120	162630,716	162631,716	162633,158	162633,359	162633,359	162633,385	58469,120	59190,716	59191,716	59193,158	59193,359	59193,359	59193,385	0,000	0,000	0,000	0,000	13,440	13,440	NaN	NaN	1,000	452,000	754,000	868,978	215,467
30,000	220,000	250,000	8,912	95,455	3,284	0,000	56,625	0,320	24,861	0,319	56,625	210,000	161429,120	162700,761	162701,761	162705,676	162705,877	162706,087	162706,103	58469,120	59220,761	59221,761	59225,676	59225,877	59226,087	59226,103	0,309	0,113	0,309	0,110	13,440	13,440	NaN	0,670	1,000	778,000	519,000	868,978	215,467
30,000	20,000	50,000	18,732	0,000	0,000	0,000	31,711	0,000	25,180	0,000	31,711	0,000	161429,120	162727,915	162728,914	162730,579	162730,779	162730,779	162730,803	58469,120	59247,915	59248,914	59250,579	59250,779	59250,779	59250,803	0,000	0,000	0,000	0,000	13,440	13,440	NaN	NaN	1,000	456,000	738,000	868,978	215,467
300,000	20,000	320,000	20,610	0,000	0,000	0,000	28,591	0,000	25,180	0,000	28,591	0,000	161429,120	162744,310	162745,310	162747,544	162747,853	162747,853	162747,884	58469,120	59264,310	59265,310	59267,544	59267,853	59267,853	59267,884	0,000	0,000	0,000	0,000	13,440	13,440	NaN	NaN	1,000	442,000	811,000	868,978	215,467
580,000	650,000	1230,000	17,504	20,000	1,937	8,000	30,938	0,617	25,027	0,153	31,301	130,000	161429,120	162943,493	162944,494	162945,853	162946,444	162946,574	162947,104	58469,120	59383,493	59384,494	59385,854	59386,444	59386,574	59387,104	0,169	0,619	0,054	0,151	13,440	13,440	0,420	1,085	1,000	396,000	620,000	868,978	215,467
2190,000	120,000	2310,000	13,007	91,667	9,244	0,000	48,662	0,729	24,586	0,594	49,361	110,000	161429,120	162955,782	162956,781	162958,731	163000,977	163001,087	163001,331	58469,120	59395,782	59396,781	59398,731	59400,977	59401,087	59401,331	0,466	0,615	0,432	0,456	13,440	13,440	NaN	5,233	1,000	658,000	627,000	868,978	215,467
30,000	20,000	50,000	17,669	0,000	0,000	0,000	34,420	0,000	25,180	0,000	34,420	0,000	161429,120	163016,703	163017,703	163020,021	163020,222	163020,222	163020,243	58469,120	59416,703	59417,703	59420,021	59420,222	59420,222	59420,243	0,000	0,000	0,000	0,000	13,440	13,440	NaN	NaN	1,000	492,000	718,000	868,978	215,467
530,000	40,000	570,000	19,896	0,000	0,329	0,000	30,606	0,015	25,179	0,001	30,624	0,000	161429,120	163027,802	163028,803	163030,731	163031,263	163031,263	163031,314	58469,120	59427,802	59428,803	59430,731	59431,263	59431,263	59431,314	0,000	0,000	0,000	0,000	13,440	13,440	0,015	NaN	1,000	475,000	803,000	868,978	215,467
260,000	20,000	280,000	19,437	0,000	0,000	0,000	30,341	0,000	25,180	0,000	30,341	0,000	161429,120	163047,220	163048,219	163050,879	163051,143	163051,143	163051,173	58469,120	59447,220	59448,219	59450,879	59451,143	59451,143	59451,173	0,000	0,000	0,000	0,000	13,440	13,440	NaN	NaN	1,000	446,000	762,000	868,978	215,467
150,000	1670,000	1820,000	6,609	19,162	64,481	16,000	49,899	30,869	20,388	4,792	45,852	320,000	161429,120	163401,438	163402,438	163404,109	163404,309	163404,629	163405,983	58469,120	59641,438	59642,438	59644,109	59644,309	59644,629	59645,983	25,397	17,916	3,780	3,242	13,440	13,440	4,766	4,573	1,000	1067,000	342,000	868,978	215,467
30,000	550,000	580,000	18,518	32,727	22,639	4,000	50,896	4,942	22,690	2,491	53,008	180,000	161429,120	163408,524	163409,525	163413,055	163413,256	163413,436	163413,814	58469,120	59648,524	59649,525	59653,055	59653,256	59653,436	59653,814	3,291	3,409	2,282	0,841	13,440	13,440	5,044	6,870	1,000	949,000	869,000	868,978	215,467
170,000	140,000	310,000	16,746	92,857	2,945	0,000	39,202	0,230	24,952	0,228	39,202	130,000	161429,120	163432,757	163433,758	163434,826	163435,026	163435,156	163435,173	58469,120	59672,757	59673,758	59674,826	59675,026	59675,156	59675,173	0,086	0,227	0,085	0,227	13,440	13,440	NaN	2,095	1,000	615,000	754,000	868,978	215,467
30,000	1060,000	1090,000	12,338	28,302	10,576	7,000	35,172	5,589	24,259	0,921	38,275	300,000	161429,120	163447,313	163448,314	163450,031	163450,232	163450,532	163451,293	58469,120	59687,313	59688,314	59690,031	59690,232	59690,532	59691,293	1,493	5,879	0,174	1,066	13,440	13,440	0,448	0,852	1,000	717,000	627,000	868,978	215,467
3010,000	20,000	3030,000	21,509	0,000	0,000	0,000	30,332	0,000	25,180	0,000	30,332	0,000	161429,120	163459,457	163500,457	163501,748	163504,763	163504,763	163504,793	58469,120	59699,457	59700,457	59701,748	59704,763	59704,763	59704,793	0,000	0,000	0,000	0,000	13,440	13,440	NaN	NaN	1,000	526,000	899,000	868,978	215,467
840,000	1090,000	1930,000	3,796	26,606	36,795	10,000	34,826	17,782	21,412	3,768	27,106	290,000	161429,120	163521,453	163522,454	163526,072	163526,914	163527,204	163528,013	58469,120	59721,453	59722,454	59726,072	59726,914	59727,204	59728,013	13,439	12,827	2,438	3,079	13,440	13,440	16,511	20,449	1,000	793,000	327,000	868,978	215,467
30,000	390,000	420,000	16,606	87,179	40,846	1,000	44,913	6,608	18,721	6,459	45,000	340,000	161429,120	163530,451	163531,451	163533,393	163533,594	163533,934	163533,993	58469,120	59730,451	59731,451	59733,393	59733,594	59733,934	59733,993	4,475	4,479	4,421	4,352	13,440	13,440	1,866	1,191	1,000	477,000	657,000	868,978	215,467
390,000	1540,000	1930,000	4,446	11,039	43,801	16,000	47,970	22,459	25,129	0,051	31,963	170,000	161429,120	163539,820	163540,821	163544,032	163544,423	163544,593	163545,974	58469,120	59739,820	59740,821	59744,032	59744,423	59744,593	59745,974	21,908	10,810	0,071	0,028	13,440	13,440	33,406	0,152	1,000	980,000	328,000	868,978	215,467
720,000	200,000	920,000	10,415	60,000	0,920	2,000	51,979	0,124	25,103	0,077	52,004	120,000	161429,120	163548,388	163549,389	163552,902	163553,623	163553,743	163553,833	58469,120	59748,388	59749,389	59752,902	59753,623	59753,743	59753,833	0,114	0,056	0,068	0,048	13,440	13,440	0,321	0,359	1,000	706,000	548,000	868,978	215,467
330,000	320,000	650,000	9,137	46,875	1,203	3,000	54,409	0,175	25,101	0,079	54,493	150,000	161429,120	163559,467	163600,467	163604,373	163604,703	163604,853	163605,033	58469,120	59759,467	59760,467	59764,373	59764,703	59764,853	59765,033	0,114	0,142	0,058	0,056	13,440	13,440	0,682	0,177	1,000	714,000	501,000	868,978	215,467
790,000	50,000	840,000	16,188	0,000	0,426	0,000	40,166	0,019	25,180	0,000	40,120	0,000	161429,120	163610,363	163611,364	163614,672	163615,464	163615,464	163615,525	58469,120	59770,363	59771,364	59774,672	59775,464	59775,464	59775,525	0,030	0,000	0,003	0,000	13,440	13,440	0,037	NaN	1,000	613,000	731,000	868,978	215,467
550,000	1380,000	1930,000	5,130	9,420	38,959	11,000	50,319	24,417	25,052	0,128	36,316	130,000	161429,120	163623,868	163624,868	163627,992	163628,545	163628,675	163629,934	58469,120	59783,868	59784,868	59787,992	59788,545	59788,675	59789,934	23,523	11,332	0,095	0,101	13,440	13,440	16,634	0,534	1,000	895,000	396,000	868,978	215,467
30,000	330,000	360,000	10,972	57,576	18,107	2,000	51,133	3,706	22,270	2,910	52,601	190,000	161429,120	163631,955	163632,954	163636,652	163636,853	163637,043	163637,183	58469,120	59791,955	59792,954	59796,652	59796,853	59797,043	59797,183	1,098	4,809	0,962	3,734	13,440	13,440	13,699	15,765	1,000	704,000	569,000	868,978	215,467
30,000	1900,000	1930,000	6,585	20,000	33,105	19,000	44,476	14,670	18,559	6,621	39,494	380,000	161429,120	163640,292	163641,292	163645,056	163645,256	163645,636	163647,164	58469,120	59800,292	59801,292	59805,056	59805,256	59805,636	59807,164	11,509	9,341	3,797	5,545	13,440	13,440	23,661	23,323	1,000	828,000	446,000	868,978	215,467
30,000	320,000	350,000	7,713	46,875	18,213	4,000	55,998	2,561	23,592	1,588	55,882	150,000	161429,120	163651,276	163652,276	163655,251	163655,453	163655,603	163655,773	58469,120	59811,276	59812,276	59815,251	59815,453	59815,603	59815,773	1,918	1,524	1,097	1,127	13,440	13,440	0,648	4,182	1,000	702,000	433,000	868,978	215,467
790,000	1140,000	1930,000	3,992	12,281	59,589	10,000	42,484	20,419	24,483	0,697	34,101	140,000	161429,120	163659,278	163700,278	163702,000	163702,794	163702,935	163703,944	58469,120	59819,278	59820,278	59822,000	59822,795	59822,935	59823,944	16,217	13,330	0,147	0,748	13,440	13,440	41,539	4,847	1,000	965,000	320,000	868,978	215,467
690,000	1240,000	1930,000	5,064	14,516	41,972	12,000	45,791	18,176	24,163	1,017	35,147	180,000	161429,120	163706,408	163707,409	163708,864	163709,564	163709,744	163710,813	58469,120	59826,408	59827,409	59828,864	59829,564	59829,744	59830,813	16,650	9,575	0,640	0,816	13,440	13,440	1,330	3,653	1,000	821,000	389,000	868,978	215,467
