2850,000	20,000	2870,000	18,585	0,000	0,000	0,000	30,455	0,000	25,180	0,000	30,455	0,000	101635,392	101701,267	101702,267	101705,922	101708,776	101708,776	101708,806	36995,392	37021,267	37022,267	37025,922	37028,776	37028,776	37028,806	0,000	0,000	0,000	0,000	13,440	13,440	NaN	NaN	1,000	401,000	682,000	868,978	215,467
500,000	30,000	530,000	18,903	0,000	0,000	0,000	29,593	0,000	25,180	0,000	29,593	0,000	101635,392	101755,738	101756,738	101759,624	101800,125	101800,125	101800,166	36995,392	37075,738	37076,738	37079,624	37080,125	37080,125	37080,166	0,000	0,000	0,000	0,000	13,440	13,440	NaN	NaN	1,000	393,000	690,000	868,978	215,467
840,000	170,000	1010,000	18,528	64,706	0,571	2,000	30,188	0,073	25,131	0,049	30,225	110,000	101635,392	101800,749	101801,750	101804,560	101805,407	101805,517	101805,587	36995,392	37080,749	37081,750	37084,560	37085,407	37085,517	37085,587	0,000	0,085	0,000	0,057	13,440	13,440	0,010	0,377	1,000	395,000	673,000	868,978	215,467
1740,000	170,000	1910,000	18,406	82,353	1,351	1,000	29,739	0,164	25,077	0,103	29,694	140,000	101635,392	101853,968	101854,970	101856,834	101858,576	101858,716	101858,755	36995,392	37133,968	37134,970	37136,834	37138,576	37138,716	37138,755	0,117	0,134	0,068	0,085	13,440	13,440	NaN	0,267	1,000	404,000	676,000	868,978	215,467
1550,000	-20,000	1530,000	18,528	-0,000	0,000	0,000	0,000	0,000	25,180	0,000	0,000	0,000	101635,392	101938,101	101939,102	101942,567	101944,126	101944,126	101944,116	36995,392	37178,101	37179,102	37182,567	37184,126	37184,126	37184,116	0,000	0,000	0,000	0,000	13,440	13,440	NaN	NaN	1,000	395,000	673,000	868,978	215,467
280,000	80,000	360,000	18,864	0,000	0,602	0,000	29,896	0,039	25,178	0,002	29,869	0,000	101635,392	102027,331	102028,332	102030,422	102030,706	102030,706	102030,795	36995,392	37227,331	37228,332	37230,422	37230,706	37230,706	37230,795	0,030	0,028	0,000	0,003	13,440	13,440	0,471	NaN	1,000	397,000	692,000	868,978	215,467
350,000	110,000	460,000	18,923	90,909	0,812	0,000	29,585	0,063	25,119	0,061	29,585	100,000	101635,392	102031,387	102032,387	102034,547	102034,905	102035,005	102035,026	36995,392	37231,387	37232,387	37234,547	37234,905	37235,005	37235,026	0,028	0,057	0,028	0,054	13,440	13,440	NaN	0,720	1,000	394,000	692,000	868,978	215,467
230,000	20,000	250,000	18,346	0,000	0,000	0,000	31,076	0,000	25,180	0,000	31,076	0,000	101635,392	102035,614	102036,616	102040,286	102040,527	102040,527	102040,556	36995,392	37235,614	37236,616	37240,286	37240,527	37240,527	37240,556	0,000	0,000	0,000	0,000	13,440	13,440	NaN	NaN	1,000	408,000	677,000	868,978	215,467
320,000	170,000	490,000	18,128	94,118	0,347	0,000	31,736	0,030	25,152	0,028	31,736	160,000	101635,392	102041,142	102042,144	102043,674	102043,996	102044,156	102044,176	36995,392	37241,142	37242,144	37243,674	37243,996	37244,156	37244,176	0,058	0,000	0,057	0,000	13,440	13,440	NaN	0,042	1,000	413,000	671,000	868,978	215,467
1080,000	240,000	1320,000	17,869	45,833	0,893	2,000	32,121	0,117	25,106	0,074	32,098	110,000	101635,392	102113,752	102114,751	102118,142	102119,226	102119,336	102119,475	36995,392	37273,752	37274,751	37278,142	37279,226	37279,336	37279,475	0,058	0,084	0,029	0,054	13,440	13,440	0,143	0,208	1,000	418,000	663,000	868,978	215,467
410,000	650,000	1060,000	18,586	21,538	1,674	10,000	29,658	0,459	25,104	0,076	29,551	140,000	101635,392	102146,586	102147,585	102148,993	102149,405	102149,545	102150,066	36995,392	37306,586	37307,585	37308,993	37309,405	37309,545	37310,066	0,283	0,367	0,054	0,060	13,440	13,440	1,103	0,454	1,000	406,000	687,000	868,978	215,467
30,000	140,000	170,000	18,232	92,857	0,566	0,000	31,027	0,049	25,134	0,046	31,027	130,000	101635,392	102221,587	102222,587	102226,231	102226,431	102226,561	102226,576	36995,392	37341,587	37342,587	37346,231	37346,431	37346,561	37346,576	0,000	0,057	0,000	0,054	13,440	13,440	NaN	0,312	1,000	400,000	663,000	868,978	215,467
310,000	650,000	960,000	18,526	29,231	25,334	5,000	29,509	2,978	25,100	0,080	28,498	190,000	101635,392	102304,368	102305,367	102308,226	102308,546	102308,736	102309,205	36995,392	37384,368	37385,367	37388,226	37388,546	37388,736	37389,206	1,828	2,392	0,043	0,074	13,440	13,440	0,117	0,269	1,000	398,000	676,000	868,978	215,467
130,000	740,000	870,000	18,904	22,973	6,262	8,000	31,662	0,885	25,028	0,152	30,888	170,000	101635,392	102309,797	102310,797	102312,701	102312,902	102313,072	102313,645	36995,392	37389,797	37390,797	37392,701	37392,902	37393,072	37393,645	0,733	0,591	0,066	0,142	13,440	13,440	0,238	0,243	1,000	398,000	695,000	868,978	215,467
600,000	480,000	1080,000	18,825	41,667	9,218	4,000	30,906	1,114	24,731	0,449	30,538	200,000	101635,392	102314,245	102315,244	102318,537	102319,146	102319,346	102319,636	36995,392	37394,245	37395,244	37398,537	37399,146	37399,346	37399,636	0,958	0,731	0,453	0,301	13,440	13,440	1,902	1,611	1,000	402,000	695,000	868,978	215,467
30,000	470,000	500,000	17,893	63,830	20,140	3,000	32,868	2,976	22,942	2,238	32,989	300,000	101635,392	102320,232	102321,231	102322,316	102322,517	102322,817	102322,995	36995,392	37400,232	37401,232	37402,316	37402,517	37402,817	37402,995	2,139	2,171	1,783	1,590	13,440	13,440	7,992	9,808	1,000	429,000	675,000	868,978	215,467
70,000	350,000	420,000	18,390	62,857	13,047	2,000	33,728	1,476	24,632	0,548	33,513	220,000	101635,392	102348,243	102349,244	102350,856	102351,056	102351,276	102351,417	36995,392	37428,243	37429,244	37430,856	37431,056	37431,276	37431,417	1,099	1,044	0,495	0,374	13,440	13,440	7,207	0,872	1,000	416,000	687,000	868,978	215,467
430,000	350,000	780,000	17,650	42,857	15,339	3,000	32,772	1,419	24,092	1,088	32,676	150,000	101635,392	102352,004	102353,004	102356,968	102357,406	102357,556	102357,765	36995,392	37432,004	37433,004	37436,968	37437,406	37437,556	37437,765	1,014	0,985	0,780	0,769	13,440	13,440	2,124	1,644	1,000	425,000	659,000	868,978	215,467
780,000	30,000	810,000	18,844	0,000	0,000	0,000	29,646	0,000	25,180	0,000	29,646	0,000	101635,392	102437,530	102438,530	102439,633	102440,416	102440,416	102440,455	36995,392	37477,530	37478,530	37479,633	37480,416	37480,416	37480,456	0,000	0,000	0,000	0,000	13,440	13,440	NaN	NaN	1,000	391,000	685,000	868,978	215,467
90,000	310,000	400,000	17,990	48,387	1,554	2,000	31,786	0,194	25,113	0,067	31,800	150,000	101635,392	102441,048	102442,048	102445,553	102445,754	102445,904	102446,065	36995,392	37481,048	37482,048	37485,553	37485,754	37485,904	37486,066	0,141	0,141	0,066	0,047	13,440	13,440	0,227	0,368	1,000	422,000	673,000	868,978	215,467
350,000	50,000	400,000	18,884	0,000	0,328	0,000	29,807	0,014	25,180	0,000	29,745	0,000	101635,392	102529,007	102530,010	102533,843	102534,197	102534,197	102534,256	36995,392	37529,007	37530,010	37533,843	37534,197	37534,197	37534,256	0,030	0,000	0,003	0,000	13,440	13,440	0,028	NaN	1,000	397,000	693,000	868,978	215,467
130,000	20,000	150,000	18,626	0,000	0,000	0,000	30,509	0,000	25,180	0,000	30,509	0,000	101635,392	102534,843	102535,844	102537,185	102537,386	102537,386	102537,416	36995,392	37534,843	37535,844	37537,185	37537,386	37537,386	37537,416	0,000	0,000	0,000	0,000	13,440	13,440	NaN	NaN	1,000	406,000	689,000	868,978	215,467
200,000	160,000	360,000	10,984	93,750	13,304	0,000	48,492	0,786	24,396	0,784	48,492	150,000	101635,392	102538,004	102539,006	102540,432	102540,636	102540,787	102540,806	36995,392	37538,004	37539,006	37540,432	37540,637	37540,787	37540,806	0,508	0,422	0,507	0,423	13,440	13,440	NaN	0,333	1,000	622,000	518,000	868,978	215,467
110,000	20,000	130,000	18,607	0,000	0,000	0,000	30,199	0,000	25,180	0,000	30,199	0,000	101635,392	102600,055	102601,056	102602,131	102602,331	102602,331	102602,356	36995,392	37560,055	37561,056	37562,131	37562,331	37562,331	37562,356	0,000	0,000	0,000	0,000	13,440	13,440	NaN	NaN	1,000	394,000	676,000	868,978	215,467
60,000	380,000	440,000	15,385	42,105	10,410	2,000	41,744	1,496	24,909	0,271	42,026	160,000	101635,392	102644,056	102645,057	102646,143	102646,344	102646,504	102646,726	36995,392	37604,056	37605,057	37606,143	37606,344	37606,504	37606,726	0,958	1,099	0,211	0,156	13,440	13,440	3,334	0,555	1,000	489,000	609,000	868,978	215,467
450,000	230,000	680,000	23,862	78,261	2,322	2,000	13,804	0,215	24,971	0,209	13,726	180,000	101635,392	102716,022	102717,023	102718,803	102719,256	102719,436	102719,495	36995,392	37636,022	37637,023	37638,803	37639,256	37639,436	37639,495	0,508	0,084	0,481	0,085	13,440	13,440	0,052	0,533	1,000	167,000	692,000	868,978	215,467
30,000	20,000	50,000	19,642	0,000	0,000	0,000	27,634	0,000	25,180	0,000	27,634	0,000	101635,392	102722,375	102723,375	102726,147	102726,348	102726,348	102726,375	36995,392	37642,375	37643,375	37646,147	37646,348	37646,348	37646,376	0,000	0,000	0,000	0,000	13,440	13,440	NaN	NaN	1,000	367,000	701,000	868,978	215,467
160,000	170,000	330,000	17,912	94,118	3,310	0,000	34,022	0,314	24,866	0,314	34,022	160,000	101635,392	102726,965	102727,966	102730,010	102730,211	102730,371	102730,386	36995,392	37646,965	37647,966	37650,010	37650,211	37650,371	37650,386	0,396	0,114	0,396	0,114	13,440	13,440	NaN	2,752	1,000	427,000	674,000	868,978	215,467
1240,000	100,000	1340,000	19,760	0,000	0,304	0,000	27,372	0,013	25,180	0,000	27,308	0,000	101635,392	102753,715	102754,716	102756,215	102757,457	102757,457	102757,565	36995,392	37673,715	37674,716	37676,215	37677,457	37677,457	37677,566	0,030	0,000	0,000	0,000	13,440	13,440	0,029	NaN	1,000	365,000	705,000	868,978	215,467
30,000	80,000	110,000	18,506	0,000	0,337	0,000	30,727	0,015	25,180	0,000	30,665	0,000	101635,392	102819,528	102820,530	102822,891	102823,092	102823,092	102823,176	36995,392	37699,528	37700,530	37702,891	37703,092	37703,092	37703,176	0,030	0,000	0,000	0,000	13,440	13,440	0,033	NaN	1,000	401,000	678,000	868,978	215,467
300,000	290,000	590,000	19,382	62,069	6,061	2,000	30,311	0,630	24,962	0,218	30,222	180,000	101635,392	102823,766	102824,766	102828,086	102828,396	102828,576	102828,696	36995,392	37703,767	37704,767	37708,086	37708,396	37708,576	37708,696	0,397	0,481	0,128	0,182	13,440	13,440	4,557	0,700	1,000	388,000	709,000	868,978	215,467
30,000	40,000	70,000	17,453	0,000	0,540	0,000	33,390	0,024	25,178	0,002	33,430	0,000	101635,392	102829,384	102830,384	102831,437	102831,638	102831,638	102831,685	36995,392	37709,384	37710,384	37711,437	37711,638	37711,638	37711,685	0,000	0,029	0,000	0,003	13,440	13,440	0,024	NaN	1,000	437,000	661,000	868,978	215,467
1380,000	50,000	1430,000	19,003	0,000	0,929	0,000	28,805	0,047	25,177	0,003	28,830	0,000	101635,392	102909,220	102910,220	102913,449	102914,836	102914,836	102914,895	36995,392	37749,220	37750,220	37753,449	37754,836	37754,836	37754,895	0,019	0,032	0,000	0,003	13,440	13,440	0,149	NaN	1,000	390,000	692,000	868,978	215,467
560,000	180,000	740,000	19,724	72,222	0,584	2,000	28,093	0,052	25,141	0,039	28,031	130,000	101635,392	102947,844	102948,844	102950,299	102950,865	102950,995	102951,056	36995,392	37787,844	37788,844	37790,299	37790,865	37790,995	37791,056	0,058	0,028	0,032	0,028	13,440	13,440	0,014	0,161	1,000	385,000	723,000	868,978	215,467
30,000	130,000	160,000	18,372	0,000	0,819	0,000	31,231	0,040	25,180	0,000	31,207	0,000	101635,392	102952,286	102953,287	102955,236	102955,437	102955,437	102955,576	36995,392	37792,286	37793,287	37795,236	37795,437	37795,437	37795,576	0,029	0,029	0,000	0,000	13,440	13,440	0,212	NaN	1,000	419,000	689,000	868,978	215,467
100,000	20,000	120,000	18,307	0,000	0,000	0,000	31,211	0,000	25,180	0,000	31,211	0,000	101635,392	103036,934	103037,934	103040,223	103040,424	103040,424	103040,446	36995,392	37836,934	37837,934	37840,223	37840,424	37840,424	37840,446	0,000	0,000	0,000	0,000	13,440	13,440	NaN	NaN	1,000	412,000	679,000	868,978	215,467
220,000	40,000	260,000	18,003	0,000	0,347	0,000	32,498	0,015	25,179	0,001	32,522	0,000	101635,392	103110,080	103111,081	103112,293	103112,516	103112,516	103112,566	36995,392	37870,081	37871,081	37872,293	37872,516	37872,516	37872,566	0,000	0,000	0,000	0,000	13,440	13,440	0,016	NaN	1,000	435,000	686,000	868,978	215,467
550,000	880,000	1430,000	20,590	19,318	20,029	12,000	22,790	4,074	24,884	0,297	21,556	170,000	101635,392	103148,441	103149,441	103152,967	103153,526	103153,696	103154,736	36995,392	37908,441	37909,441	37912,967	37913,526	37913,696	37914,736	2,111	3,518	0,116	0,253	13,440	13,440	2,394	0,181	1,000	383,000	763,000	868,978	215,467
3010,000	20,000	3030,000	16,229	0,000	0,000	0,000	36,726	0,000	25,180	0,000	36,726	0,000	101635,392	103156,931	103157,930	103159,121	103202,136	103202,136	103202,166	36995,392	37916,931	37917,930	37919,121	37922,136	37922,136	37922,166	0,000	0,000	0,000	0,000	13,440	13,440	NaN	NaN	1,000	476,000	638,000	868,978	215,467
640,000	790,000	1430,000	16,599	26,582	4,983	7,000	32,481	1,434	24,986	0,194	31,923	210,000	101635,392	103227,233	103228,232	103230,159	103230,806	103231,016	103231,605	36995,392	37947,233	37948,233	37950,159	37950,806	37951,016	37951,605	0,992	1,083	0,132	0,152	13,440	13,440	2,469	0,553	1,000	459,000	640,000	868,978	215,467
