330,000	1100,000	1430,000	0,726	27,273	25,252	10,000	53,020	18,658	13,278	3,887	55,880	300,000	104052,495	104106,890	104107,893	104110,879	104111,219	104111,519	104112,330	38452,495	38466,891	38467,893	38470,880	38471,219	38471,519	38472,330	13,609	13,013	2,961	2,717	-13,440	13,440	3,621	14,668	1,000	547,000	206,000	571,022	215,467
520,000	910,000	1430,000	1,943	16,484	24,604	14,000	53,959	14,639	15,986	1,179	56,755	150,000	104052,495	104114,032	104115,032	104116,269	104116,790	104116,940	104117,710	38452,495	38474,032	38475,032	38476,269	38476,790	38476,940	38477,710	10,556	10,699	0,743	1,061	-13,440	13,440	14,350	8,963	1,000	633,000	246,000	571,022	215,467
410,000	380,000	790,000	18,092	34,211	4,421	3,000	56,371	0,873	16,694	0,471	56,521	130,000	104052,495	104119,840	104120,841	104121,875	104122,290	104122,420	104122,680	38452,495	38479,840	38480,841	38481,875	38482,290	38482,420	38482,680	0,536	0,731	0,280	0,417	-13,440	13,440	3,320	3,716	1,000	1035,000	661,000	571,022	215,467
960,000	470,000	1430,000	13,374	44,681	14,319	3,000	54,430	4,175	15,787	1,378	55,388	210,000	104052,495	104125,940	104126,942	104128,064	104129,029	104129,239	104129,510	38452,495	38485,940	38486,942	38488,064	38489,029	38489,239	38489,510	2,839	3,250	0,929	1,072	-13,440	13,440	5,352	7,225	1,000	907,000	552,000	571,022	215,467
390,000	1040,000	1430,000	0,447	30,769	25,384	10,000	53,213	18,051	13,177	3,988	56,145	320,000	104052,495	104133,638	104134,639	104137,872	104138,271	104138,591	104139,320	38452,495	38493,638	38494,639	38497,872	38498,271	38498,591	38499,320	13,093	12,773	2,964	2,876	-13,440	13,440	0,434	14,070	1,000	560,000	204,000	571,022	215,467
790,000	640,000	1430,000	7,331	32,812	25,638	5,000	54,429	9,068	15,921	1,245	56,006	210,000	104052,495	104140,705	104141,704	104144,261	104145,060	104145,270	104145,709	38452,495	38500,705	38501,704	38504,261	38505,060	38505,270	38505,709	6,715	6,532	0,888	1,028	-13,440	13,440	11,875	6,648	1,000	751,000	404,000	571,022	215,467
3010,000	20,000	3030,000	19,221	0,000	0,000	0,000	56,511	0,000	17,165	0,000	56,511	0,000	104052,495	104147,709	104148,709	104150,321	104153,339	104153,339	104153,370	38452,495	38507,709	38508,709	38510,321	38513,339	38513,339	38513,370	0,000	0,000	0,000	0,000	-13,440	13,440	NaN	NaN	1,000	1055,000	698,000	571,022	215,467
30,000	1400,000	1430,000	17,829	20,000	29,532	12,000	56,950	13,599	13,537	3,629	61,582	280,000	104052,495	104153,956	104154,958	104157,111	104157,312	104157,592	104158,720	38452,495	38513,956	38514,958	38517,111	38517,312	38517,592	38518,721	10,323	9,281	2,955	2,480	-13,440	13,440	17,852	16,954	1,000	1019,000	664,000	571,022	215,467
580,000	850,000	1430,000	2,863	31,765	24,415	6,000	54,337	14,209	13,924	3,241	56,498	270,000	104052,495	104200,835	104201,835	104203,664	104204,250	104204,520	104205,112	38452,495	38520,835	38521,835	38523,664	38524,250	38524,520	38525,112	10,536	9,871	2,511	2,242	-13,440	13,440	0,587	13,956	1,000	637,000	293,000	571,022	215,467
500,000	930,000	1430,000	12,380	15,054	12,540	8,000	55,088	6,273	17,119	0,047	56,559	140,000	104052,495	104207,272	104208,272	104210,757	104211,259	104211,399	104212,200	38452,495	38527,272	38528,272	38530,757	38531,259	38531,399	38532,200	4,618	4,475	0,000	0,085	-13,440	13,440	11,002	0,196	1,000	884,000	525,000	571,022	215,467
420,000	1010,000	1430,000	1,243	30,693	23,369	12,000	52,953	16,041	14,403	2,762	56,142	310,000	104052,495	104215,601	104216,601	104219,102	104219,529	104219,839	104220,549	38452,495	38535,601	38536,601	38539,102	38539,529	38539,839	38540,549	11,394	11,772	1,989	2,124	-13,440	13,440	7,957	11,128	1,000	612,000	232,000	571,022	215,467
460,000	970,000	1430,000	1,486	38,144	22,858	8,000	52,978	15,880	12,346	4,819	55,891	370,000	104052,495	104222,406	104223,405	104226,506	104226,970	104227,340	104227,950	38452,495	38542,406	38543,405	38546,506	38546,970	38547,340	38547,950	11,294	11,545	3,672	3,272	-13,440	13,440	1,588	13,064	1,000	611,000	250,000	571,022	215,467
930,000	170,000	1100,000	18,744	88,235	0,917	1,000	56,564	0,103	17,071	0,095	56,564	150,000	104052,495	104229,778	104230,780	104234,052	104234,989	104235,139	104235,171	38452,495	38549,778	38550,780	38554,052	38554,989	38555,139	38555,171	0,086	0,057	0,082	0,057	-13,440	13,440	NaN	0,513	1,000	1045,000	684,000	571,022	215,467
30,000	500,000	530,000	18,250	26,000	10,627	5,000	57,315	2,977	15,991	1,174	58,367	130,000	104052,495	104235,764	104236,764	104239,036	104239,237	104239,367	104239,740	38452,495	38555,764	38556,764	38559,036	38559,237	38559,367	38559,740	2,084	2,282	0,906	0,879	-13,440	13,440	7,335	10,305	1,000	1038,000	666,000	571,022	215,467
380,000	1050,000	1430,000	0,533	11,429	26,312	12,000	54,222	17,333	16,318	0,848	57,241	120,000	104052,495	104241,109	104242,111	104245,140	104245,530	104245,650	104246,590	38452,495	38561,109	38562,111	38565,140	38565,530	38565,650	38566,590	12,876	11,820	0,600	0,601	-13,440	13,440	3,821	7,103	1,000	567,000	234,000	571,022	215,467
920,000	510,000	1430,000	14,233	37,255	12,534	6,000	55,103	4,671	15,679	1,486	56,399	190,000	104052,495	104248,271	104249,271	104252,205	104253,131	104253,321	104253,649	38452,495	38568,271	38569,271	38572,205	38573,131	38573,321	38573,649	3,262	3,500	1,092	1,072	-13,440	13,440	0,526	8,556	1,000	937,000	565,000	571,022	215,467
970,000	460,000	1430,000	15,148	39,130	10,746	3,000	56,816	2,479	16,576	0,589	57,221	180,000	104052,495	104257,324	104258,324	104259,514	104300,489	104300,669	104300,961	38452,495	38577,324	38578,324	38579,514	38580,489	38580,669	38580,961	1,913	1,749	0,456	0,425	-13,440	13,440	5,584	2,824	1,000	960,000	588,000	571,022	215,467
1250,000	180,000	1430,000	16,817	77,778	4,686	1,000	57,145	0,711	16,654	0,512	57,009	140,000	104052,495	104304,516	104305,517	104307,804	104309,061	104309,201	104309,250	38452,495	38584,516	38585,517	38587,805	38589,061	38589,201	38589,250	0,570	0,516	0,394	0,371	-13,440	13,440	0,048	4,455	1,000	1000,000	632,000	571,022	215,467
1340,000	90,000	1430,000	17,651	0,000	6,265	0,000	56,597	0,465	17,160	0,005	56,761	0,000	104052,495	104312,445	104313,446	104317,101	104318,450	104318,450	104318,549	38452,495	38592,445	38593,446	38597,101	38598,450	38598,450	38598,549	0,358	0,357	0,003	0,005	-13,440	13,440	3,399	NaN	1,000	1018,000	656,000	571,022	215,467
1330,000	100,000	1430,000	16,885	0,000	8,438	0,000	57,267	0,718	17,158	0,007	57,796	0,000	104052,495	104321,801	104322,802	104325,551	104326,890	104326,890	104326,999	38452,495	38601,801	38602,802	38605,551	38606,890	38606,890	38606,999	0,521	0,531	0,003	0,005	-13,440	13,440	6,522	NaN	1,000	1010,000	625,000	571,022	215,467
30,000	20,000	50,000	18,566	0,000	0,000	0,000	56,885	0,000	17,165	0,000	56,885	0,000	104052,495	104330,159	104331,160	104332,424	104332,625	104332,625	104332,649	38452,495	38610,159	38611,160	38612,424	38612,625	38612,625	38612,649	0,000	0,000	0,000	0,000	-13,440	13,440	NaN	NaN	1,000	1041,000	679,000	571,022	215,467
230,000	20,000	250,000	18,825	0,000	0,000	0,000	56,195	0,000	17,165	0,000	56,195	0,000	104052,495	104336,041	104337,041	104339,363	104339,599	104339,599	104339,629	38452,495	38616,041	38617,041	38619,363	38619,599	38619,599	38619,630	0,000	0,000	0,000	0,000	-13,440	13,440	NaN	NaN	1,000	1038,000	695,000	571,022	215,467
520,000	910,000	1430,000	1,473	24,176	24,177	12,000	51,773	16,791	14,044	3,122	56,377	220,000	104052,495	104342,478	104343,478	104346,426	104346,951	104347,171	104347,869	38452,495	38622,478	38623,478	38626,426	38626,951	38627,171	38627,869	11,345	12,942	2,450	2,080	-13,440	13,440	1,703	16,020	1,000	623,000	209,000	571,022	215,467
930,000	500,000	1430,000	13,496	54,000	17,812	3,000	55,764	3,838	16,186	0,979	56,793	270,000	104052,495	104349,798	104350,798	104354,655	104355,590	104355,860	104356,100	38452,495	38629,798	38630,798	38634,655	38635,590	38635,860	38636,100	2,911	2,724	0,770	0,711	-13,440	13,440	8,334	6,809	1,000	916,000	549,000	571,022	215,467
1520,000	-50,000	1470,000	18,147	-0,000	0,000	0,000	0,000	0,000	17,165	0,000	0,000	0,000	104052,495	104358,314	104359,314	104402,431	104403,960	104403,960	104403,919	38452,495	38638,314	38639,314	38642,431	38643,960	38643,960	38643,919	0,000	0,000	0,000	0,000	-13,440	13,440	NaN	NaN	1,000	1028,000	671,000	571,022	215,467
1080,000	350,000	1430,000	15,546	42,857	7,941	2,000	56,260	2,035	16,569	0,597	56,629	150,000	104052,495	104406,590	104407,590	104410,231	104411,321	104411,471	104411,680	38452,495	38646,590	38647,590	38650,231	38651,321	38651,471	38651,680	1,450	1,587	0,397	0,493	-13,440	13,440	2,811	3,597	1,000	970,000	598,000	571,022	215,467
3010,000	20,000	3030,000	18,725	0,000	0,000	0,000	56,832	0,000	17,165	0,000	56,832	0,000	104052,495	104414,140	104415,142	104416,389	104419,401	104419,401	104419,429	38452,495	38654,140	38655,142	38656,389	38659,401	38659,401	38659,429	0,000	0,000	0,000	0,000	-13,440	13,440	NaN	NaN	1,000	1045,000	683,000	571,022	215,467
400,000	20,000	420,000	19,264	0,000	0,000	0,000	55,933	0,000	17,165	0,000	55,933	0,000	104052,495	104422,520	104423,520	104426,670	104427,079	104427,079	104427,109	38452,495	38662,520	38663,520	38666,671	38667,079	38667,079	38667,109	0,000	0,000	0,000	0,000	-13,440	13,440	NaN	NaN	1,000	1047,000	708,000	571,022	215,467
570,000	110,000	680,000	19,003	0,000	0,552	0,000	56,600	0,024	17,165	0,000	56,575	0,000	104052,495	104430,387	104431,389	104433,310	104433,890	104433,890	104434,009	38452,495	38670,387	38671,389	38673,310	38673,890	38673,890	38674,009	0,030	0,000	0,000	0,000	-13,440	13,440	0,053	NaN	1,000	1051,000	691,000	571,022	215,467
670,000	760,000	1430,000	10,176	21,053	19,954	11,000	55,518	6,848	17,094	0,071	57,181	160,000	104052,495	104437,306	104438,306	104441,394	104442,069	104442,229	104442,840	38452,495	38677,306	38678,306	38681,394	38682,069	38682,229	38682,840	5,147	4,818	0,095	0,000	-13,440	13,440	17,882	0,114	1,000	833,000	465,000	571,022	215,467
890,000	540,000	1430,000	9,880	50,000	22,768	3,000	53,732	6,931	14,478	2,687	55,341	270,000	104052,495	104444,657	104445,658	104448,627	104449,520	104449,790	104450,069	38452,495	38684,657	38685,658	38688,627	38689,520	38689,790	38690,069	4,816	5,429	1,975	1,964	-13,440	13,440	6,896	8,658	1,000	828,000	455,000	571,022	215,467
430,000	1000,000	1430,000	1,122	11,000	23,611	13,000	54,050	16,200	16,231	0,934	57,182	110,000	104052,495	104452,753	104453,753	104456,362	104456,799	104456,909	104457,809	38452,495	38692,753	38693,753	38696,362	38696,799	38696,909	38697,809	11,980	11,240	0,732	0,650	-13,440	13,440	5,938	8,659	1,000	591,000	250,000	571,022	215,467
540,000	890,000	1430,000	3,200	26,966	21,193	10,000	53,307	13,994	14,608	2,558	56,170	240,000	104052,495	104459,852	104500,851	104504,517	104505,060	104505,300	104505,959	38452,495	38699,852	38700,851	38704,517	38705,060	38705,300	38705,959	10,007	10,167	1,879	1,903	-13,440	13,440	1,767	12,152	1,000	657,000	290,000	571,022	215,467
460,000	970,000	1430,000	1,510	44,330	22,005	8,000	53,948	16,061	11,560	5,605	55,850	430,000	104052,495	104508,715	104509,715	104512,581	104513,049	104513,479	104514,030	38452,495	38708,715	38709,715	38712,581	38713,049	38713,479	38714,030	11,917	11,055	4,293	3,848	-13,440	13,440	4,044	12,475	1,000	596,000	263,000	571,022	215,467
880,000	550,000	1430,000	11,338	21,818	17,488	7,000	55,293	5,820	16,661	0,504	57,132	120,000	104052,495	104516,770	104517,769	104520,140	104521,029	104521,149	104521,589	38452,495	38716,770	38717,769	38720,140	38721,029	38721,149	38721,589	4,114	4,385	0,372	0,391	-13,440	13,440	10,057	4,009	1,000	869,000	487,000	571,022	215,467
760,000	670,000	1430,000	9,337	19,403	16,497	7,000	55,136	7,588	16,311	0,854	56,834	130,000	104052,495	104524,971	104525,970	104527,424	104528,189	104528,319	104528,873	38452,495	38724,971	38725,970	38727,424	38728,189	38728,319	38728,873	5,595	5,380	0,598	0,644	-13,440	13,440	8,760	6,467	1,000	806,000	450,000	571,022	215,467
550,000	880,000	1430,000	7,068	14,773	16,926	9,000	54,051	10,529	16,583	0,582	56,735	130,000	104052,495	104531,986	104532,986	104534,271	104534,831	104534,961	104535,722	38452,495	38731,986	38732,986	38734,271	38734,831	38734,961	38735,722	7,493	7,775	0,352	0,535	-13,440	13,440	8,752	4,494	1,000	761,000	380,000	571,022	215,467
480,000	950,000	1430,000	1,379	31,579	23,841	11,000	53,440	15,977	13,319	3,846	55,987	300,000	104052,495	104538,697	104539,698	104543,687	104544,169	104544,469	104545,130	38452,495	38738,697	38739,698	38743,687	38744,169	38744,469	38745,130	11,614	11,328	2,861	2,683	-13,440	13,440	1,723	12,667	1,000	600,000	255,000	571,022	215,467
540,000	890,000	1430,000	3,819	50,562	21,868	5,000	53,338	13,808	11,495	5,670	55,311	450,000	104052,495	104546,909	104547,909	104549,966	104550,510	104550,959	104551,409	38452,495	38746,909	38747,909	38749,966	38750,510	38750,960	38751,409	9,950	9,957	4,185	4,087	-13,440	13,440	1,245	13,099	1,000	674,000	304,000	571,022	215,467
390,000	1040,000	1430,000	1,921	13,462	21,238	15,000	53,398	15,423	16,428	0,737	56,471	140,000	104052,495	104553,672	104554,672	104556,273	104556,670	104556,810	104557,720	38452,495	38753,672	38754,672	38756,273	38756,670	38756,810	38757,720	11,200	11,020	0,516	0,602	-13,440	13,440	9,436	5,036	1,000	621,000	262,000	571,022	215,467
