370,000	1060,000	1430,000	2,102	24,528	34,963	5,000	54,448	17,950	13,577	3,588	55,954	260,000	80457,124	80547,825	80548,825	80550,587	80550,963	80551,223	80552,035	29097,124	29147,825	29148,825	29150,587	29150,963	29151,223	29152,035	13,895	11,341	2,805	2,360	-13,440	13,440	12,591	13,832	1,000	537,000	282,000	571,022	215,467
330,000	1100,000	1430,000	0,775	20,909	28,619	6,000	53,641	18,335	13,843	3,322	55,562	230,000	80457,124	80556,429	80557,430	80559,058	80559,395	80559,625	80600,504	29097,124	29156,430	29157,430	29159,058	29159,395	29159,625	29160,504	13,561	12,487	2,275	2,652	-13,440	13,440	13,020	15,249	1,000	547,000	229,000	571,022	215,467
310,000	1120,000	1430,000	0,922	13,393	33,378	13,000	53,435	17,769	14,263	2,903	55,917	150,000	80457,124	80604,012	80605,013	80607,637	80607,954	80608,104	80609,084	29097,124	29164,012	29165,013	29167,637	29167,954	29168,104	29169,084	13,134	12,139	2,143	2,187	-13,440	13,440	16,238	20,354	1,000	567,000	248,000	571,022	215,467
360,000	1070,000	1430,000	1,153	15,888	31,956	12,000	53,731	18,039	14,296	2,870	56,142	170,000	80457,124	80613,952	80614,952	80618,570	80618,935	80619,105	80620,014	29097,124	29173,952	29174,952	29178,570	29178,935	29179,105	29180,014	13,524	12,072	2,250	1,990	-13,440	13,440	15,909	18,293	1,000	557,000	254,000	571,022	215,467
30,000	20,000	50,000	18,963	0,000	0,000	0,000	56,437	0,000	17,165	0,000	56,437	0,000	80457,124	80624,604	80625,605	80627,231	80627,432	80627,432	80627,454	29097,124	29184,604	29185,605	29187,231	29187,432	29187,432	29187,454	0,000	0,000	0,000	0,000	-13,440	13,440	NaN	NaN	1,000	1046,000	694,000	571,022	215,467
30,000	20,000	50,000	19,348	0,000	0,000	0,000	55,557	0,000	17,165	0,000	55,557	0,000	80457,124	80632,606	80633,606	80635,583	80635,784	80635,784	80635,814	29097,124	29192,606	29193,606	29195,583	29195,784	29195,784	29195,814	0,000	0,000	0,000	0,000	-13,440	13,440	NaN	NaN	1,000	1044,000	715,000	571,022	215,467
120,000	1310,000	1430,000	1,562	12,977	44,464	10,000	53,423	19,853	16,986	0,180	55,815	170,000	80457,124	80640,398	80641,400	80644,873	80645,075	80645,245	80646,394	29097,124	29200,399	29201,400	29204,873	29205,075	29205,245	29206,394	15,105	12,978	0,176	0,056	-13,440	13,440	1,057	0,115	1,000	532,000	255,000	571,022	215,467
250,000	1170,000	1420,000	0,486	19,658	33,246	12,000	53,259	19,146	13,751	3,414	55,379	230,000	80457,124	80648,868	80649,869	80652,539	80652,794	80653,024	80653,974	29097,124	29208,868	29209,869	29212,539	29212,794	29213,024	29213,974	14,093	13,192	2,355	2,838	-13,440	13,440	16,443	21,211	1,000	556,000	224,000	571,022	215,467
310,000	1120,000	1430,000	0,435	27,679	36,870	10,000	52,247	18,899	9,431	7,735	53,142	310,000	80457,124	80657,863	80658,863	80700,761	80701,073	80701,383	80702,204	29097,124	29217,863	29218,863	29220,761	29221,074	29221,384	29222,204	13,530	13,446	5,145	6,351	-13,440	13,440	26,807	30,213	1,000	557,000	222,000	571,022	215,467
310,000	1120,000	1430,000	0,903	21,429	26,684	13,000	52,281	16,957	12,748	4,417	53,979	240,000	80457,124	80706,253	80707,253	80709,544	80709,864	80710,104	80710,994	29097,124	29226,253	29227,253	29229,544	29229,864	29230,104	29230,994	12,022	12,265	2,873	3,706	-13,440	13,440	14,213	22,051	1,000	581,000	246,000	571,022	215,467
390,000	1040,000	1430,000	2,735	22,115	22,834	9,000	52,468	15,198	13,751	3,414	54,870	230,000	80457,124	80715,731	80716,731	80720,132	80720,525	80720,755	80721,575	29097,124	29235,732	29236,732	29240,132	29240,525	29240,755	29241,575	10,647	11,204	2,277	2,834	-13,440	13,440	10,426	16,865	1,000	641,000	283,000	571,022	215,467
30,000	1400,000	1430,000	1,403	19,286	28,504	15,000	52,018	17,311	13,751	3,414	54,326	270,000	80457,124	80726,920	80727,920	80730,302	80730,503	80730,773	80731,904	29097,124	29246,920	29247,920	29250,302	29250,503	29250,773	29251,904	12,218	12,672	2,216	3,007	-13,440	13,440	16,782	21,051	1,000	607,000	250,000	571,022	215,467
30,000	90,000	120,000	19,157	0,000	1,488	0,000	55,377	0,072	17,165	0,000	55,299	0,000	80457,124	80735,362	80736,364	80737,857	80738,057	80738,057	80738,154	29097,124	29255,362	29256,364	29257,857	29258,058	29258,058	29258,154	0,088	0,000	0,000	0,000	-13,440	13,440	0,434	NaN	1,000	1033,000	716,000	571,022	215,467
360,000	1070,000	1430,000	0,623	15,888	28,589	13,000	52,199	17,641	14,219	2,946	54,810	170,000	80457,124	80743,911	80744,911	80747,875	80748,245	80748,414	80749,325	29097,124	29263,911	29264,911	29267,876	29268,245	29268,415	29269,325	12,385	12,923	1,840	2,661	-13,440	13,440	16,557	19,268	1,000	591,000	225,000	571,022	215,467
300,000	1130,000	1430,000	0,811	47,788	32,512	11,000	51,161	17,214	5,235	11,931	51,041	540,000	80457,124	80754,681	80755,681	80757,737	80758,044	80758,584	80759,184	29097,124	29274,681	29275,681	29277,737	29278,044	29278,584	29279,184	11,695	13,066	7,535	9,867	-13,440	13,440	8,018	15,066	1,000	597,000	228,000	571,022	215,467
420,000	1010,000	1430,000	1,585	19,802	30,755	12,000	52,007	16,941	13,781	3,384	53,945	200,000	80457,124	80803,044	80804,044	80807,029	80807,454	80807,654	80808,475	29097,124	29283,044	29284,044	29287,029	29287,454	29287,654	29288,475	11,899	12,341	1,992	3,119	-13,440	13,440	16,992	20,839	1,000	608,000	258,000	571,022	215,467
320,000	1110,000	1430,000	0,705	24,324	33,452	12,000	52,114	17,228	10,804	6,361	52,896	270,000	80457,124	80814,196	80815,197	80818,654	80818,984	80819,254	80820,104	29097,124	29294,196	29295,197	29298,654	29298,984	29299,254	29300,104	12,099	12,596	3,878	5,632	-13,440	13,440	22,513	29,461	1,000	582,000	238,000	571,022	215,467
310,000	1120,000	1430,000	0,310	13,393	34,549	10,000	51,422	18,102	14,477	2,688	54,424	150,000	80457,124	80826,321	80827,321	80829,707	80830,023	80830,173	80831,154	29097,124	29306,321	29307,321	29309,707	29310,023	29310,173	29311,154	12,522	13,388	1,728	2,324	-13,440	13,440	14,904	18,846	1,000	578,000	224,000	571,022	215,467
560,000	870,000	1430,000	1,441	16,092	32,586	12,000	52,178	16,058	14,307	2,858	54,329	140,000	80457,124	80835,080	80836,080	80837,869	80838,435	80838,575	80839,315	29097,124	29315,080	29316,080	29317,869	29318,435	29318,575	29319,315	11,046	12,046	1,548	2,851	-13,440	13,440	13,714	20,293	1,000	616,000	240,000	571,022	215,467
450,000	980,000	1430,000	0,774	16,327	31,652	9,000	51,477	17,177	14,250	2,915	54,076	160,000	80457,124	80842,767	80843,768	80845,629	80846,084	80846,244	80847,074	29097,124	29322,767	29323,768	29325,629	29326,084	29326,244	29327,074	11,825	12,878	1,737	2,753	-13,440	13,440	14,703	18,927	1,000	596,000	227,000	571,022	215,467
570,000	860,000	1430,000	2,280	15,116	33,112	7,000	52,013	15,837	14,719	2,446	54,895	130,000	80457,124	80852,778	80853,778	80856,363	80856,946	80857,076	80857,814	29097,124	29332,778	29333,778	29336,363	29336,946	29337,076	29337,814	11,041	11,724	1,628	2,130	-13,440	13,440	19,397	20,617	1,000	631,000	270,000	571,022	215,467
370,000	1060,000	1430,000	0,807	13,208	31,802	11,000	52,121	16,853	14,607	2,558	55,226	140,000	80457,124	80902,323	80903,322	80907,205	80907,584	80907,724	80908,654	29097,124	29342,323	29343,322	29347,206	29347,585	29347,725	29348,654	11,823	12,376	1,751	2,160	-13,440	13,440	12,190	20,483	1,000	590,000	237,000	571,022	215,467
30,000	1400,000	1430,000	0,422	19,286	29,249	16,000	50,883	18,862	14,264	2,902	53,881	270,000	80457,124	80913,125	80914,125	80917,742	80917,942	80918,212	80919,344	29097,124	29353,125	29354,126	29357,742	29357,942	29358,212	29359,344	12,903	14,231	1,799	2,681	-13,440	13,440	15,803	17,331	1,000	585,000	210,000	571,022	215,467
340,000	1090,000	1430,000	0,698	12,844	33,231	9,000	50,614	18,089	14,249	2,916	54,065	140,000	80457,124	80922,451	80923,451	80927,086	80927,434	80927,574	80928,534	29097,124	29362,451	29363,451	29367,086	29367,434	29367,574	29368,534	12,038	13,953	1,768	2,629	-13,440	13,440	18,358	22,678	1,000	595,000	209,000	571,022	215,467
30,000	40,000	70,000	19,553	0,000	0,532	0,000	55,274	0,024	17,163	0,002	55,327	0,000	80457,124	80932,269	80933,268	80936,212	80936,413	80936,413	80936,465	29097,124	29372,269	29373,268	29376,212	29376,413	29376,413	29376,465	0,000	0,000	0,000	0,000	-13,440	13,440	0,024	NaN	1,000	1044,000	725,000	571,022	215,467
840,000	590,000	1430,000	0,799	22,034	42,902	6,000	51,571	16,788	14,194	2,971	54,066	130,000	80457,124	80941,846	80942,846	80944,152	80944,994	80945,124	80945,594	29097,124	29381,846	29382,846	29384,152	29384,994	29385,124	29385,594	11,518	12,620	1,842	2,634	-13,440	13,440	3,898	23,512	1,000	597,000	227,000	571,022	215,467
30,000	20,000	50,000	19,426	0,000	0,000	0,000	55,633	0,000	17,165	0,000	55,633	0,000	80457,124	80950,059	80951,059	80953,096	80953,296	80953,296	80953,325	29097,124	29390,059	29391,059	29393,096	29393,296	29393,296	29393,325	0,000	0,000	0,000	0,000	-13,440	13,440	NaN	NaN	1,000	1047,000	716,000	571,022	215,467
500,000	930,000	1430,000	1,314	15,054	34,181	14,000	50,608	16,994	14,305	2,860	53,953	140,000	80457,124	80958,243	80959,244	81002,778	81003,285	81003,425	81004,223	29097,124	29398,244	29399,244	29402,778	29403,285	29403,425	29404,223	11,381	13,074	1,850	2,530	-13,440	13,440	16,336	22,636	1,000	613,000	236,000	571,022	215,467
30,000	30,000	60,000	19,244	0,000	0,000	0,000	54,997	0,000	17,165	0,000	54,997	0,000	80457,124	81007,470	81008,470	81011,997	81012,198	81012,198	81012,234	29097,124	29407,471	29408,470	29411,997	29412,198	29412,198	29412,234	0,000	0,000	0,000	0,000	-13,440	13,440	NaN	NaN	1,000	1031,000	722,000	571,022	215,467
430,000	1000,000	1430,000	0,298	14,000	30,513	13,000	52,191	18,529	14,485	2,680	54,875	140,000	80457,124	81017,667	81018,667	81020,458	81020,895	81021,035	81021,904	29097,124	29417,667	29418,667	29420,458	29420,895	29421,035	29421,904	13,174	13,276	1,752	2,295	-13,440	13,440	21,914	21,380	1,000	570,000	226,000	571,022	215,467
290,000	1140,000	1430,000	0,660	12,281	32,939	9,000	51,283	17,527	14,641	2,525	54,779	140,000	80457,124	81027,023	81028,024	81031,374	81031,674	81031,814	81032,824	29097,124	29427,023	29428,024	29431,374	29431,674	29431,814	29432,824	12,020	13,102	1,720	2,068	-13,440	13,440	19,354	21,047	1,000	592,000	226,000	571,022	215,467
470,000	960,000	1430,000	0,663	14,583	33,537	11,000	50,630	16,835	14,310	2,856	53,969	140,000	80457,124	81036,121	81037,121	81038,621	81039,094	81039,234	81040,064	29097,124	29436,121	29437,121	29438,621	29439,094	29439,234	29440,064	11,322	12,904	1,891	2,415	-13,440	13,440	13,440	21,066	1,000	591,000	228,000	571,022	215,467
160,000	20,000	180,000	19,627	0,000	0,000	0,000	55,450	0,000	17,165	0,000	55,450	0,000	80457,124	81042,623	81043,624	81045,856	81046,057	81046,057	81046,083	29097,124	29442,623	29443,624	29445,857	29446,057	29446,057	29446,084	0,000	0,000	0,000	0,000	-13,440	13,440	NaN	NaN	1,000	1050,000	723,000	571,022	215,467
390,000	810,000	1200,000	0,938	19,753	32,526	10,000	51,131	17,658	14,129	3,036	54,320	160,000	80457,124	81050,655	81051,655	81054,510	81054,906	81055,066	81055,723	29097,124	29450,655	29451,655	29454,510	29454,906	29455,066	29455,724	12,011	13,304	2,019	2,535	-13,440	13,440	17,756	19,589	1,000	600,000	232,000	571,022	215,467
470,000	680,000	1150,000	0,737	35,294	43,349	4,000	51,398	17,622	10,792	6,373	53,919	240,000	80457,124	81058,234	81059,234	81101,886	81102,365	81102,605	81103,053	29097,124	29458,234	29459,234	29461,886	29462,365	29462,605	29463,054	12,068	13,193	4,435	5,060	-13,440	13,440	27,882	32,121	1,000	595,000	226,000	571,022	215,467
300,000	1130,000	1430,000	0,284	15,929	34,371	11,000	50,645	18,268	13,715	3,450	54,468	180,000	80457,124	81108,944	81109,943	81111,975	81112,284	81112,464	81113,424	29097,124	29468,944	29469,943	29471,975	29472,284	29472,464	29473,424	12,408	13,815	2,524	2,643	-13,440	13,440	18,977	22,737	1,000	581,000	217,000	571,022	215,467
370,000	1060,000	1430,000	0,494	38,679	51,372	5,000	50,631	18,416	4,259	12,906	52,364	410,000	80457,124	81116,467	81117,468	81120,692	81121,065	81121,475	81122,134	29097,124	29476,467	29477,468	29480,692	29481,065	29481,475	29482,134	12,686	13,683	9,324	9,374	-13,440	13,440	40,810	42,911	1,000	577,000	232,000	571,022	215,467
330,000	1100,000	1430,000	0,146	20,909	42,428	14,000	51,469	17,756	10,973	6,192	54,355	230,000	80457,124	81125,611	81126,611	81128,436	81128,773	81129,004	81129,884	29097,124	29485,611	29486,611	29488,436	29488,774	29489,004	29489,884	12,264	13,126	4,469	4,647	-13,440	13,440	27,135	29,852	1,000	576,000	217,000	571,022	215,467
360,000	1070,000	1430,000	0,590	13,084	38,751	8,000	51,062	17,477	14,740	2,426	55,079	140,000	80457,124	81133,864	81134,863	81137,602	81137,965	81138,105	81139,044	29097,124	29493,864	29494,863	29497,602	29497,965	29498,105	29499,044	11,887	13,235	1,757	1,911	-13,440	13,440	13,172	17,716	1,000	592,000	216,000	571,022	215,467
170,000	1260,000	1430,000	0,781	23,810	40,741	13,000	51,606	18,922	13,715	3,451	54,665	300,000	80457,124	81142,112	81143,112	81146,174	81146,376	81146,676	81147,644	29097,124	29502,112	29503,112	29506,175	29506,376	29506,676	29507,644	13,569	13,457	2,672	2,498	-13,440	13,440	19,012	20,888	1,000	548,000	231,000	571,022	215,467
