270,000	420,000	690,000	19,043	35,714	4,528	4,000	35,799	0,975	25,102	0,078	33,232	150,000	113612,109	113703,078	113704,089	113707,076	113707,355	113707,505	113707,786	41772,109	41823,078	41824,089	41827,076	41827,355	41827,505	41827,786	1,577	0,085	0,140	0,010	13,440	13,440	3,493	0,302	1,000	393,000	697,000	868,978	215,467
150,000	620,000	770,000	7,229	37,097	15,411	6,000	63,780	2,942	23,232	1,948	65,618	230,000	113612,109	113708,381	113709,382	113711,541	113711,741	113711,971	113712,365	41772,109	41828,381	41829,382	41831,541	41831,741	41831,971	41832,365	1,857	2,646	1,333	1,499	13,440	13,440	2,197	4,903	1,000	723,000	427,000	868,978	215,467
30,000	20,000	50,000	18,574	0,000	0,000	0,000	30,891	0,000	25,180	0,000	30,891	0,000	113612,109	113714,104	113715,104	113716,606	113716,807	113716,807	113716,835	41772,109	41834,104	41835,104	41836,606	41836,807	41836,807	41836,835	0,000	0,000	0,000	0,000	13,440	13,440	NaN	NaN	1,000	417,000	697,000	868,978	215,467
420,000	1010,000	1430,000	5,039	13,861	30,586	15,000	36,373	13,424	24,058	1,122	33,114	140,000	113612,109	113724,563	113725,562	113728,503	113728,926	113729,066	113729,945	41772,109	41844,563	41845,562	41848,503	41848,926	41849,066	41849,945	9,474	9,783	1,049	0,679	13,440	13,440	2,602	7,084	1,000	775,000	368,000	868,978	215,467
30,000	1400,000	1430,000	1,876	19,286	20,058	16,000	35,384	15,834	24,154	1,026	32,163	270,000	113612,109	113733,163	113734,163	113736,018	113736,218	113736,488	113737,625	41772,109	41853,164	41854,163	41856,018	41856,218	41856,488	41857,625	10,568	12,018	0,883	0,697	13,440	13,440	1,605	7,000	1,000	816,000	256,000	868,978	215,467
420,000	1010,000	1430,000	4,685	14,851	19,076	12,000	36,341	12,553	23,888	1,292	33,217	150,000	113612,109	113740,147	113741,146	113744,086	113744,515	113744,665	113745,535	41772,109	41860,147	41861,146	41864,086	41864,515	41864,665	41865,535	8,862	9,157	1,057	0,893	13,440	13,440	0,638	9,518	1,000	763,000	344,000	868,978	215,467
430,000	1000,000	1430,000	6,101	14,000	17,883	10,000	35,393	11,535	24,205	0,975	32,481	140,000	113612,109	113748,705	113749,707	113753,404	113753,836	113753,976	113754,845	41772,109	41868,705	41869,707	41873,404	41873,836	41873,976	41874,845	7,740	8,705	0,600	0,754	13,440	13,440	7,278	6,840	1,000	722,000	375,000	868,978	215,467
450,000	980,000	1430,000	6,371	17,347	18,912	10,000	37,378	10,905	23,881	1,299	34,003	170,000	113612,109	113758,776	113759,777	113803,415	113803,874	113804,044	113804,865	41772,109	41878,776	41879,777	41883,415	41883,874	41884,044	41884,865	8,119	7,606	1,113	0,846	13,440	13,440	3,054	7,138	1,000	739,000	401,000	868,978	215,467
410,000	1020,000	1430,000	5,240	12,745	20,094	10,000	34,984	12,773	24,315	0,865	31,880	130,000	113612,109	113808,280	113809,279	113811,416	113811,834	113811,964	113812,865	41772,109	41888,280	41889,279	41891,416	41891,834	41891,964	41892,865	8,521	9,662	0,647	0,608	13,440	13,440	2,224	7,294	1,000	749,000	358,000	868,978	215,467
480,000	950,000	1430,000	5,365	40,000	18,106	9,000	35,234	12,241	20,397	4,783	33,121	380,000	113612,109	113816,848	113817,849	113819,206	113819,696	113820,076	113820,656	41772,109	41896,848	41897,849	41899,206	41899,696	41900,076	41900,656	8,358	9,185	3,231	3,657	13,440	13,440	0,096	13,873	1,000	740,000	356,000	868,978	215,467
410,000	1020,000	1430,000	4,552	18,627	22,642	10,000	34,795	13,869	24,123	1,057	32,306	190,000	113612,109	113823,696	113824,696	113826,668	113827,084	113827,274	113828,115	41772,109	41903,696	41904,696	41906,668	41907,084	41907,274	41908,115	9,199	10,543	0,995	0,648	13,440	13,440	8,114	6,151	1,000	748,000	323,000	868,978	215,467
30,000	40,000	70,000	18,287	0,000	0,336	0,000	31,310	0,015	25,179	0,001	31,333	0,000	113612,109	113832,423	113833,424	113835,958	113836,159	113836,159	113836,205	41772,109	41912,423	41913,424	41915,958	41916,160	41916,160	41916,205	0,000	0,000	0,000	0,000	13,440	13,440	0,015	NaN	1,000	413,000	679,000	868,978	215,467
470,000	960,000	1430,000	7,489	23,958	14,925	13,000	34,319	9,846	22,758	2,422	33,266	230,000	113612,109	113840,540	113841,541	113845,230	113845,705	113845,935	113846,677	41772,109	41920,540	41921,541	41925,230	41925,705	41925,935	41926,677	6,264	7,671	1,686	1,817	13,440	13,440	2,160	9,967	1,000	678,000	401,000	868,978	215,467
70,000	70,000	140,000	19,083	0,000	0,330	0,000	30,002	0,014	25,180	0,000	29,942	0,000	113612,109	113850,244	113851,245	113854,258	113854,459	113854,459	113854,535	41772,109	41930,244	41931,245	41934,259	41934,459	41934,459	41934,535	0,030	0,000	0,000	0,000	13,440	13,440	0,032	NaN	1,000	412,000	717,000	868,978	215,467
590,000	840,000	1430,000	9,688	29,762	13,730	7,000	33,467	8,416	23,334	1,847	31,154	250,000	113612,109	113859,873	113900,873	113902,422	113903,015	113903,265	113903,865	41772,109	41939,873	41940,873	41942,422	41943,015	41943,265	41943,865	5,774	6,335	1,194	1,451	13,440	13,440	4,521	8,424	1,000	638,000	471,000	868,978	215,467
570,000	860,000	1430,000	7,626	29,070	18,009	10,000	39,413	8,368	23,156	2,025	35,527	250,000	113612,109	113909,997	113910,998	113914,827	113915,405	113915,655	113916,275	41772,109	41949,997	41950,998	41954,827	41955,405	41955,655	41956,275	6,605	5,552	1,335	1,596	13,440	13,440	0,817	7,854	1,000	717,000	440,000	868,978	215,467
570,000	860,000	1430,000	9,282	40,698	14,733	5,000	33,732	8,760	22,825	2,355	31,326	350,000	113612,109	113919,059	113920,059	113922,914	113923,485	113923,835	113924,354	41772,109	41959,059	41960,059	41962,914	41963,485	41963,835	41964,354	6,053	6,588	1,609	1,825	13,440	13,440	6,977	6,737	1,000	643,000	456,000	868,978	215,467
450,000	980,000	1430,000	6,188	30,612	20,393	9,000	32,784	12,081	21,995	3,185	31,241	300,000	113612,109	113929,308	113930,307	113931,666	113932,126	113932,426	113933,116	41772,109	41969,308	41970,307	41971,666	41972,126	41972,426	41973,116	7,149	9,774	1,761	2,675	13,440	13,440	5,834	13,387	1,000	689,000	342,000	868,978	215,467
480,000	950,000	1430,000	9,199	22,105	14,710	11,000	33,563	8,642	23,737	1,443	31,297	210,000	113612,109	113936,136	113937,136	113940,542	113941,025	113941,235	113941,985	41772,109	41976,136	41977,136	41980,542	41981,025	41981,235	41981,985	5,715	6,629	0,940	1,114	13,440	13,440	1,823	7,022	1,000	641,000	450,000	868,978	215,467
490,000	940,000	1430,000	9,662	43,617	12,370	9,000	34,076	7,976	22,356	2,824	32,375	410,000	113612,109	113946,278	113947,279	113950,614	113951,104	113951,514	113952,055	41772,109	41986,278	41987,279	41990,614	41991,104	41991,514	41992,055	5,305	6,097	1,726	2,286	13,440	13,440	0,788	9,621	1,000	635,000	467,000	868,978	215,467
390,000	1040,000	1430,000	8,152	25,000	16,332	11,000	34,690	9,521	23,803	1,377	31,803	260,000	113612,109	113955,961	113956,962	113958,158	113958,554	113958,814	113959,605	41772,109	41995,961	41996,962	41998,158	41998,554	41998,814	41999,605	6,451	7,123	0,823	1,055	13,440	13,440	2,132	4,058	1,000	673,000	429,000	868,978	215,467
30,000	1400,000	1430,000	3,809	18,571	19,192	10,000	41,294	11,294	24,817	0,363	38,984	260,000	113612,109	114003,585	114004,585	114006,543	114006,744	114007,004	114008,144	41772,109	42003,585	42004,585	42006,543	42006,744	42007,004	42008,144	8,368	7,771	0,405	0,175	13,440	13,440	10,683	1,841	1,000	800,000	332,000	868,978	215,467
370,000	1060,000	1430,000	3,756	26,415	21,223	9,000	36,024	14,043	22,710	2,470	31,775	280,000	113612,109	114011,293	114012,293	114014,926	114015,309	114015,589	114016,375	41772,109	42011,293	42012,293	42014,926	42015,309	42015,589	42016,375	10,162	10,190	1,849	1,796	13,440	13,440	3,222	11,398	1,000	794,000	326,000	868,978	215,467
350,000	1080,000	1430,000	8,472	24,074	18,382	10,000	32,374	9,905	23,337	1,843	31,514	260,000	113612,109	114019,117	114020,117	114022,698	114023,055	114023,315	114024,146	41772,109	42019,117	42020,117	42022,698	42023,055	42023,315	42024,146	6,013	7,927	1,393	1,308	13,440	13,440	0,472	6,849	1,000	639,000	410,000	868,978	215,467
350,000	1080,000	1430,000	5,270	21,296	19,054	9,000	36,286	12,206	23,623	1,557	32,015	230,000	113612,109	114028,883	114029,883	114031,755	114032,115	114032,345	114033,206	41772,109	42028,883	42029,884	42031,755	42032,115	42032,345	42033,206	9,067	8,705	1,367	1,029	13,440	13,440	0,715	7,662	1,000	766,000	372,000	868,978	215,467
340,000	1090,000	1430,000	5,064	16,514	19,702	14,000	34,126	12,402	23,915	1,265	31,824	180,000	113612,109	114036,738	114037,738	114039,445	114039,796	114039,976	114040,895	41772,109	42036,738	42037,738	42039,445	42039,796	42039,976	42040,895	8,130	9,563	1,167	0,777	13,440	13,440	1,030	8,765	1,000	738,000	339,000	868,978	215,467
240,000	20,000	260,000	18,872	0,000	0,000	0,000	30,155	0,000	25,180	0,000	30,155	0,000	113612,109	114043,627	114044,627	114047,337	114047,585	114047,585	114047,614	41772,109	42043,627	42044,627	42047,337	42047,585	42047,585	42047,614	0,000	0,000	0,000	0,000	13,440	13,440	NaN	NaN	1,000	409,000	704,000	868,978	215,467
170,000	20,000	190,000	18,777	0,000	0,000	0,000	30,483	0,000	25,180	0,000	30,483	0,000	113612,109	114053,214	114054,214	114056,834	114057,034	114057,034	114057,065	41772,109	42053,214	42054,214	42056,834	42057,034	42057,034	42057,065	0,000	0,000	0,000	0,000	13,440	13,440	NaN	NaN	1,000	415,000	705,000	868,978	215,467
530,000	900,000	1430,000	8,284	36,667	17,211	5,000	34,047	8,950	22,173	3,007	32,175	330,000	113612,109	114101,101	114102,101	114106,022	114106,556	114106,886	114107,465	41772,109	42061,101	42062,101	42066,022	42066,556	42066,886	42067,465	5,814	6,937	1,720	2,495	13,440	13,440	1,801	11,362	1,000	663,000	426,000	868,978	215,467
110,000	1320,000	1430,000	7,730	23,485	17,784	12,000	33,344	10,658	24,437	0,744	31,493	310,000	113612,109	114110,699	114111,700	114115,385	114115,586	114115,896	114116,914	41772,109	42070,699	42071,700	42075,385	42075,586	42075,896	42076,915	6,916	8,272	0,845	0,403	13,440	13,440	1,601	4,271	1,000	660,000	394,000	868,978	215,467
570,000	170,000	740,000	18,487	94,118	5,033	0,000	33,327	0,471	24,710	0,470	33,327	160,000	113612,109	114120,098	114121,098	114124,191	114124,767	114124,927	114124,945	41772,109	42080,098	42081,098	42084,191	42084,767	42084,927	42084,945	0,594	0,141	0,594	0,142	13,440	13,440	NaN	2,081	1,000	409,000	685,000	868,978	215,467
440,000	990,000	1430,000	6,387	19,192	18,955	11,000	36,738	10,302	24,891	0,289	32,316	190,000	113612,109	114129,391	114130,391	114132,762	114133,206	114133,396	114134,206	41772,109	42089,391	42090,391	42092,762	42093,206	42093,396	42094,206	7,828	7,219	0,475	0,019	13,440	13,440	15,642	1,114	1,000	738,000	401,000	868,978	215,467
60,000	1370,000	1430,000	8,526	16,788	13,395	17,000	37,970	8,651	25,039	0,141	30,339	230,000	113612,109	114137,824	114138,824	114142,687	114142,888	114143,118	114144,266	41772,109	42097,824	42098,824	42102,687	42102,888	42103,118	42104,266	7,787	5,283	0,095	0,114	13,440	13,440	11,384	0,648	1,000	714,000	476,000	868,978	215,467
360,000	1070,000	1430,000	6,240	22,430	22,448	7,000	37,080	10,905	24,718	0,462	32,771	240,000	113612,109	114147,001	114148,003	114151,086	114151,455	114151,695	114152,535	41772,109	42107,002	42108,003	42111,086	42111,455	42111,695	42112,535	8,535	7,414	0,718	0,124	13,440	13,440	4,309	2,514	1,000	740,000	396,000	868,978	215,467
710,000	720,000	1430,000	6,826	65,278	20,327	3,000	38,282	9,504	20,134	5,046	36,525	470,000	113612,109	114154,816	114155,816	114157,245	114157,965	114158,435	114158,695	41772,109	42114,816	42115,816	42117,245	42117,965	42118,435	42118,695	7,580	6,309	4,178	3,277	13,440	13,440	4,698	11,541	1,000	750,000	427,000	868,978	215,467
770,000	660,000	1430,000	8,322	28,788	25,659	5,000	35,146	8,362	23,862	1,318	32,508	190,000	113612,109	114201,978	114202,979	114206,463	114207,235	114207,425	114207,905	41772,109	42121,978	42122,979	42126,463	42127,236	42127,426	42127,905	6,022	6,129	1,063	0,883	13,440	13,440	11,056	6,862	1,000	686,000	448,000	868,978	215,467
30,000	20,000	50,000	19,840	0,000	0,000	0,000	27,634	0,000	25,180	0,000	27,634	0,000	113612,109	114210,452	114211,452	114214,633	114214,834	114214,834	114214,855	41772,109	42130,452	42131,452	42134,633	42134,834	42134,834	42134,855	0,000	0,000	0,000	0,000	13,440	13,440	NaN	NaN	1,000	378,000	722,000	868,978	215,467
400,000	1030,000	1430,000	1,760	13,592	24,034	9,000	37,194	14,842	24,478	0,702	34,897	140,000	113612,109	114219,661	114220,661	114223,012	114223,416	114223,556	114224,455	41772,109	42139,661	42140,661	42143,012	42143,416	42143,556	42144,455	10,336	10,857	0,986	0,192	13,440	13,440	3,733	5,092	1,000	824,000	259,000	868,978	215,467
140,000	60,000	200,000	18,745	0,000	0,329	0,000	29,916	0,014	25,180	0,000	29,853	0,000	113612,109	114226,129	114227,129	114230,629	114230,830	114230,830	114230,895	41772,109	42146,129	42147,130	42150,629	42150,830	42150,830	42150,895	0,030	0,000	0,000	0,000	13,440	13,440	0,032	NaN	1,000	394,000	683,000	868,978	215,467
30,000	130,000	160,000	17,837	0,000	0,970	0,000	32,586	0,049	25,180	0,000	32,662	0,000	113612,109	114234,027	114235,028	114236,816	114237,017	114237,017	114237,155	41772,109	42154,028	42155,028	42156,816	42157,017	42157,017	42157,155	0,000	0,058	0,000	0,000	13,440	13,440	0,309	NaN	1,000	434,000	677,000	868,978	215,467
