580,000	850,000	1430,000	1,303	16,471	49,789	3,000	52,729	17,096	12,088	5,077	54,769	140,000	90107,343	90150,980	90151,981	90154,787	90155,376	90155,516	90156,235	32467,343	32510,980	32511,981	32514,787	32515,376	32515,516	32516,235	11,710	12,923	3,144	4,523	-13,440	13,440	31,528	39,275	1,000	555,000	172,000	571,022	215,467
530,000	740,000	1270,000	1,290	68,919	57,953	4,000	51,986	16,767	1,633	15,533	52,025	510,000	90107,343	90158,930	90159,930	90201,179	90201,715	90202,225	90202,465	32467,343	32518,930	32519,930	32521,179	32521,715	32522,225	32522,465	11,619	12,237	10,671	11,526	-13,440	13,440	1,670	4,484	1,000	600,000	251,000	571,022	215,467
30,000	670,000	700,000	2,676	26,866	59,540	2,000	50,768	15,049	16,961	0,205	55,654	180,000	90107,343	90206,166	90207,166	90210,571	90210,771	90210,951	90211,446	32467,343	32526,166	32527,166	32530,571	32530,771	32530,951	32531,446	9,964	11,767	0,236	0,067	-13,440	13,440	18,070	1,001	1,000	649,000	270,000	571,022	215,467
400,000	1030,000	1430,000	0,945	16,505	63,483	4,000	53,278	19,560	16,852	0,314	55,991	170,000	90107,343	90214,851	90215,851	90217,983	90218,386	90218,556	90219,426	32467,343	32534,851	32535,851	32537,983	32538,386	32538,556	32539,426	14,748	12,986	0,220	0,233	-13,440	13,440	5,188	0,305	1,000	557,000	246,000	571,022	215,467
470,000	960,000	1430,000	1,168	15,625	28,918	12,000	53,938	18,663	13,801	3,364	54,753	150,000	90107,343	90222,487	90223,486	90226,091	90226,567	90226,716	90227,537	32467,343	32542,487	32543,486	32546,092	32546,567	32546,717	32547,537	13,945	12,584	2,015	3,136	-13,440	13,440	15,541	24,216	1,000	530,000	222,000	571,022	215,467
400,000	540,000	940,000	1,041	98,148	53,931	0,000	51,701	17,698	0,538	17,703	51,701	530,000	90107,343	90229,911	90230,911	90233,678	90234,088	90234,618	90234,639	32467,343	32549,911	32550,911	32553,678	32554,088	32554,618	32554,639	12,519	12,661	12,524	12,662	-13,440	13,440	NaN	16,381	1,000	539,000	234,000	571,022	215,467
670,000	760,000	1430,000	1,739	17,105	31,511	8,000	54,781	16,861	14,226	2,940	55,814	130,000	90107,343	90237,348	90238,349	90239,614	90240,289	90240,419	90241,058	32467,343	32557,348	32558,349	32559,614	32560,289	32560,419	32561,058	12,856	10,837	1,816	2,550	-13,440	13,440	17,273	23,877	1,000	565,000	277,000	571,022	215,467
130,000	1300,000	1430,000	1,519	18,462	34,866	10,000	62,623	23,351	10,601	6,564	65,985	240,000	90107,343	90243,980	90244,980	90247,654	90247,855	90248,095	90249,159	32467,343	32563,980	32564,980	32567,654	32567,855	32568,095	32569,159	20,110	11,869	5,900	3,340	-13,440	13,440	26,382	29,462	1,000	519,000	201,000	571,022	215,467
30,000	20,000	50,000	19,176	0,000	0,000	0,000	55,299	0,000	17,165	0,000	55,299	0,000	90107,343	90251,545	90252,545	90253,749	90253,949	90253,949	90253,979	32467,343	32571,546	32572,545	32573,749	32573,949	32573,949	32573,979	0,000	0,000	0,000	0,000	-13,440	13,440	NaN	NaN	1,000	1034,000	716,000	571,022	215,467
70,000	40,000	110,000	18,865	0,000	0,370	0,000	55,136	0,016	17,164	0,001	55,174	0,000	90107,343	90258,413	90259,413	90302,497	90302,698	90302,698	90302,739	32467,343	32578,413	32579,413	32582,497	32582,698	32582,698	32582,739	0,000	0,029	0,000	0,003	-13,440	13,440	0,017	NaN	1,000	1022,000	712,000	571,022	215,467
130,000	1300,000	1430,000	1,056	10,000	32,831	16,000	52,856	20,256	17,033	0,132	56,186	130,000	90107,343	90308,076	90309,076	90310,332	90310,533	90310,663	90311,840	32467,343	32588,076	32589,076	32590,332	32590,533	32590,663	32591,840	14,994	13,846	0,128	0,058	-13,440	13,440	7,053	0,454	1,000	535,000	226,000	571,022	215,467
390,000	1040,000	1430,000	0,770	15,385	35,411	11,000	54,576	18,692	16,346	0,819	57,693	160,000	90107,343	90314,408	90315,408	90316,977	90317,372	90317,532	90318,421	32467,343	32594,408	32595,408	32596,977	32597,372	32597,532	32598,421	14,223	12,438	0,768	0,373	-13,440	13,440	4,831	5,122	1,000	557,000	239,000	571,022	215,467
80,000	20,000	100,000	19,420	0,000	0,000	0,000	56,260	0,000	17,165	0,000	56,260	0,000	90107,343	90321,871	90322,872	90326,491	90326,691	90326,691	90326,722	32467,343	32601,871	32602,872	32606,491	32606,691	32606,691	32606,722	0,000	0,000	0,000	0,000	-13,440	13,440	NaN	NaN	1,000	1057,000	706,000	571,022	215,467
190,000	80,000	270,000	19,385	0,000	0,641	0,000	55,923	0,047	17,163	0,002	55,953	0,000	90107,343	90330,812	90331,811	90333,503	90333,704	90333,704	90333,791	32467,343	32610,812	32611,811	32613,503	32613,704	32613,704	32613,791	0,030	0,000	0,000	0,000	-13,440	13,440	0,472	NaN	1,000	1048,000	713,000	571,022	215,467
450,000	980,000	1430,000	1,294	13,265	38,034	8,000	52,177	20,422	13,899	3,266	54,063	130,000	90107,343	90338,069	90339,070	90340,740	90341,192	90341,322	90342,182	32467,343	32618,069	32619,070	32620,740	32621,192	32621,322	32622,182	14,753	14,288	2,009	2,866	-13,440	13,440	21,287	25,954	1,000	525,000	216,000	571,022	215,467
460,000	970,000	1430,000	0,344	14,433	49,315	10,000	52,028	18,305	13,968	3,197	54,157	140,000	90107,343	90345,069	90346,070	90349,745	90350,212	90350,352	90351,192	32467,343	32625,070	32626,070	32629,745	32630,212	32630,352	32631,192	12,710	13,501	1,689	3,174	-13,440	13,440	24,227	25,105	1,000	583,000	218,000	571,022	215,467
30,000	180,000	210,000	19,102	94,444	5,123	0,000	55,274	0,617	16,551	0,614	55,274	170,000	90107,343	90354,548	90355,549	90356,570	90356,771	90356,941	90356,953	32467,343	32634,548	32635,549	32636,570	32636,771	32636,941	32636,953	0,255	0,679	0,255	0,677	-13,440	13,440	NaN	3,384	1,000	1052,000	695,000	571,022	215,467
30,000	90,000	120,000	18,729	0,000	0,548	0,000	56,042	0,024	17,165	0,000	56,017	0,000	90107,343	90401,226	90402,226	90404,482	90404,683	90404,683	90404,783	32467,343	32641,226	32642,226	32644,482	32644,683	32644,683	32644,783	0,030	0,000	0,000	0,000	-13,440	13,440	0,053	NaN	1,000	1031,000	697,000	571,022	215,467
240,000	1190,000	1430,000	1,165	18,487	45,849	10,000	53,522	20,617	16,357	0,808	56,074	220,000	90107,343	90409,417	90410,418	90413,289	90413,534	90413,754	90414,734	32467,343	32649,417	32650,418	32653,289	32653,534	32653,754	32654,734	15,639	13,594	0,607	0,567	-13,440	13,440	0,821	3,277	1,000	542,000	245,000	571,022	215,467
60,000	110,000	170,000	19,222	90,909	0,823	0,000	56,247	0,055	17,112	0,053	56,247	100,000	90107,343	90418,487	90419,487	90420,531	90420,732	90420,832	90420,845	32467,343	32658,487	32659,487	32660,531	32660,732	32660,832	32660,845	0,028	0,057	0,028	0,054	-13,440	13,440	NaN	0,649	1,000	1052,000	701,000	571,022	215,467
60,000	1370,000	1430,000	0,313	12,409	43,410	8,000	52,406	20,619	16,007	1,158	56,259	170,000	90107,343	90421,435	90422,434	90425,394	90425,595	90425,765	90426,975	32467,343	32661,435	32662,434	32665,394	32665,595	32665,765	32666,975	14,714	14,827	0,667	1,053	-13,440	13,440	3,359	6,127	1,000	562,000	222,000	571,022	215,467
460,000	970,000	1430,000	0,975	17,526	38,185	8,000	52,309	20,449	14,102	3,063	55,075	170,000	90107,343	90430,969	90431,969	90433,966	90434,435	90434,605	90435,415	32467,343	32670,969	32671,969	32673,966	32674,435	32674,605	32675,415	14,821	14,367	2,143	2,484	-13,440	13,440	14,756	21,083	1,000	540,000	200,000	571,022	215,467
570,000	860,000	1430,000	1,328	18,605	33,999	8,000	53,913	17,215	14,663	2,502	54,847	160,000	90107,343	90439,096	90440,098	90442,469	90443,046	90443,207	90443,916	32467,343	32679,097	32680,098	32682,469	32683,047	32683,207	32683,916	12,921	11,515	1,423	2,458	-13,440	13,440	14,424	17,867	1,000	563,000	262,000	571,022	215,467
90,000	1340,000	1430,000	1,913	14,925	36,506	12,000	54,760	17,819	16,806	0,359	56,555	200,000	90107,343	90447,383	90448,384	90451,109	90451,309	90451,509	90452,657	32467,343	32687,383	32688,384	32691,109	32691,309	32691,509	32692,657	13,954	11,120	0,308	0,151	-13,440	13,440	3,805	0,693	1,000	563,000	283,000	571,022	215,467
170,000	250,000	420,000	18,694	96,000	1,948	0,000	57,411	0,250	16,919	0,246	57,411	240,000	90107,343	90457,428	90458,428	90459,509	90459,710	90459,950	90499,967	32467,343	32697,428	32698,428	32699,509	32699,710	32699,950	32699,967	0,170	0,198	0,170	0,196	-13,440	13,440	NaN	1,524	1,000	1056,000	670,000	571,022	215,467
440,000	990,000	1430,000	0,801	15,152	43,719	8,000	51,267	18,755	13,423	3,742	54,304	150,000	90107,343	90504,606	90505,605	90507,111	90507,558	90507,708	90508,557	32467,343	32704,606	32705,605	32707,112	32707,559	32707,709	32708,558	12,621	14,423	2,217	3,545	-13,440	13,440	23,012	25,743	1,000	571,000	187,000	571,022	215,467
360,000	50,000	410,000	19,301	0,000	0,916	0,000	56,423	0,040	17,165	0,000	56,435	0,000	90107,343	90512,342	90513,342	90515,093	90515,458	90515,458	90515,518	32467,343	32712,342	32713,342	32715,093	32715,458	32715,458	32715,518	0,030	0,029	0,003	0,000	-13,440	13,440	0,079	NaN	1,000	1056,000	701,000	571,022	215,467
30,000	70,000	100,000	16,510	0,000	2,367	0,000	56,135	0,121	17,162	0,004	56,262	0,000	90107,343	90520,460	90521,460	90523,769	90523,970	90523,970	90524,051	32467,343	32720,460	32721,460	32723,769	32723,970	32723,970	32724,051	0,058	0,088	0,003	0,003	-13,440	13,440	1,107	NaN	1,000	969,000	647,000	571,022	215,467
250,000	120,000	370,000	17,378	91,667	3,923	0,000	56,154	0,316	16,852	0,313	56,154	110,000	90107,343	90528,421	90529,422	90531,471	90531,729	90531,839	90531,859	32467,343	32728,421	32729,422	32731,471	32731,729	32731,839	32731,859	0,199	0,227	0,200	0,225	-13,440	13,440	NaN	3,634	1,000	996,000	664,000	571,022	215,467
120,000	20,000	140,000	18,088	0,000	0,000	0,000	56,855	0,000	17,165	0,000	56,855	0,000	90107,343	90535,923	90536,924	90539,277	90539,478	90539,478	90539,501	32467,343	32735,923	32736,924	32739,277	32739,478	32739,478	32739,501	0,000	0,000	0,000	0,000	-13,440	13,440	NaN	NaN	1,000	1026,000	670,000	571,022	215,467
60,000	40,000	100,000	19,454	0,000	0,900	0,000	55,196	0,040	17,162	0,004	55,287	0,000	90107,343	90544,315	90545,315	90548,951	90549,151	90549,151	90549,200	32467,343	32744,315	32745,315	32748,951	32749,151	32749,151	32749,200	0,000	0,029	0,000	0,003	-13,440	13,440	0,041	NaN	1,000	1041,000	723,000	571,022	215,467
30,000	20,000	50,000	18,526	0,000	0,000	0,000	56,515	0,000	17,165	0,000	56,515	0,000	90107,343	90555,888	90556,888	90558,227	90558,428	90558,428	90558,451	32467,343	32755,888	32756,888	32758,227	32758,428	32758,428	32758,451	0,000	0,000	0,000	0,000	-13,440	13,440	NaN	NaN	1,000	1034,000	684,000	571,022	215,467
110,000	130,000	240,000	19,082	92,308	1,665	0,000	56,685	0,150	17,017	0,148	56,685	120,000	90107,343	90602,493	90603,493	90605,296	90605,497	90605,617	90605,632	32467,343	32762,493	32763,493	32765,296	32765,497	32765,617	32765,632	0,114	0,057	0,114	0,058	-13,440	13,440	NaN	1,081	1,000	1052,000	694,000	571,022	215,467
540,000	890,000	1430,000	1,041	17,978	47,150	5,000	52,618	19,524	14,390	2,776	54,347	160,000	90107,343	90611,154	90612,154	90614,230	90614,773	90614,933	90615,673	32467,343	32771,154	32772,154	32774,230	32774,773	32774,933	32775,673	14,141	13,678	1,568	2,708	-13,440	13,440	19,207	19,425	1,000	537,000	230,000	571,022	215,467
370,000	1060,000	1430,000	0,707	24,528	33,341	12,000	53,409	19,123	14,124	3,042	54,488	260,000	90107,343	90619,754	90620,754	90624,700	90625,072	90625,332	90626,143	32467,343	32779,754	32780,754	32784,700	32785,072	32785,332	32786,143	14,198	13,110	1,890	2,827	-13,440	13,440	13,488	20,594	1,000	595,000	223,000	571,022	215,467
410,000	1020,000	1430,000	3,814	28,431	27,168	6,000	47,846	16,926	13,985	3,180	55,113	290,000	90107,343	90630,198	90631,198	90632,982	90633,394	90633,684	90634,424	32467,343	32790,198	32791,198	32792,982	32793,394	32793,684	32794,424	9,559	15,285	2,392	2,326	-13,440	13,440	5,267	16,407	1,000	683,000	139,000	571,022	215,467
340,000	1090,000	1430,000	1,297	27,523	49,515	8,000	52,205	21,388	13,995	3,170	54,302	300,000	90107,343	90641,119	90642,119	90644,608	90644,953	90645,253	90646,053	32467,343	32801,119	32802,119	32804,608	32804,953	32805,253	32806,053	15,300	15,389	1,783	3,135	-13,440	13,440	15,318	16,395	1,000	534,000	188,000	571,022	215,467
30,000	20,000	50,000	18,640	0,000	0,000	0,000	54,818	0,000	17,165	0,000	54,818	0,000	90107,343	90651,082	90652,082	90655,127	90655,328	90655,328	90655,355	32467,343	32811,082	32812,082	32815,127	32815,328	32815,328	32815,355	0,000	0,000	0,000	0,000	-13,440	13,440	NaN	NaN	1,000	1010,000	712,000	571,022	215,467
30,000	1190,000	1220,000	5,723	24,370	50,030	4,000	54,794	16,169	16,027	1,138	57,475	290,000	90107,343	90700,432	90701,432	90703,949	90704,149	90704,439	90705,344	32467,343	32820,432	32821,432	32823,949	32824,149	32824,439	32825,344	12,336	10,501	0,935	0,582	-13,440	13,440	34,299	1,025	1,000	721,000	353,000	571,022	215,467
30,000	1400,000	1430,000	0,596	9,286	36,585	15,000	51,347	20,360	16,697	0,468	56,435	130,000	90107,343	90709,334	90710,334	90712,436	90712,636	90712,766	90714,045	32467,343	32829,334	32830,334	32832,436	32832,637	32832,767	32834,045	13,980	15,365	0,336	0,333	-13,440	13,440	2,729	3,463	1,000	583,000	198,000	571,022	215,467
