80,000	1850,000	1930,000	4,408	17,297	25,273	18,000	48,953	21,227	15,577	1,588	55,446	320,000	163854,584	163942,634	163943,633	163946,292	163946,493	163946,813	163948,354	59934,585	59982,634	59983,633	59986,292	59986,493	59986,813	59988,354	13,593	17,147	1,192	1,119	-12,990	13,440	5,288	8,304	1,000	678,000	330,000	571,022	215,467
540,000	1390,000	1930,000	0,866	10,791	34,365	15,000	51,779	18,077	14,879	2,286	55,706	150,000	163854,584	163950,143	163951,143	163952,176	163952,723	163952,873	163954,123	59934,585	59990,143	59991,143	59992,176	59992,723	59992,873	59994,123	12,597	13,281	1,594	1,711	-12,990	13,440	11,690	14,881	1,000	548,000	195,000	571,022	215,467
30,000	220,000	250,000	15,075	77,273	1,544	1,000	56,848	0,134	17,070	0,095	56,863	170,000	163854,584	163956,370	163957,370	163959,836	164000,037	164000,207	164000,264	59934,585	59996,370	59997,370	59999,836	60000,037	60000,207	60000,264	0,086	0,114	0,059	0,088	-12,990	13,440	0,275	0,021	1,000	936,000	608,000	571,022	215,467
410,000	230,000	640,000	17,392	69,565	5,941	1,000	55,817	0,817	16,523	0,642	55,973	160,000	163854,584	164005,128	164006,128	164009,196	164009,615	164009,775	164009,853	59934,585	60005,128	60006,128	60009,196	60009,615	60009,775	60009,854	0,480	0,707	0,398	0,558	-12,990	13,440	1,452	2,201	1,000	1005,000	656,000	571,022	215,467
900,000	1030,000	1930,000	0,672	17,476	40,104	7,000	51,542	20,509	14,474	2,692	54,635	180,000	163854,584	164014,212	164015,211	164016,409	164017,314	164017,494	164018,354	59934,585	60014,212	60015,211	60016,409	60017,314	60017,494	60018,354	14,545	14,714	1,810	2,228	-12,990	13,440	12,581	16,632	1,000	552,000	201,000	571,022	215,467
300,000	1630,000	1930,000	2,560	9,816	18,622	19,000	50,279	16,249	16,928	0,237	55,160	160,000	163854,584	164020,765	164021,766	164023,968	164024,274	164024,434	164025,913	59934,585	60020,765	60021,766	60023,968	60024,274	60024,434	60025,913	10,654	12,891	0,180	0,180	-12,990	13,440	4,139	0,821	1,000	653,000	255,000	571,022	215,467
70,000	20,000	90,000	18,725	0,000	0,000	0,000	56,323	0,000	17,165	0,000	56,323	0,000	163854,584	164029,796	164030,798	164033,566	164033,767	164033,767	164033,793	59934,585	60029,797	60030,798	60033,566	60033,767	60033,767	60033,793	0,000	0,000	0,000	0,000	-12,990	13,440	NaN	NaN	1,000	1037,000	691,000	571,022	215,467
30,000	20,000	50,000	4,204	0,000	0,000	0,000	65,613	0,000	17,165	0,000	65,613	0,000	163854,584	164034,384	164035,384	164038,743	164038,944	164038,944	164038,973	59934,585	60034,384	60035,384	60038,743	60038,944	60038,944	60038,973	0,000	0,000	0,000	0,000	-12,990	13,440	NaN	NaN	1,000	686,000	311,000	571,022	215,467
670,000	1260,000	1930,000	1,812	19,841	28,127	13,000	51,304	19,656	13,526	3,639	54,607	250,000	163854,584	164041,071	164042,072	164045,674	164046,354	164046,604	164047,623	59934,585	60041,071	60042,072	60045,674	60046,354	60046,604	60047,623	13,708	14,598	2,526	2,958	-12,990	13,440	11,927	15,063	1,000	531,000	165,000	571,022	215,467
770,000	1130,000	1900,000	1,422	18,584	27,219	13,000	52,042	18,806	14,069	3,097	55,463	210,000	163854,584	164050,322	164051,322	164052,352	164053,123	164053,333	164054,263	59934,585	60050,322	60051,322	60052,352	60053,123	60053,333	60054,263	13,223	13,672	2,173	2,406	-12,990	13,440	10,192	15,480	1,000	535,000	180,000	571,022	215,467
940,000	990,000	1930,000	0,070	14,141	26,839	10,000	54,584	9,288	14,833	2,332	58,480	140,000	163854,584	164056,676	164057,676	164101,162	164102,103	164102,244	164103,103	59934,585	60056,676	60057,676	60061,162	60062,104	60062,244	60063,104	6,385	7,203	1,801	1,738	-12,990	13,440	6,534	9,982	1,000	573,000	217,000	571,022	215,467
710,000	1220,000	1930,000	1,778	14,754	21,142	12,000	52,196	16,635	15,929	1,237	55,230	180,000	163854,584	164107,663	164108,663	164110,975	164111,695	164111,875	164112,923	59934,585	60067,663	60068,663	60070,975	60071,695	60071,875	60072,923	11,814	12,079	0,801	1,086	-12,990	13,440	0,603	6,735	1,000	609,000	266,000	571,022	215,467
30,000	20,000	50,000	13,873	0,000	0,000	0,000	58,854	0,000	17,165	0,000	58,854	0,000	163854,584	164117,357	164118,357	164119,462	164119,663	164119,663	164119,693	59934,585	60077,357	60078,357	60079,462	60079,664	60079,664	60079,693	0,000	0,000	0,000	0,000	-12,990	13,440	NaN	NaN	1,000	925,000	559,000	571,022	215,467
60,000	30,000	90,000	19,270	0,000	0,000	0,000	55,606	0,000	17,165	0,000	55,606	0,000	163854,584	164126,115	164127,115	164128,787	164128,987	164128,987	164129,023	59934,585	60086,115	60087,115	60088,787	60088,987	60088,987	60089,023	0,000	0,000	0,000	0,000	-12,990	13,440	NaN	NaN	1,000	1041,000	714,000	571,022	215,467
80,000	20,000	100,000	19,522	0,000	0,000	0,000	55,948	0,000	17,165	0,000	55,948	0,000	163854,584	164135,956	164136,956	164139,078	164139,279	164139,279	164139,303	59934,585	60095,956	60096,956	60099,078	60099,279	60099,279	60099,303	0,000	0,000	0,000	0,000	-12,990	13,440	NaN	NaN	1,000	1055,000	713,000	571,022	215,467
30,000	70,000	100,000	15,900	0,000	1,146	0,000	57,651	0,064	17,163	0,002	57,733	0,000	163854,584	164139,924	164140,923	164144,444	164144,645	164144,645	164144,723	59934,585	60099,924	60100,923	60104,444	60104,645	60104,645	60104,724	0,030	0,029	0,000	0,000	-12,990	13,440	0,426	NaN	1,000	971,000	615,000	571,022	215,467
1010,000	920,000	1930,000	0,987	14,130	33,619	9,000	51,259	16,626	16,351	0,815	55,858	130,000	163854,584	164145,931	164146,931	164149,073	164150,094	164150,224	164151,023	59934,585	60105,931	60106,931	60109,073	60110,094	60110,224	60111,023	11,173	12,908	0,512	0,684	-12,990	13,440	13,832	5,676	1,000	603,000	201,000	571,022	215,467
30,000	1280,000	1310,000	1,117	13,281	5,947	15,000	62,932	2,579	16,787	0,378	64,368	170,000	163854,584	164154,607	164155,606	164158,627	164158,828	164158,998	164200,113	59934,585	60114,607	60115,606	60118,627	60118,828	60118,998	60120,113	2,000	1,661	0,257	0,226	-12,990	13,440	1,461	0,241	1,000	605,000	236,000	571,022	215,467
190,000	20,000	210,000	20,332	0,000	0,000	0,000	54,852	0,000	17,165	0,000	54,852	0,000	163854,584	164202,198	164203,199	164205,342	164205,543	164205,543	164205,574	59934,585	60122,198	60123,199	60125,342	60125,543	60125,543	60125,574	0,000	0,000	0,000	0,000	-12,990	13,440	NaN	NaN	1,000	1061,000	747,000	571,022	215,467
570,000	1140,000	1710,000	1,884	17,544	38,974	10,000	52,093	20,382	13,671	3,494	55,372	200,000	163854,584	164212,332	164213,333	164217,292	164217,865	164218,065	164219,013	59934,585	60132,332	60133,333	60137,292	60137,865	60138,065	60139,013	14,402	14,797	2,347	2,941	-12,990	13,440	12,526	18,852	1,000	527,000	165,000	571,022	215,467
150,000	50,000	200,000	18,552	0,000	0,547	0,000	55,899	0,024	17,165	0,000	55,873	0,000	163854,584	164221,048	164222,047	164223,250	164223,451	164223,451	164223,503	59934,585	60141,048	60142,047	60143,250	60143,451	60143,451	60143,503	0,030	0,000	0,003	0,000	-12,990	13,440	0,047	NaN	1,000	1025,000	694,000	571,022	215,467
510,000	1420,000	1930,000	0,721	13,380	23,789	11,000	52,634	14,603	14,183	2,983	56,552	190,000	163854,584	164228,345	164229,345	164232,866	164233,383	164233,573	164234,815	59934,585	60148,345	60149,346	60152,866	60153,383	60153,573	60154,815	10,066	11,015	2,146	2,324	-12,990	13,440	13,612	14,358	1,000	557,000	194,000	571,022	215,467
30,000	100,000	130,000	16,167	0,000	0,912	0,000	55,924	0,041	17,165	0,000	55,937	0,000	163854,584	164237,261	164238,263	164240,632	164240,833	164240,833	164240,944	59934,585	60157,261	60158,263	60160,632	60160,833	60160,833	60160,944	0,030	0,030	0,000	0,000	-12,990	13,440	0,142	NaN	1,000	953,000	645,000	571,022	215,467
760,000	1000,000	1760,000	3,455	28,000	45,548	10,000	50,131	24,209	12,747	4,418	52,667	280,000	163854,584	164244,120	164245,120	164246,343	164247,103	164247,383	164248,113	59934,585	60164,120	60165,120	60166,343	60167,103	60167,383	60168,113	16,683	17,949	2,691	4,040	-12,990	13,440	11,501	21,549	1,000	489,000	124,000	571,022	215,467
520,000	1410,000	1930,000	1,575	9,220	26,751	17,000	50,580	18,998	16,323	0,842	54,904	130,000	163854,584	164250,766	164251,766	164253,655	164254,185	164254,315	164255,604	59934,585	60170,767	60171,766	60173,655	60174,185	60174,315	60175,604	12,946	14,534	0,529	0,753	-12,990	13,440	17,139	7,353	1,000	543,000	167,000	571,022	215,467
630,000	1000,000	1630,000	2,125	15,000	33,127	10,000	51,440	19,188	12,735	4,431	54,363	150,000	163854,584	164257,361	164258,360	164302,240	164302,873	164303,023	164303,884	59934,585	60177,361	60178,360	60182,240	60182,873	60183,023	60183,884	13,052	14,373	2,740	3,832	-12,990	13,440	24,429	30,183	1,000	530,000	152,000	571,022	215,467
310,000	1510,000	1820,000	0,745	22,517	31,386	14,000	51,648	16,953	13,828	3,337	55,019	340,000	163854,584	164306,466	164307,466	164309,736	164310,053	164310,393	164311,574	59934,585	60186,466	60187,466	60189,736	60190,053	60190,393	60191,574	11,701	12,713	2,264	2,748	-12,990	13,440	18,090	18,937	1,000	557,000	193,000	571,022	215,467
640,000	1290,000	1930,000	0,982	24,806	44,800	11,000	48,851	22,599	10,967	6,199	51,369	320,000	163854,584	164313,659	164314,658	164317,012	164317,654	164317,974	164318,954	59934,585	60193,659	60194,658	60197,012	60197,654	60197,974	60198,954	14,795	17,678	3,591	5,757	-12,990	13,440	29,456	28,407	1,000	581,000	182,000	571,022	215,467
30,000	1900,000	1930,000	0,233	30,000	16,389	14,000	52,879	15,260	12,095	5,070	54,899	570,000	163854,584	164321,199	164322,199	164323,548	164323,749	164324,319	164325,653	59934,585	60201,199	60202,199	60203,548	60203,749	60204,319	60205,653	10,683	11,273	3,347	4,092	-12,990	13,440	1,932	6,164	1,000	578,000	211,000	571,022	215,467
30,000	20,000	50,000	0,052	0,000	0,000	0,000	69,158	0,000	17,165	0,000	69,158	0,000	163854,584	164329,096	164330,096	164332,506	164332,707	164332,707	164332,733	59934,585	60209,096	60210,096	60212,506	60212,707	60212,707	60212,733	0,000	0,000	0,000	0,000	-12,990	13,440	NaN	NaN	1,000	570,000	217,000	571,022	215,467
30,000	20,000	50,000	0,434	0,000	0,000	0,000	67,918	0,000	17,165	0,000	67,918	0,000	163854,584	164336,489	164337,489	164340,513	164340,714	164340,714	164340,743	59934,585	60216,489	60217,490	60220,513	60220,714	60220,714	60220,743	0,000	0,000	0,000	0,000	-12,990	13,440	NaN	NaN	1,000	562,000	228,000	571,022	215,467
30,000	1540,000	1570,000	0,538	9,740	15,086	18,000	57,653	8,199	16,072	1,093	61,606	150,000	163854,584	164343,823	164344,823	164346,618	164346,818	164346,968	164348,363	59934,585	60223,823	60224,823	60226,618	60226,818	60226,968	60228,363	5,880	6,047	0,768	0,806	-12,990	13,440	5,321	5,374	1,000	566,000	197,000	571,022	215,467
30,000	1280,000	1310,000	0,825	15,625	16,690	16,000	60,875	6,253	15,921	1,244	63,433	200,000	163854,584	164351,919	164352,919	164355,858	164356,058	164356,258	164357,344	59934,585	60231,919	60232,919	60235,858	60236,058	60236,258	60237,344	4,755	4,304	0,885	1,023	-12,990	13,440	2,640	4,721	1,000	550,000	195,000	571,022	215,467
30,000	1190,000	1220,000	19,787	10,084	14,109	8,000	54,629	5,960	16,899	0,266	59,607	120,000	163854,584	164400,457	164401,458	164405,032	164405,233	164405,353	164406,433	59934,585	60240,457	60241,458	60245,032	60245,233	60245,353	60246,433	3,292	5,853	0,086	0,377	-12,990	13,440	1,321	1,750	1,000	1041,000	739,000	571,022	215,467
30,000	70,000	100,000	14,834	0,000	2,985	0,000	58,931	0,150	17,160	0,005	59,172	0,000	163854,584	164407,598	164408,598	164411,761	164411,962	164411,962	164412,034	59934,585	60247,598	60248,598	60251,761	60251,962	60251,962	60252,034	0,058	0,146	0,003	0,005	-12,990	13,440	1,412	NaN	1,000	956,000	576,000	571,022	215,467
600,000	1330,000	1930,000	3,609	14,286	17,402	17,000	52,322	11,951	17,026	0,139	56,688	190,000	163854,584	164413,195	164414,195	164416,641	164417,244	164417,434	164418,584	59934,585	60253,195	60254,195	60256,641	60257,244	60257,434	60258,584	8,081	9,345	0,113	0,086	-12,990	13,440	9,476	0,585	1,000	674,000	292,000	571,022	215,467
30,000	620,000	650,000	0,269	32,258	4,329	5,000	67,207	0,876	16,875	0,290	67,671	200,000	163854,584	164422,573	164423,573	164426,552	164426,753	164426,953	164427,384	59934,585	60262,573	60263,573	60266,552	60266,753	60266,953	60267,384	0,675	0,591	0,198	0,216	-12,990	13,440	0,058	0,261	1,000	578,000	222,000	571,022	215,467
30,000	180,000	210,000	14,394	94,444	1,175	0,000	57,625	0,102	17,066	0,100	57,625	170,000	163854,584	164430,186	164431,186	164434,215	164434,416	164434,586	164434,603	59934,585	60270,186	60271,186	60274,215	60274,416	60274,586	60274,603	0,086	0,056	0,085	0,056	-12,990	13,440	NaN	0,418	1,000	923,000	587,000	571,022	215,467
30,000	20,000	50,000	19,824	0,000	0,000	0,000	55,517	0,000	17,165	0,000	55,517	0,000	163854,584	164439,149	164440,149	164443,121	164443,322	164443,322	164443,344	59934,585	60279,149	60280,149	60283,121	60283,322	60283,322	60283,344	0,000	0,000	0,000	0,000	-12,990	13,440	NaN	NaN	1,000	1057,000	726,000	571,022	215,467
30,000	1900,000	1930,000	0,407	11,579	11,591	17,000	55,380	10,170	15,478	1,687	59,313	220,000	163854,584	164448,348	164449,348	164451,783	164451,984	164452,204	164453,893	59934,585	60288,348	60289,348	60291,783	60291,984	60292,204	60293,893	7,132	7,674	1,262	1,161	-12,990	13,440	2,872	6,964	1,000	581,000	205,000	571,022	215,467
