1510,000	-60,000	1450,000	12,875	-0,000	0,000	0,000	0,000	0,000	25,180	0,000	0,000	0,000	121504,180	121541,851	121542,850	121546,464	121547,983	121547,983	121547,933	44104,180	44141,851	44142,850	44146,464	44147,983	44147,983	44147,933	0,000	0,000	0,000	0,000	13,440	13,440	NaN	NaN	1,000	482,000	460,000	868,978	215,467
30,000	290,000	320,000	17,495	62,069	11,260	3,000	34,745	2,231	23,452	1,728	35,160	180,000	121504,180	121555,642	121556,642	121558,800	121559,000	121559,180	121559,293	44104,180	44155,642	44156,642	44158,800	44159,000	44159,180	44159,294	0,816	2,094	0,783	1,511	13,440	13,440	5,838	10,203	1,000	659,000	801,000	868,978	215,467
200,000	1230,000	1430,000	5,459	12,195	34,598	12,000	38,470	18,142	22,555	2,625	36,951	150,000	121504,180	121612,876	121613,877	121616,825	121617,034	121617,184	121618,273	44104,180	44172,876	44173,877	44176,825	44177,034	44177,184	44178,273	11,649	13,898	1,578	2,125	13,440	13,440	8,992	18,707	1,000	713,000	331,000	868,978	215,467
150,000	1280,000	1430,000	1,918	14,062	26,780	13,000	35,376	15,890	25,028	0,152	36,561	180,000	121504,180	121624,493	121625,493	121627,604	121627,804	121627,984	121629,093	44104,180	44184,493	44185,493	44187,604	44187,804	44187,984	44189,093	8,862	13,204	0,124	0,104	13,440	13,440	4,766	0,161	1,000	801,000	210,000	868,978	215,467
330,000	1100,000	1430,000	7,911	18,182	24,787	13,000	32,942	9,854	25,034	0,146	29,261	200,000	121504,180	121632,820	121633,820	121634,831	121635,163	121635,363	121636,273	44104,180	44192,820	44193,820	44194,831	44195,163	44195,363	44196,273	6,568	7,611	0,028	0,152	13,440	13,440	20,687	0,199	1,000	663,000	407,000	868,978	215,467
180,000	680,000	860,000	19,001	41,176	7,171	6,000	35,727	1,872	24,285	0,896	34,005	280,000	121504,180	121640,527	121641,528	121644,200	121644,400	121644,680	121645,083	44104,180	44200,527	44201,528	44204,200	44204,400	44204,680	44205,083	1,943	0,902	0,816	0,498	13,440	13,440	2,113	0,124	1,000	350,000	648,000	868,978	215,467
30,000	210,000	240,000	18,200	90,476	2,721	1,000	31,971	0,333	24,854	0,326	31,971	190,000	121504,180	121657,492	121658,492	121701,592	121701,793	121701,983	121702,013	44104,180	44217,492	44218,492	44221,592	44221,793	44221,983	44222,013	0,084	0,340	0,084	0,332	13,440	13,440	NaN	1,249	1,000	465,000	721,000	868,978	215,467
420,000	1010,000	1430,000	3,671	15,842	23,842	12,000	36,736	14,930	24,246	0,934	33,684	160,000	121504,180	121707,517	121708,517	121711,828	121712,253	121712,413	121713,273	44104,180	44227,517	44228,517	44231,828	44232,253	44232,413	44233,273	10,078	11,206	0,703	0,696	13,440	13,440	10,121	4,961	1,000	779,000	310,000	868,978	215,467
480,000	950,000	1430,000	7,433	20,000	24,849	10,000	37,118	8,581	24,728	0,452	34,945	190,000	121504,180	121718,794	121719,795	121723,052	121723,534	121723,724	121724,494	44104,180	44238,794	44239,795	44243,052	44243,534	44243,724	44244,494	6,135	6,173	0,458	0,235	13,440	13,440	15,741	1,282	1,000	698,000	417,000	868,978	215,467
150,000	440,000	590,000	15,279	40,909	18,696	2,000	29,124	3,948	23,157	2,023	29,170	180,000	121504,180	121730,550	121731,551	121734,767	121734,967	121735,147	121735,413	44104,180	44250,550	44251,551	44254,767	44254,967	44255,147	44255,413	1,548	3,629	0,636	1,960	13,440	13,440	3,040	5,090	1,000	468,000	582,000	868,978	215,467
60,000	1370,000	1430,000	2,818	10,219	34,849	14,000	36,084	14,824	25,045	0,135	33,744	140,000	121504,180	121742,129	121743,130	121745,213	121745,413	121745,553	121746,794	44104,180	44262,129	44263,130	44265,213	44265,413	44265,553	44266,794	9,585	11,449	0,057	0,124	13,440	13,440	15,906	0,617	1,000	846,000	313,000	868,978	215,467
60,000	510,000	570,000	17,524	37,255	20,866	4,000	31,608	2,631	25,078	0,102	29,012	190,000	121504,180	121751,089	121752,089	121754,449	121754,650	121754,840	121755,164	44104,180	44271,089	44272,089	44274,449	44274,650	44274,840	44275,164	2,288	1,708	0,064	0,089	13,440	13,440	19,479	0,461	1,000	464,000	689,000	868,978	215,467
440,000	990,000	1430,000	1,903	16,162	34,652	10,000	36,528	18,403	24,652	0,528	34,356	160,000	121504,180	121804,178	121805,178	121808,674	121809,126	121809,286	121810,123	44104,180	44284,178	44285,178	44288,674	44289,126	44289,286	44290,123	12,027	14,107	0,579	0,351	13,440	13,440	31,801	0,735	1,000	895,000	153,000	868,978	215,467
30,000	1070,000	1100,000	19,254	28,037	5,229	10,000	30,432	1,865	24,293	0,887	30,242	300,000	121504,180	121815,167	121816,167	121820,049	121820,250	121820,550	121821,325	44104,180	44295,167	44296,167	44300,049	44300,250	44300,550	44301,325	1,097	1,520	0,518	0,734	13,440	13,440	1,640	2,870	1,000	440,000	749,000	868,978	215,467
140,000	330,000	470,000	18,555	45,455	0,930	3,000	30,416	0,199	25,094	0,086	30,497	150,000	121504,180	121823,078	121824,078	121825,178	121825,379	121825,529	121825,713	44104,180	44303,078	44304,078	44305,178	44305,379	44305,529	44305,714	0,058	0,198	0,029	0,085	13,440	13,440	0,251	0,405	1,000	418,000	697,000	868,978	215,467
30,000	1400,000	1430,000	7,676	8,571	32,178	16,000	27,719	13,146	25,151	0,029	30,721	120,000	121504,180	121835,133	121836,133	121838,276	121838,476	121838,596	121839,884	44104,180	44315,133	44316,133	44318,276	44318,476	44318,596	44319,884	4,963	12,286	0,058	0,000	13,440	13,440	5,057	0,227	1,000	642,000	367,000	868,978	215,467
160,000	1270,000	1430,000	1,120	11,811	23,045	18,000	29,605	17,402	24,190	0,990	34,325	150,000	121504,180	121847,822	121848,822	121851,852	121852,053	121852,203	121853,333	44104,180	44327,822	44328,822	44331,852	44332,053	44332,203	44333,333	6,444	16,525	0,540	0,849	13,440	13,440	9,659	8,042	1,000	846,000	248,000	868,978	215,467
400,000	830,000	1230,000	4,546	26,506	45,393	9,000	40,078	15,189	24,211	0,970	33,186	220,000	121504,180	121856,360	121857,360	121901,174	121901,583	121901,803	121902,424	44104,180	44336,360	44337,360	44341,174	44341,583	44341,803	44342,425	12,626	9,582	1,005	0,704	13,440	13,440	34,743	4,435	1,000	843,000	375,000	868,978	215,467
90,000	1340,000	1430,000	1,427	10,448	30,416	16,000	36,764	16,446	25,109	0,071	36,940	140,000	121504,180	122012,204	122013,204	122016,893	122017,094	122017,234	122018,443	44104,180	44412,204	44413,204	44416,893	44417,094	44417,234	44418,443	9,854	13,190	0,111	0,010	13,440	13,440	6,428	0,610	1,000	824,000	192,000	868,978	215,467
330,000	1100,000	1430,000	0,946	27,273	42,758	12,000	37,265	16,355	22,006	3,174	41,041	300,000	121504,180	122022,160	122023,161	122026,977	122027,313	122027,613	122028,425	44104,180	44422,160	44423,161	44426,977	44427,313	44427,613	44428,425	10,364	12,683	3,753	1,246	13,440	13,440	12,990	17,163	1,000	844,000	238,000	868,978	215,467
30,000	1400,000	1430,000	3,760	10,000	26,430	16,000	40,413	16,188	23,886	1,294	26,718	140,000	121504,180	122031,743	122032,744	122036,495	122036,695	122036,835	122038,105	44104,180	44431,743	44432,744	44436,495	44436,695	44436,835	44438,105	15,046	9,387	0,722	1,081	13,440	13,440	8,782	9,292	1,000	902,000	345,000	868,978	215,467
30,000	20,000	50,000	18,569	0,000	0,000	0,000	32,311	0,000	25,180	0,000	32,311	0,000	121504,180	122046,943	122047,943	122049,723	122049,924	122049,924	122049,954	44104,180	44446,943	44447,943	44449,723	44449,924	44449,924	44449,954	0,000	0,000	0,000	0,000	13,440	13,440	NaN	NaN	1,000	468,000	740,000	868,978	215,467
30,000	1400,000	1430,000	0,235	17,143	45,583	20,000	35,719	24,763	23,836	1,344	31,111	240,000	121504,180	122056,809	122057,811	122059,900	122100,101	122100,341	122101,503	44104,180	44456,809	44457,811	44459,900	44460,101	44460,341	44461,503	15,712	19,351	0,489	1,263	13,440	13,440	4,525	2,064	1,000	876,000	220,000	868,978	215,467
30,000	500,000	530,000	3,787	44,000	10,260	4,000	77,187	2,206	23,991	1,189	80,057	220,000	121504,180	122106,709	122107,709	122110,407	122110,607	122110,827	122111,113	44104,180	44466,709	44467,709	44470,407	44470,608	44470,828	44471,113	1,830	1,519	1,077	0,374	13,440	13,440	1,178	0,487	1,000	813,000	93,000	868,978	215,467
80,000	110,000	190,000	17,902	0,000	0,964	0,000	33,430	0,056	25,180	0,000	33,355	0,000	121504,180	122117,326	122118,326	122120,438	122120,639	122120,639	122120,753	44104,180	44477,326	44478,326	44480,438	44480,639	44480,639	44480,753	0,058	0,029	0,000	0,000	13,440	13,440	0,393	NaN	1,000	472,000	713,000	868,978	215,467
30,000	250,000	280,000	21,275	96,000	2,627	0,000	28,783	0,283	24,899	0,282	28,783	240,000	121504,180	122121,579	122122,579	122125,494	122125,695	122125,935	122125,954	44104,180	44481,579	44482,579	44485,494	44485,695	44485,935	44485,954	0,255	0,169	0,254	0,169	13,440	13,440	NaN	0,206	1,000	473,000	860,000	868,978	215,467
30,000	550,000	580,000	7,797	34,545	8,422	2,000	57,018	1,366	25,070	0,110	55,668	190,000	121504,180	122142,339	122143,340	122145,143	122145,344	122145,534	122145,903	44104,180	44502,339	44503,340	44505,143	44505,344	44505,534	44505,903	1,434	0,310	0,072	0,112	13,440	13,440	0,216	0,122	1,000	715,000	446,000	868,978	215,467
140,000	790,000	930,000	19,050	24,051	2,854	8,000	36,213	0,959	24,770	0,410	35,756	190,000	121504,180	122151,633	122152,632	122156,515	122156,716	122156,906	122157,515	44104,180	44511,633	44512,632	44516,515	44516,716	44516,906	44517,515	1,041	0,394	0,518	0,114	13,440	13,440	1,789	1,811	1,000	619,000	845,000	868,978	215,467
530,000	900,000	1430,000	14,804	27,778	22,826	11,000	32,929	6,668	24,540	0,640	32,850	250,000	121504,180	122204,030	122205,031	122208,967	122209,503	122209,753	122210,413	44104,180	44524,030	44525,031	44528,967	44529,503	44529,753	44530,413	3,824	5,466	0,511	0,434	13,440	13,440	5,564	1,320	1,000	453,000	538,000	868,978	215,467
190,000	1240,000	1430,000	0,995	10,484	33,418	16,000	37,025	18,218	24,880	0,300	31,038	130,000	121504,180	122219,774	122220,774	122222,685	122222,886	122223,016	122224,133	44104,180	44539,775	44540,774	44542,685	44542,886	44543,016	44544,133	12,840	13,326	0,105	0,293	13,440	13,440	12,957	1,920	1,000	877,000	181,000	868,978	215,467
100,000	1330,000	1430,000	2,993	17,293	30,377	9,000	34,550	15,570	24,912	0,268	33,137	230,000	121504,180	122227,834	122228,835	122230,128	122230,329	122230,559	122231,663	44104,180	44547,834	44548,835	44550,128	44550,329	44550,559	44551,663	9,386	12,460	0,248	0,172	13,440	13,440	4,254	0,783	1,000	763,000	225,000	868,978	215,467
30,000	20,000	50,000	19,712	0,000	0,000	0,000	28,852	0,000	25,180	0,000	28,852	0,000	121504,180	122235,890	122236,890	122238,206	122238,408	122238,408	122238,433	44104,180	44555,890	44556,890	44558,206	44558,408	44558,408	44558,433	0,000	0,000	0,000	0,000	13,440	13,440	NaN	NaN	1,000	411,000	746,000	868,978	215,467
480,000	950,000	1430,000	5,386	24,211	23,143	8,000	36,138	10,342	23,901	1,279	41,469	230,000	121504,180	122245,928	122246,929	122250,296	122250,783	122251,013	122251,744	44104,180	44565,928	44566,930	44570,297	44570,783	44571,013	44571,744	5,028	9,133	1,467	0,384	13,440	13,440	7,678	2,581	1,000	717,000	332,000	868,978	215,467
30,000	900,000	930,000	2,035	13,333	2,546	13,000	71,565	0,967	25,149	0,032	74,299	120,000	121504,180	122258,042	122259,042	122300,229	122300,429	122300,549	122301,334	44104,180	44578,042	44579,042	44580,229	44580,429	44580,549	44581,334	0,563	1,463	0,028	0,047	13,440	13,440	0,287	0,117	1,000	843,000	283,000	868,978	215,467
30,000	340,000	370,000	16,549	58,824	9,639	2,000	37,224	1,582	23,879	1,301	37,377	200,000	121504,180	122307,537	122308,537	122311,349	122311,549	122311,749	122311,893	44104,180	44587,537	44588,537	44591,349	44591,549	44591,749	44591,893	1,041	1,154	0,934	0,907	13,440	13,440	2,981	3,215	1,000	528,000	695,000	868,978	215,467
170,000	1260,000	1430,000	4,665	9,524	30,773	18,000	37,262	14,523	25,150	0,030	31,893	120,000	121504,180	122324,701	122325,700	122328,274	122328,476	122328,596	122329,743	44104,180	44604,701	44605,700	44608,274	44608,476	44608,596	44609,743	10,613	10,368	0,058	0,000	13,440	13,440	15,549	0,165	1,000	741,000	321,000	868,978	215,467
60,000	1110,000	1170,000	11,333	13,514	20,453	12,000	38,390	4,582	25,118	0,062	39,164	150,000	121504,180	122336,695	122337,696	122341,476	122341,677	122341,827	122342,793	44104,180	44616,695	44617,696	44621,476	44621,677	44621,827	44622,793	2,587	3,798	0,028	0,057	13,440	13,440	0,928	0,370	1,000	594,000	510,000	868,978	215,467
100,000	1330,000	1430,000	4,903	13,534	31,940	18,000	34,693	13,686	24,809	0,371	40,852	180,000	121504,180	122351,089	122352,089	122355,090	122355,291	122355,471	122356,623	44104,180	44631,089	44632,089	44635,090	44635,291	44635,471	44636,623	5,778	12,806	0,381	0,181	13,440	13,440	1,306	2,616	1,000	720,000	306,000	868,978	215,467
110,000	40,000	150,000	17,812	0,000	0,354	0,000	33,212	0,016	25,179	0,001	33,237	0,000	121504,180	122401,806	122402,808	122404,495	122404,696	122404,696	122404,743	44104,180	44641,806	44642,808	44644,495	44644,696	44644,696	44644,743	0,000	0,000	0,000	0,000	13,440	13,440	0,016	NaN	1,000	453,000	693,000	868,978	215,467
440,000	140,000	580,000	4,440	92,857	1,281	0,000	78,067	0,095	25,088	0,092	78,067	130,000	121504,180	122412,974	122413,975	122416,540	122416,983	122417,113	122417,133	44104,180	44652,974	44653,975	44656,540	44656,983	44657,113	44657,133	0,086	0,056	0,085	0,056	13,440	13,440	NaN	0,482	1,000	724,000	153,000	868,978	215,467
