430,000	1000,000	1430,000	5,042	14,000	19,446	15,000	55,200	11,778	16,117	1,048	57,583	140,000	113722,964	113740,873	113741,873	113744,397	113744,836	113744,976	113745,847	41842,964	41860,873	41861,873	41864,397	41864,836	41864,976	41865,847	8,828	8,038	0,784	0,732	-13,440	13,440	10,281	4,461	1,000	698,000	342,000	571,022	215,467
530,000	900,000	1430,000	5,362	27,778	18,434	9,000	54,174	12,321	14,655	2,510	56,700	250,000	113722,964	113748,371	113749,372	113751,547	113752,085	113752,335	113752,996	41842,964	41868,371	41869,372	41871,547	41872,085	41872,335	41872,996	9,020	8,653	1,964	1,657	-13,440	13,440	3,720	9,463	1,000	710,000	346,000	571,022	215,467
410,000	1020,000	1430,000	4,828	34,314	17,389	11,000	53,718	12,903	13,232	3,933	55,977	350,000	113722,964	113756,037	113757,037	113759,906	113800,327	113800,677	113801,355	41842,964	41876,037	41877,037	41879,906	41880,327	41880,677	41881,355	9,301	9,299	2,947	2,798	-13,440	13,440	0,926	11,918	1,000	698,000	331,000	571,022	215,467
520,000	910,000	1430,000	5,778	18,681	17,909	8,000	54,198	12,323	15,238	1,928	56,399	170,000	113722,964	113804,417	113805,416	113807,093	113807,616	113807,786	113808,535	41842,964	41884,417	41885,416	41887,093	41887,616	41887,786	41888,535	9,003	8,704	1,419	1,426	-13,440	13,440	0,364	13,392	1,000	718,000	359,000	571,022	215,467
370,000	1060,000	1430,000	1,131	12,264	25,159	12,000	52,779	16,903	15,364	1,801	56,343	130,000	113722,964	113811,117	113812,117	113814,291	113814,665	113814,795	113815,736	41842,964	41891,117	41892,117	41894,291	41894,665	41894,795	41895,736	12,107	12,085	1,430	1,217	-13,440	13,440	5,596	14,882	1,000	596,000	247,000	571,022	215,467
380,000	1050,000	1430,000	1,553	28,571	23,870	10,000	52,459	17,398	13,545	3,621	55,698	300,000	113722,964	113818,111	113819,113	113822,413	113822,797	113823,097	113823,855	41842,964	41898,111	41899,113	41902,413	41902,797	41903,097	41903,855	12,352	12,678	2,628	2,654	-13,440	13,440	3,939	12,647	1,000	620,000	241,000	571,022	215,467
220,000	20,000	240,000	19,003	0,000	0,000	0,000	56,487	0,000	17,165	0,000	56,487	0,000	113722,964	113826,039	113827,041	113828,575	113828,806	113828,806	113828,835	41842,964	41906,039	41907,041	41908,575	41908,806	41908,806	41908,835	0,000	0,000	0,000	0,000	-13,440	13,440	NaN	NaN	1,000	1048,000	694,000	571,022	215,467
360,000	1070,000	1430,000	2,499	21,495	17,410	13,000	52,506	14,823	14,380	2,785	56,159	230,000	113722,964	113833,043	113834,044	113836,247	113836,616	113836,846	113837,695	41842,964	41913,044	41914,044	41916,247	41916,616	41916,846	41917,695	10,366	11,012	2,237	1,814	-13,440	13,440	4,183	16,209	1,000	637,000	275,000	571,022	215,467
440,000	990,000	1430,000	2,568	26,263	22,434	8,000	52,693	15,412	13,815	3,350	55,937	260,000	113722,964	113839,754	113840,754	113844,608	113845,056	113845,316	113846,056	41842,964	41919,754	41920,754	41924,608	41925,056	41925,316	41926,056	10,809	11,399	2,513	2,405	-13,440	13,440	2,435	14,031	1,000	645,000	269,000	571,022	215,467
390,000	1040,000	1430,000	1,233	13,462	22,464	12,000	52,390	16,311	15,355	1,810	56,192	140,000	113722,964	113848,259	113849,259	113852,307	113852,705	113852,845	113853,755	41842,964	41928,259	41929,259	41932,307	41932,705	41932,845	41933,755	11,381	12,057	1,362	1,283	-13,440	13,440	0,687	10,891	1,000	608,000	239,000	571,022	215,467
250,000	1180,000	1430,000	2,696	11,017	20,312	12,000	53,253	16,398	17,108	0,057	56,407	130,000	113722,964	113855,652	113856,653	113858,716	113858,975	113859,105	113900,165	41842,964	41935,653	41936,653	41938,716	41938,975	41939,105	41940,165	11,939	11,639	0,028	0,061	-13,440	13,440	13,240	0,332	1,000	641,000	281,000	571,022	215,467
500,000	930,000	1430,000	3,441	15,054	19,153	14,000	53,864	14,410	15,503	1,663	56,941	140,000	113722,964	113902,164	113903,165	113904,946	113905,457	113905,597	113906,395	41842,964	41942,164	41943,165	41944,946	41945,457	41945,597	41946,395	10,433	10,259	1,288	1,200	-13,440	13,440	2,335	11,594	1,000	664,000	295,000	571,022	215,467
420,000	1010,000	1430,000	2,406	27,723	19,886	10,000	54,163	15,750	13,490	3,676	56,836	280,000	113722,964	113908,727	113909,728	113912,458	113912,885	113913,165	113913,905	41842,964	41948,728	41949,728	41952,458	41952,885	41953,165	41953,905	11,713	10,864	2,961	2,378	-13,440	13,440	1,262	12,729	1,000	626,000	281,000	571,022	215,467
470,000	960,000	1430,000	3,888	28,125	19,841	10,000	53,884	14,413	14,366	2,799	56,297	270,000	113722,964	113915,983	113916,985	113919,288	113919,767	113920,037	113920,736	41842,964	41955,983	41956,985	41959,288	41959,767	41960,037	41960,736	10,596	10,054	2,163	1,897	-13,440	13,440	0,628	12,785	1,000	668,000	314,000	571,022	215,467
440,000	990,000	1430,000	3,757	22,222	18,348	13,000	54,098	13,411	14,905	2,260	56,477	220,000	113722,964	113922,999	113924,000	113925,273	113925,716	113925,936	113926,717	41842,964	41962,999	41964,000	41965,273	41965,716	41965,936	41966,717	9,846	9,368	1,710	1,594	-13,440	13,440	1,694	12,371	1,000	659,000	316,000	571,022	215,467
410,000	1020,000	1430,000	3,778	33,333	18,017	8,000	52,603	14,105	12,556	4,609	54,955	340,000	113722,964	113928,932	113929,934	113931,986	113932,405	113932,745	113933,436	41842,964	41968,932	41969,934	41971,986	41972,405	41972,745	41973,436	9,752	10,580	3,222	3,520	-13,440	13,440	3,941	13,969	1,000	677,000	298,000	571,022	215,467
430,000	1000,000	1430,000	0,774	28,000	24,927	10,000	52,882	17,117	13,193	3,972	55,811	280,000	113722,964	113935,558	113936,557	113940,069	113940,506	113940,786	113941,515	41842,964	41975,558	41976,558	41980,069	41980,506	41980,786	41981,515	12,318	12,303	3,026	2,847	-13,440	13,440	0,148	13,700	1,000	593,000	232,000	571,022	215,467
360,000	1070,000	1430,000	1,306	18,692	22,047	12,000	52,504	17,461	14,533	2,632	55,428	200,000	113722,964	113943,476	113944,476	113947,422	113947,788	113947,988	113948,866	41842,964	41983,476	41984,476	41987,422	41987,788	41987,988	41988,866	12,450	12,616	1,871	2,023	-13,440	13,440	3,645	16,907	1,000	606,000	246,000	571,022	215,467
30,000	20,000	50,000	20,296	0,000	0,000	0,000	55,931	0,000	17,165	0,000	55,931	0,000	113722,964	113950,806	113951,806	113954,187	113954,389	113954,389	113954,416	41842,964	41990,806	41991,806	41994,188	41994,389	41994,389	41994,416	0,000	0,000	0,000	0,000	-13,440	13,440	NaN	NaN	1,000	1078,000	729,000	571,022	215,467
420,000	1010,000	1430,000	0,597	11,881	23,711	10,000	53,013	17,096	16,374	0,791	56,689	120,000	113722,964	113954,999	113955,999	113958,655	113959,085	113959,205	114000,106	41842,964	41994,999	41995,999	41998,655	41999,085	41999,205	42000,106	12,274	12,340	0,584	0,635	-13,440	13,440	5,366	6,493	1,000	590,000	225,000	571,022	215,467
30,000	160,000	190,000	19,123	93,750	0,530	0,000	56,800	0,040	17,128	0,037	56,800	150,000	113722,964	114002,169	114003,168	114004,556	114004,757	114004,907	114004,925	41842,964	42002,169	42003,168	42004,556	42004,757	42004,907	42004,925	0,030	0,028	0,029	0,028	-13,440	13,440	NaN	0,130	1,000	1057,000	691,000	571,022	215,467
440,000	990,000	1430,000	1,152	25,253	24,293	8,000	53,920	18,152	13,693	3,473	55,852	250,000	113722,964	114009,520	114010,520	114012,028	114012,476	114012,726	114013,476	41842,964	42009,520	42010,520	42012,028	42012,476	42012,726	42013,476	13,798	11,988	2,662	2,417	-13,440	13,440	1,326	14,934	1,000	539,000	241,000	571,022	215,467
140,000	1290,000	1430,000	1,410	13,178	25,534	12,000	51,968	17,846	17,115	0,051	56,205	170,000	113722,964	114015,380	114016,379	114019,747	114019,949	114020,119	114021,246	41842,964	42015,380	42016,379	42019,748	42019,949	42020,119	42021,246	12,525	13,184	0,032	0,072	-13,440	13,440	8,795	0,132	1,000	618,000	233,000	571,022	215,467
460,000	970,000	1430,000	3,790	13,402	19,623	12,000	53,946	13,428	15,965	1,201	56,624	130,000	113722,964	114023,876	114024,875	114026,057	114026,525	114026,655	114027,505	41842,964	42023,876	42024,875	42026,057	42026,525	42026,655	42027,505	9,787	9,471	0,850	0,906	-13,440	13,440	1,739	9,310	1,000	664,000	313,000	571,022	215,467
410,000	1020,000	1430,000	3,491	25,490	19,515	11,000	52,907	13,910	13,775	3,390	55,925	260,000	113722,964	114030,229	114031,230	114033,232	114033,646	114033,906	114034,676	41842,964	42030,229	42031,230	42033,232	42033,646	42033,906	42034,676	9,720	10,369	2,522	2,431	-13,440	13,440	6,977	15,277	1,000	671,000	289,000	571,022	215,467
380,000	1050,000	1430,000	1,425	13,333	23,074	16,000	51,918	16,898	15,649	1,516	55,571	140,000	113722,964	114037,032	114038,034	114040,854	114041,235	114041,375	114042,296	41842,964	42037,032	42038,034	42040,854	42041,235	42041,375	42042,296	11,821	12,408	1,062	1,175	-13,440	13,440	0,863	10,757	1,000	609,000	249,000	571,022	215,467
450,000	980,000	1430,000	2,384	22,449	24,673	9,000	53,011	15,767	14,828	2,337	55,488	220,000	113722,964	114044,299	114045,299	114047,134	114047,585	114047,805	114048,575	41842,964	42044,300	42045,299	42047,134	42047,585	42047,805	42048,575	11,384	11,258	1,606	1,885	-13,440	13,440	2,872	11,753	1,000	626,000	280,000	571,022	215,467
470,000	960,000	1430,000	3,275	15,625	20,597	12,000	53,147	14,701	15,499	1,666	56,519	150,000	113722,964	114050,780	114051,780	114055,775	114056,256	114056,406	114057,227	41842,964	42050,780	42051,780	42055,775	42056,256	42056,406	42057,227	10,481	10,611	1,292	1,146	-13,440	13,440	0,727	11,480	1,000	657,000	294,000	571,022	215,467
410,000	1020,000	1430,000	2,836	22,549	23,308	9,000	53,588	15,005	14,550	2,615	56,657	230,000	113722,964	114059,790	114100,790	114103,205	114103,626	114103,856	114104,655	41842,964	42059,790	42060,790	42063,205	42063,626	42063,856	42064,655	10,881	10,648	2,053	1,767	-13,440	13,440	5,048	16,057	1,000	645,000	284,000	571,022	215,467
420,000	1010,000	1430,000	2,604	12,871	19,348	13,000	53,259	14,769	15,858	1,307	56,536	130,000	113722,964	114107,204	114108,203	114110,952	114111,376	114111,506	114112,396	41842,964	42067,204	42068,203	42070,953	42071,376	42071,506	42072,396	10,684	10,531	1,064	0,871	-13,440	13,440	3,430	10,692	1,000	631,000	286,000	571,022	215,467
400,000	1030,000	1430,000	3,852	13,592	18,273	11,000	52,762	13,790	16,045	1,120	55,889	140,000	113722,964	114114,460	114115,460	114118,883	114119,285	114119,425	114120,327	41842,964	42074,460	42075,460	42078,883	42079,285	42079,425	42080,327	9,665	10,171	0,716	0,951	-13,440	13,440	4,684	5,586	1,000	672,000	308,000	571,022	215,467
490,000	940,000	1430,000	5,063	17,021	20,739	12,000	53,589	12,560	15,511	1,654	56,339	160,000	113722,964	114122,662	114123,662	114126,095	114126,596	114126,756	114127,546	41842,964	42082,662	42083,662	42086,095	42086,596	42086,756	42087,546	9,132	8,861	1,287	1,176	-13,440	13,440	0,392	11,467	1,000	695,000	346,000	571,022	215,467
480,000	950,000	1430,000	2,186	35,789	20,621	10,000	52,956	14,766	12,745	4,420	55,079	340,000	113722,964	114130,128	114131,129	114134,113	114134,597	114134,937	114135,555	41842,964	42090,128	42091,129	42094,113	42094,597	42094,937	42095,555	10,592	10,694	3,203	3,311	-13,440	13,440	1,768	12,638	1,000	621,000	275,000	571,022	215,467
410,000	1020,000	1430,000	3,142	23,529	20,694	11,000	52,315	14,497	14,703	2,462	55,486	240,000	113722,964	114137,889	114138,889	114142,376	114142,796	114143,036	114143,825	41842,964	42097,889	42098,889	42102,376	42102,796	42103,036	42103,825	10,020	10,891	1,727	1,930	-13,440	13,440	1,637	13,235	1,000	660,000	283,000	571,022	215,467
480,000	950,000	1430,000	3,292	26,316	21,976	9,000	52,954	14,231	13,435	3,730	55,342	250,000	113722,964	114145,963	114146,964	114148,415	114148,895	114149,145	114149,856	41842,964	42105,963	42106,964	42108,415	42108,896	42109,146	42109,857	10,104	10,326	2,647	2,812	-13,440	13,440	6,237	16,506	1,000	654,000	298,000	571,022	215,467
450,000	980,000	1430,000	1,120	12,245	24,323	14,000	52,628	16,800	15,604	1,561	56,088	120,000	113722,964	114152,013	114153,013	114154,487	114154,945	114155,065	114155,935	41842,964	42112,013	42113,013	42114,487	42114,945	42115,065	42115,935	12,003	12,017	1,160	1,129	-13,440	13,440	3,625	12,036	1,000	594,000	248,000	571,022	215,467
240,000	20,000	260,000	18,764	0,000	0,000	0,000	56,628	0,000	17,165	0,000	56,628	0,000	113722,964	114158,093	114159,095	114202,922	114203,167	114203,167	114203,196	41842,964	42118,093	42119,095	42122,922	42123,167	42123,167	42123,196	0,000	0,000	0,000	0,000	-13,440	13,440	NaN	NaN	1,000	1043,000	687,000	571,022	215,467
440,000	990,000	1430,000	3,457	12,121	18,731	11,000	53,058	14,061	16,288	0,878	56,229	120,000	113722,964	114206,746	114207,746	114210,613	114211,055	114211,175	114212,056	41842,964	42126,746	42127,746	42130,613	42131,055	42131,175	42132,056	9,985	10,235	0,578	0,707	-13,440	13,440	4,905	6,696	1,000	663,000	297,000	571,022	215,467
90,000	190,000	280,000	19,224	94,737	0,370	0,000	55,933	0,032	17,135	0,030	55,933	180,000	113722,964	114214,223	114215,223	114216,681	114216,882	114217,062	114217,076	41842,964	42134,223	42135,223	42136,681	42136,882	42137,062	42137,076	0,000	0,057	0,000	0,054	-13,440	13,440	NaN	0,114	1,000	1047,000	706,000	571,022	215,467
70,000	20,000	90,000	19,361	0,000	0,000	0,000	56,310	0,000	17,165	0,000	56,310	0,000	113722,964	114220,356	114221,357	114223,369	114223,570	114223,570	114223,596	41842,964	42140,356	42141,357	42143,369	42143,570	42143,570	42143,596	0,000	0,000	0,000	0,000	-13,440	13,440	NaN	NaN	1,000	1056,000	704,000	571,022	215,467
