550,000	880,000	1430,000	1,483	29,545	30,150	7,000	54,867	17,503	13,694	3,472	58,077	260,000	105942,179	110006,744	110007,744	110010,135	110010,693	110010,953	110011,583	39582,179	39606,744	39607,744	39610,135	39610,693	39610,953	39611,583	13,505	11,206	3,027	1,842	-13,440	13,440	1,702	14,215	1,000	556,000	266,000	571,022	215,467
450,000	970,000	1420,000	3,327	25,773	40,203	6,000	53,849	21,505	13,813	3,352	57,395	250,000	105942,179	110015,815	110016,815	110019,463	110019,923	110020,173	110020,905	39582,179	39615,815	39616,815	39619,463	39619,923	39620,173	39620,905	16,145	14,379	2,820	2,006	-13,440	13,440	10,504	14,897	1,000	466,000	161,000	571,022	215,467
30,000	220,000	250,000	1,586	50,000	1,171	2,000	63,950	0,075	17,126	0,039	64,037	110,000	105942,179	110024,301	110025,301	110027,674	110027,875	110027,985	110028,104	39582,179	39624,301	39625,301	39627,674	39627,875	39627,985	39628,104	0,056	0,057	0,045	0,028	-13,440	13,440	0,036	0,132	1,000	534,000	258,000	571,022	215,467
360,000	1070,000	1430,000	2,560	20,561	31,234	9,000	55,368	19,324	14,431	2,735	56,808	220,000	105942,179	110030,749	110031,749	110032,828	110033,193	110033,413	110034,274	39582,179	39630,749	39631,749	39632,828	39633,193	39633,413	39634,274	15,381	11,671	2,251	1,641	-13,440	13,440	7,883	12,600	1,000	496,000	267,000	571,022	215,467
2470,000	900,000	3370,000	12,323	25,556	18,075	10,000	62,746	11,405	15,006	2,159	65,673	230,000	105942,179	110037,994	110038,994	110041,452	110043,924	110044,154	110044,833	39582,179	39637,994	39638,994	39641,452	39643,924	39644,154	39644,833	9,210	7,495	1,423	2,360	-13,440	13,440	2,985	11,710	1,000	918,000	483,000	571,022	215,467
230,000	1200,000	1430,000	0,636	15,833	26,845	16,000	52,080	18,157	14,117	3,048	55,702	190,000	105942,179	110046,375	110047,375	110048,823	110049,063	110049,253	110050,273	39582,179	39646,375	39647,375	39648,823	39649,063	39649,253	39650,273	12,966	12,982	2,438	1,979	-13,440	13,440	12,618	19,103	1,000	551,000	226,000	571,022	215,467
420,000	1010,000	1430,000	17,395	23,762	22,965	9,000	57,084	18,125	13,509	3,656	61,561	240,000	105942,179	110053,390	110054,390	110057,180	110057,603	110057,844	110058,623	39582,179	39653,390	39654,390	39657,180	39657,604	39657,844	39658,623	14,531	11,009	3,039	2,249	-13,440	13,440	4,413	19,621	1,000	1000,000	661,000	571,022	215,467
540,000	890,000	1430,000	14,096	21,348	27,653	8,000	56,830	14,645	14,320	2,846	63,568	190,000	105942,179	110101,045	110102,045	110105,690	110106,233	110106,423	110107,134	39582,179	39661,045	39662,045	39665,690	39666,233	39666,423	39667,134	11,149	10,129	2,338	2,100	-13,440	13,440	12,199	15,542	1,000	896,000	597,000	571,022	215,467
580,000	850,000	1430,000	4,478	31,765	25,018	7,000	56,191	12,082	14,368	2,798	56,749	270,000	105942,179	110112,438	110113,438	110114,752	110115,333	110115,603	110116,193	39582,179	39672,438	39673,438	39674,752	39675,334	39675,604	39676,193	9,876	7,153	2,337	1,611	-13,440	13,440	8,756	10,386	1,000	605,000	371,000	571,022	215,467
30,000	560,000	590,000	1,899	28,571	8,294	6,000	70,209	2,727	16,083	1,082	71,633	160,000	105942,179	110119,370	110120,370	110123,362	110123,562	110123,723	110124,123	39582,179	39679,370	39680,370	39683,362	39683,563	39683,723	39684,123	2,252	1,688	0,884	0,779	-13,440	13,440	5,397	6,287	1,000	603,000	156,000	571,022	215,467
90,000	170,000	260,000	19,228	94,118	16,764	0,000	55,693	1,655	15,509	1,656	55,693	160,000	105942,179	110129,210	110130,211	110132,208	110132,409	110132,569	110132,583	39582,179	39689,210	39690,211	39692,208	39692,409	39692,569	39692,583	1,073	1,157	1,075	1,159	-13,440	13,440	NaN	9,782	1,000	1042,000	711,000	571,022	215,467
110,000	20,000	130,000	18,870	0,000	0,000	0,000	55,801	0,000	17,165	0,000	55,801	0,000	105942,179	110133,167	110134,167	110135,212	110135,412	110135,412	110135,433	39582,179	39693,167	39694,167	39695,212	39695,412	39695,412	39695,433	0,000	0,000	0,000	0,000	-13,440	13,440	NaN	NaN	1,000	1033,000	702,000	571,022	215,467
270,000	1160,000	1430,000	9,654	10,345	19,115	13,000	54,605	8,724	17,073	0,093	55,665	120,000	105942,179	110139,437	110140,438	110144,043	110144,323	110144,443	110145,494	39582,179	39699,437	39700,438	39704,043	39704,323	39704,443	39705,494	6,747	5,646	0,031	0,085	-13,440	13,440	9,725	0,340	1,000	781,000	487,000	571,022	215,467
1530,000	-40,000	1490,000	1,534	-0,000	0,000	0,000	0,000	0,000	17,165	0,000	0,000	0,000	105942,179	110150,044	110151,044	110154,935	110156,475	110156,475	110156,443	39582,179	39710,044	39711,044	39714,935	39716,475	39716,475	39716,443	0,000	0,000	0,000	0,000	-13,440	13,440	NaN	NaN	1,000	571,000	270,000	571,022	215,467
350,000	1080,000	1430,000	0,775	21,296	25,854	10,000	53,960	18,418	13,576	3,589	56,464	230,000	105942,179	110157,669	110158,669	110202,482	110202,833	110203,064	110203,924	39582,179	39717,669	39718,669	39722,482	39722,834	39723,064	39723,924	13,618	12,696	2,637	2,698	-13,440	13,440	8,344	15,493	1,000	544,000	210,000	571,022	215,467
370,000	1060,000	1430,000	0,755	13,208	28,841	18,000	53,902	18,093	16,206	0,959	56,963	140,000	105942,179	110207,519	110208,520	110211,787	110212,163	110212,303	110213,235	39582,179	39727,519	39728,520	39731,787	39732,163	39732,303	39733,235	13,549	12,256	0,726	0,656	-13,440	13,440	12,506	6,476	1,000	545,000	222,000	571,022	215,467
30,000	1400,000	1430,000	9,178	10,000	21,648	18,000	56,681	11,189	17,094	0,072	56,004	140,000	105942,179	110216,634	110217,633	110220,483	110220,684	110220,824	110222,093	39582,179	39736,634	39737,633	39740,483	39740,684	39740,824	39742,093	9,549	5,927	0,054	0,058	-13,440	13,440	6,623	0,331	1,000	729,000	501,000	571,022	215,467
550,000	880,000	1430,000	1,989	30,682	31,140	10,000	55,548	18,043	13,598	3,568	56,348	270,000	105942,179	110226,410	110227,411	110229,891	110230,444	110230,714	110231,334	39582,179	39746,410	39747,411	39749,891	39750,444	39750,714	39751,334	14,257	11,121	2,662	2,475	-13,440	13,440	8,697	13,619	1,000	526,000	270,000	571,022	215,467
3010,000	20,000	3030,000	2,739	0,000	0,000	0,000	66,510	0,000	17,165	0,000	66,510	0,000	105942,179	110234,591	110235,591	110238,807	110241,823	110241,823	110241,853	39582,179	39754,591	39755,591	39758,807	39761,823	39761,823	39761,853	0,000	0,000	0,000	0,000	-13,440	13,440	NaN	NaN	1,000	474,000	207,000	571,022	215,467
590,000	840,000	1430,000	5,421	27,381	23,673	8,000	55,208	12,144	15,566	1,599	57,703	230,000	105942,179	110244,777	110245,777	110248,044	110248,644	110248,874	110249,494	39582,179	39764,777	39765,777	39768,044	39768,644	39768,874	39769,494	9,207	8,274	1,386	0,987	-13,440	13,440	9,825	7,877	1,000	710,000	349,000	571,022	215,467
420,000	1010,000	1430,000	2,345	12,871	24,571	11,000	54,470	15,480	16,298	0,867	56,811	130,000	105942,179	110253,178	110254,181	110257,183	110257,615	110257,745	110258,634	39582,179	39773,178	39774,181	39777,183	39777,615	39777,745	39778,634	11,783	10,262	0,717	0,528	-13,440	13,440	7,887	6,889	1,000	599,000	294,000	571,022	215,467
30,000	1000,000	1030,000	2,276	30,000	26,367	11,000	56,790	4,880	14,168	2,998	58,951	300,000	105942,179	110301,463	110302,465	110304,846	110305,047	110305,347	110306,054	39582,179	39781,464	39782,465	39784,846	39785,047	39785,347	39786,054	3,375	3,488	2,332	1,622	-13,440	13,440	0,447	0,355	1,000	579,000	296,000	571,022	215,467
1200,000	230,000	1430,000	18,805	95,652	6,564	0,000	55,055	1,013	16,184	0,981	55,111	220,000	105942,179	110309,749	110310,749	110312,326	110313,533	110313,753	110313,773	39582,179	39789,749	39790,749	39792,327	39793,533	39793,753	39793,773	0,682	0,825	0,661	0,795	-13,440	13,440	NaN	5,518	1,000	1039,000	693,000	571,022	215,467
470,000	960,000	1430,000	3,367	14,583	20,356	12,000	53,662	14,011	16,027	1,138	56,812	140,000	105942,179	110318,538	110319,538	110322,676	110323,153	110323,293	110324,124	39582,179	39798,538	39799,539	39802,676	39803,153	39803,293	39804,124	10,010	10,228	0,811	0,909	-13,440	13,440	7,548	7,343	1,000	667,000	287,000	571,022	215,467
980,000	450,000	1430,000	12,381	28,889	18,218	4,000	55,568	5,056	16,600	0,565	56,677	130,000	105942,179	110327,014	110328,013	110329,119	110330,103	110330,233	110330,564	39582,179	39807,014	39808,013	39809,119	39810,103	39810,233	39810,564	3,772	3,656	0,417	0,446	-13,440	13,440	10,907	3,641	1,000	885,000	524,000	571,022	215,467
30,000	1080,000	1110,000	0,606	12,963	19,263	12,000	55,653	13,403	15,458	1,707	59,471	140,000	105942,179	110334,994	110335,995	110337,932	110338,133	110338,273	110339,213	39582,179	39814,994	39815,995	39817,932	39818,133	39818,273	39819,213	9,874	9,451	1,391	1,182	-13,440	13,440	9,300	13,931	1,000	569,000	194,000	571,022	215,467
510,000	20,000	530,000	0,335	0,000	0,000	0,000	68,552	0,000	17,165	0,000	68,552	0,000	105942,179	110342,188	110343,188	110347,079	110347,593	110347,593	110347,623	39582,179	39822,188	39823,188	39827,079	39827,593	39827,593	39827,623	0,000	0,000	0,000	0,000	-13,440	13,440	NaN	NaN	1,000	560,000	220,000	571,022	215,467
30,000	20,000	50,000	18,821	0,000	0,000	0,000	57,879	0,000	17,165	0,000	57,879	0,000	105942,179	110350,411	110351,411	110354,015	110354,216	110354,216	110354,243	39582,179	39830,411	39831,411	39834,015	39834,216	39834,216	39834,243	0,000	0,000	0,000	0,000	-13,440	13,440	NaN	NaN	1,000	1064,000	668,000	571,022	215,467
390,000	1040,000	1430,000	0,793	16,346	24,221	12,000	54,524	17,046	15,384	1,781	57,687	170,000	105942,179	110359,084	110400,084	110403,918	110404,314	110404,484	110405,363	39582,179	39839,084	39840,085	39843,918	39844,314	39844,484	39845,363	12,824	11,462	1,525	1,010	-13,440	13,440	7,976	8,360	1,000	565,000	243,000	571,022	215,467
430,000	1000,000	1430,000	0,349	15,000	30,112	10,000	53,202	18,477	14,765	2,400	56,487	150,000	105942,179	110408,200	110409,200	110412,519	110412,953	110413,103	110413,963	39582,179	39848,200	39849,200	39852,519	39852,953	39853,103	39853,963	13,444	12,878	1,775	1,630	-13,440	13,440	7,197	15,495	1,000	562,000	224,000	571,022	215,467
430,000	1000,000	1430,000	0,730	20,000	22,969	12,000	53,407	17,625	14,091	3,074	55,938	200,000	105942,179	110416,569	110417,570	110419,269	110419,704	110419,904	110420,714	39582,179	39856,569	39857,570	39859,269	39859,704	39859,904	39860,714	12,872	12,333	2,197	2,368	-13,440	13,440	8,840	18,468	1,000	582,000	239,000	571,022	215,467
30,000	20,000	50,000	20,420	0,000	0,000	0,000	56,807	0,000	17,165	0,000	56,807	0,000	105942,179	110424,161	110425,161	110427,571	110427,771	110427,771	110427,794	39582,179	39864,161	39865,161	39867,571	39867,771	39867,771	39867,794	0,000	0,000	0,000	0,000	-13,440	13,440	NaN	NaN	1,000	1096,000	717,000	571,022	215,467
840,000	590,000	1430,000	10,382	89,831	20,373	1,000	56,115	7,329	11,068	6,097	55,834	530,000	105942,179	110431,796	110432,796	110435,794	110436,643	110437,173	110437,243	39582,179	39871,796	39872,796	39875,794	39876,643	39877,173	39877,243	6,017	4,432	4,997	3,653	-13,440	13,440	1,634	16,907	1,000	800,000	505,000	571,022	215,467
520,000	910,000	1430,000	1,040	17,582	33,832	10,000	53,448	18,709	15,405	1,760	56,715	160,000	105942,179	110440,659	110441,659	110444,292	110444,814	110444,974	110445,733	39582,179	39880,659	39881,659	39884,292	39884,814	39884,974	39885,733	13,743	13,013	1,342	1,232	-13,440	13,440	6,222	10,635	1,000	537,000	201,000	571,022	215,467
30,000	570,000	600,000	7,963	52,632	22,619	2,000	55,504	6,983	11,879	5,286	56,278	300,000	105942,179	110449,061	110450,060	110451,204	110451,405	110451,705	110451,983	39582,179	39889,061	39890,060	39891,204	39891,405	39891,705	39891,983	4,839	5,231	3,718	4,040	-13,440	13,440	15,387	15,241	1,000	784,000	402,000	571,022	215,467
480,000	950,000	1430,000	1,503	21,053	30,998	10,000	52,701	19,771	13,850	3,315	56,448	200,000	105942,179	110455,833	110456,833	110459,155	110459,645	110459,845	110500,603	39582,179	39895,833	39896,833	39899,155	39899,645	39899,845	39900,603	14,200	14,093	2,562	2,322	-13,440	13,440	7,946	16,487	1,000	535,000	176,000	571,022	215,467
180,000	410,000	590,000	16,199	34,146	7,621	4,000	55,430	2,003	16,408	0,758	56,043	140,000	105942,179	110503,363	110504,364	110506,138	110506,338	110506,478	110506,754	39582,179	39903,363	39904,364	39906,138	39906,339	39906,479	39906,754	1,323	1,576	0,516	0,629	-13,440	13,440	4,136	5,824	1,000	975,000	626,000	571,022	215,467
490,000	940,000	1430,000	0,555	26,596	24,635	12,000	54,283	16,674	14,287	2,879	57,561	250,000	105942,179	110511,879	110512,879	110516,302	110516,793	110517,043	110517,744	39582,179	39911,880	39912,879	39916,302	39916,794	39917,044	39917,744	12,468	11,361	2,450	1,576	-13,440	13,440	6,485	11,117	1,000	562,000	233,000	571,022	215,467
530,000	900,000	1430,000	0,156	21,111	26,962	10,000	54,392	17,233	13,897	3,269	57,993	190,000	105942,179	110521,456	110522,456	110524,667	110525,204	110525,394	110526,115	39582,179	39921,456	39922,456	39924,667	39925,204	39925,394	39926,115	12,685	11,981	2,662	2,079	-13,440	13,440	8,948	18,234	1,000	570,000	210,000	571,022	215,467
410,000	960,000	1370,000	1,384	21,875	30,661	8,000	53,708	18,443	13,798	3,367	56,952	210,000	105942,179	110528,743	110529,745	110532,550	110532,964	110533,174	110533,933	39582,179	39928,743	39929,745	39932,550	39932,964	39933,174	39933,933	13,419	12,915	2,500	2,450	-13,440	13,440	11,401	16,138	1,000	538,000	179,000	571,022	215,467
