540,000	890,000	1430,000	4,261	35,955	28,287	9,000	36,566	12,489	19,370	5,810	35,149	320,000	114508,773	114524,018	114525,030	114527,107	114527,656	114527,976	114528,556	42308,773	42324,018	42325,030	42327,107	42327,656	42327,976	42328,556	9,357	8,821	4,754	3,935	13,440	13,440	10,766	15,193	1,000	758,000	319,000	868,622	215,467
30,000	20,000	50,000	18,245	0,000	0,000	0,000	31,575	0,000	25,180	0,000	31,575	0,000	114508,773	114531,849	114532,848	114534,214	114534,415	114534,415	114534,446	42308,773	42331,849	42332,848	42334,214	42334,415	42334,415	42334,446	0,000	0,000	0,000	0,000	13,440	13,440	NaN	NaN	1,000	421,000	685,000	868,622	215,467
340,000	1090,000	1430,000	2,573	29,358	19,426	10,000	36,801	14,665	21,293	3,887	33,952	320,000	114508,773	114538,843	114539,842	114541,988	114542,336	114542,656	114543,435	42308,773	42338,843	42339,842	42341,988	42342,336	42342,656	42343,435	10,529	10,623	3,010	2,778	13,440	13,440	0,286	12,591	1,000	817,000	291,000	868,622	215,467
30,000	1400,000	1430,000	2,610	13,571	19,424	13,000	36,651	14,968	25,068	0,112	32,157	190,000	114508,773	114546,439	114547,439	114550,160	114550,361	114550,551	114551,767	42308,773	42346,439	42347,439	42350,160	42350,361	42350,551	42351,767	10,475	10,983	0,153	0,047	13,440	13,440	8,480	0,601	1,000	805,000	283,000	868,622	215,467
340,000	1090,000	1430,000	2,986	13,761	19,185	14,000	35,846	14,390	23,514	1,666	32,630	150,000	114508,773	114554,756	114555,756	114558,481	114558,827	114558,977	114599,926	42308,773	42354,756	42355,756	42358,481	42358,827	42358,977	42359,926	9,823	10,732	1,223	1,231	13,440	13,440	1,484	11,024	1,000	793,000	290,000	868,622	215,467
240,000	1190,000	1430,000	4,080	11,765	20,218	12,000	34,969	13,868	25,085	0,095	30,055	140,000	114508,773	114602,622	114603,622	114605,189	114605,437	114605,577	114606,635	42308,773	42362,622	42363,623	42365,189	42365,437	42365,577	42366,635	9,580	10,395	0,064	0,095	13,440	13,440	10,703	0,174	1,000	766,000	318,000	868,622	215,467
30,000	30,000	60,000	18,241	0,000	0,000	0,000	31,518	0,000	25,180	0,000	31,518	0,000	114508,773	114609,899	114610,899	114612,837	114613,038	114613,038	114613,076	42308,773	42369,899	42370,899	42372,837	42373,038	42373,038	42373,076	0,000	0,000	0,000	0,000	13,440	13,440	NaN	NaN	1,000	416,000	680,000	868,622	215,467
520,000	910,000	1430,000	4,996	32,967	18,334	8,000	36,655	11,552	20,712	4,468	34,864	300,000	114508,773	114617,197	114618,197	114620,136	114620,665	114620,965	114621,585	42308,773	42377,197	42378,197	42380,136	42380,665	42380,965	42381,585	8,212	8,369	3,259	3,257	13,440	13,440	4,828	14,175	1,000	732,000	329,000	868,622	215,467
30,000	20,000	50,000	19,217	0,000	0,000	0,000	29,103	0,000	25,180	0,000	29,103	0,000	114508,773	114624,622	114625,622	114627,919	114628,120	114628,120	114628,145	42308,773	42384,622	42385,622	42387,919	42388,120	42388,120	42388,145	0,000	0,000	0,000	0,000	13,440	13,440	NaN	NaN	1,000	393,000	706,000	868,622	215,467
440,000	990,000	1430,000	3,410	30,303	20,760	7,000	36,097	13,847	20,725	4,455	34,687	300,000	114508,773	114632,257	114633,257	114636,143	114636,586	114636,886	114637,587	42308,773	42392,257	42393,257	42396,143	42396,586	42396,886	42397,587	9,636	10,225	3,564	3,051	13,440	13,440	3,697	16,566	1,000	778,000	296,000	868,622	215,467
410,000	1020,000	1430,000	5,344	12,745	20,276	15,000	36,557	11,920	23,757	1,423	33,168	130,000	114508,773	114640,668	114641,668	114643,456	114643,877	114644,007	114644,906	42308,773	42400,668	42401,668	42403,456	42403,877	42404,007	42404,906	8,696	8,492	1,237	0,977	13,440	13,440	3,391	11,119	1,000	743,000	358,000	868,622	215,467
360,000	1070,000	1430,000	3,664	11,215	20,439	9,000	35,634	14,089	24,026	1,154	30,977	120,000	114508,773	114648,166	114649,166	114650,443	114650,806	114650,926	114651,885	42308,773	42408,166	42409,166	42410,443	42410,806	42410,926	42411,885	10,106	10,219	0,893	0,814	13,440	13,440	2,839	9,359	1,000	779,000	310,000	868,622	215,467
390,000	1040,000	1430,000	2,708	22,115	20,528	9,000	37,890	13,914	21,854	3,326	36,128	230,000	114508,773	114655,644	114656,645	114658,367	114658,767	114658,997	114659,816	42308,773	42415,644	42416,645	42418,368	42418,767	42418,997	42419,816	10,006	9,937	2,847	2,145	13,440	13,440	6,102	16,100	1,000	801,000	284,000	868,622	215,467
30,000	20,000	50,000	18,647	0,000	0,000	0,000	30,698	0,000	25,180	0,000	30,698	0,000	114508,773	114702,353	114703,353	114707,314	114707,515	114707,515	114707,545	42308,773	42422,353	42423,353	42427,314	42427,515	42427,515	42427,545	0,000	0,000	0,000	0,000	13,440	13,440	NaN	NaN	1,000	415,000	699,000	868,622	215,467
250,000	1180,000	1430,000	2,018	23,729	19,414	12,000	36,212	15,323	23,686	1,494	30,922	280,000	114508,773	114711,553	114712,553	114715,822	114716,075	114716,355	114717,266	42308,773	42431,553	42432,553	42435,822	42436,075	42436,355	42437,266	10,741	11,336	0,908	1,251	13,440	13,440	6,304	10,358	1,000	814,000	262,000	868,622	215,467
370,000	1060,000	1430,000	2,907	31,132	19,341	10,000	35,645	14,606	20,774	4,406	33,994	330,000	114508,773	114720,080	114721,081	114723,954	114724,326	114724,656	114725,396	42308,773	42440,080	42441,081	42443,954	42444,326	42444,656	42445,396	9,967	10,943	3,349	3,140	13,440	13,440	0,105	12,377	1,000	794,000	287,000	868,622	215,467
410,000	1020,000	1430,000	3,805	11,765	17,973	13,000	36,801	13,142	24,044	1,137	32,893	120,000	114508,773	114729,038	114730,037	114731,414	114731,825	114731,945	114732,856	42308,773	42449,038	42450,037	42451,414	42451,825	42451,945	42452,856	9,376	9,497	0,848	0,854	13,440	13,440	0,507	10,032	1,000	763,000	300,000	868,622	215,467
30,000	1400,000	1430,000	0,687	10,000	23,362	17,000	38,919	17,298	24,877	0,303	32,028	140,000	114508,773	114736,379	114737,378	114741,312	114741,512	114741,652	114742,916	42308,773	42456,379	42457,378	42461,312	42461,513	42461,653	42462,916	13,040	11,965	0,191	0,228	13,440	13,440	9,160	2,072	1,000	893,000	217,000	868,622	215,467
30,000	130,000	160,000	16,632	0,000	1,901	0,000	35,546	0,137	25,180	0,000	35,433	0,000	114508,773	114745,222	114746,224	114749,179	114749,380	114749,380	114749,515	42308,773	42465,222	42466,224	42469,179	42469,380	42469,380	42469,515	0,116	0,086	0,000	0,000	13,440	13,440	0,969	NaN	1,000	442,000	625,000	868,622	215,467
30,000	900,000	930,000	0,805	17,778	34,029	8,000	42,903	12,294	21,625	3,555	43,688	160,000	114508,773	114750,994	114751,995	114754,451	114754,651	114754,811	114755,555	42308,773	42470,994	42471,995	42474,451	42474,651	42474,811	42475,555	7,201	9,562	1,544	2,956	13,440	13,440	15,296	13,872	1,000	842,000	226,000	868,622	215,467
350,000	1080,000	1430,000	2,634	27,778	29,073	14,000	35,963	14,970	22,209	2,971	32,435	300,000	114508,773	114758,011	114759,011	114800,654	114801,005	114801,305	114802,097	42308,773	42478,011	42479,012	42480,654	42481,005	42481,305	42482,097	10,718	10,940	2,367	2,161	13,440	13,440	5,785	13,937	1,000	807,000	286,000	868,622	215,467
380,000	1050,000	1430,000	3,066	14,286	22,380	10,000	36,508	14,127	23,952	1,228	33,214	150,000	114508,773	114805,070	114806,070	114808,532	114808,916	114809,066	114809,977	42308,773	42485,070	42486,070	42488,532	42488,916	42489,066	42489,977	9,806	10,429	1,009	0,864	13,440	13,440	1,794	9,062	1,000	791,000	292,000	868,622	215,467
200,000	70,000	270,000	18,701	0,000	0,896	0,000	30,343	0,040	25,180	0,000	30,318	0,000	114508,773	114812,778	114813,778	114815,072	114815,277	114815,277	114815,356	42308,773	42492,778	42493,778	42495,072	42495,277	42495,277	42495,356	0,030	0,030	0,000	0,000	13,440	13,440	0,170	NaN	1,000	408,000	695,000	868,622	215,467
380,000	1050,000	1430,000	3,802	13,333	20,339	11,000	36,516	13,284	23,931	1,249	32,825	140,000	114508,773	114820,277	114821,277	114822,479	114822,867	114823,007	114823,926	42308,773	42500,277	42501,277	42502,479	42502,867	42503,007	42503,926	9,414	9,684	1,005	0,874	13,440	13,440	2,859	9,598	1,000	772,000	310,000	868,622	215,467
130,000	140,000	270,000	17,347	92,857	0,926	0,000	33,200	0,087	25,096	0,084	33,200	130,000	114508,773	114827,186	114828,187	114831,779	114831,980	114832,110	114832,127	42308,773	42507,187	42508,188	42511,779	42511,980	42512,110	42512,127	0,028	0,085	0,028	0,082	13,440	13,440	NaN	0,543	1,000	426,000	645,000	868,622	215,467
30,000	80,000	110,000	17,627	0,000	0,821	0,000	32,602	0,040	25,180	0,000	32,579	0,000	114508,773	114835,723	114836,724	114840,423	114840,624	114840,624	114840,707	42308,773	42515,723	42516,724	42520,423	42520,624	42520,624	42520,707	0,029	0,029	0,000	0,000	13,440	13,440	0,217	NaN	1,000	417,000	650,000	868,622	215,467
30,000	1310,000	1340,000	18,745	12,977	16,284	16,000	30,299	9,736	23,166	2,014	30,963	170,000	114508,773	114841,298	114842,297	114844,963	114845,164	114845,334	114846,475	42308,773	42521,298	42522,297	42524,964	42525,164	42525,334	42526,475	5,850	7,848	2,115	1,162	13,440	13,440	11,276	11,005	1,000	384,000	673,000	868,622	215,467
270,000	1160,000	1430,000	2,594	12,931	21,164	15,000	34,568	15,909	25,104	0,076	28,150	150,000	114508,773	114847,080	114848,081	114849,558	114849,835	114849,985	114851,007	42308,773	42527,080	42528,081	42529,559	42529,835	42529,985	42531,007	11,195	11,856	0,073	0,063	13,440	13,440	8,598	0,272	1,000	795,000	271,000	868,622	215,467
390,000	450,000	840,000	19,657	28,889	4,361	5,000	27,163	0,970	24,729	0,452	27,145	130,000	114508,773	114853,279	114854,280	114855,901	114856,296	114856,426	114856,757	42308,773	42533,279	42534,280	42535,901	42536,296	42536,426	42536,757	0,396	0,873	0,163	0,420	13,440	13,440	3,253	3,502	1,000	363,000	698,000	868,622	215,467
610,000	230,000	840,000	15,834	78,261	7,028	1,000	36,064	0,752	24,488	0,692	36,149	180,000	114508,773	114857,352	114858,352	114901,154	114901,767	114901,947	114902,005	42308,773	42537,352	42538,352	42541,154	42541,767	42541,947	42542,005	0,337	0,623	0,338	0,548	13,440	13,440	0,452	1,378	1,000	467,000	610,000	868,622	215,467
300,000	20,000	320,000	19,160	0,000	0,000	0,000	28,377	0,000	25,180	0,000	28,377	0,000	114508,773	114906,467	114907,467	114911,451	114911,756	114911,756	114911,785	42308,773	42546,467	42547,468	42551,451	42551,756	42551,756	42551,785	0,000	0,000	0,000	0,000	13,440	13,440	NaN	NaN	1,000	363,000	672,000	868,622	215,467
30,000	50,000	80,000	19,018	0,000	0,575	0,000	29,516	0,025	25,180	0,000	29,551	0,000	114508,773	114915,110	114916,111	114919,304	114919,505	114919,505	114919,565	42308,773	42555,111	42556,112	42559,305	42559,505	42559,505	42559,565	0,000	0,029	0,000	0,000	13,440	13,440	0,050	NaN	1,000	398,000	701,000	868,622	215,467
250,000	20,000	270,000	18,240	0,000	0,000	0,000	31,385	0,000	25,180	0,000	31,385	0,000	114508,773	114923,648	114924,648	114926,750	114927,005	114927,005	114927,035	42308,773	42563,648	42564,649	42566,750	42567,005	42567,005	42567,035	0,000	0,000	0,000	0,000	13,440	13,440	NaN	NaN	1,000	413,000	677,000	868,622	215,467
30,000	40,000	70,000	19,060	0,000	0,319	0,000	29,570	0,014	25,179	0,001	29,589	0,000	114508,773	114931,294	114932,295	114933,681	114933,881	114933,881	114933,925	42308,773	42571,294	42572,295	42573,681	42573,881	42573,881	42573,925	0,000	0,000	0,000	0,000	13,440	13,440	0,014	NaN	1,000	400,000	705,000	868,622	215,467
650,000	780,000	1430,000	6,268	21,795	23,227	7,000	36,897	9,849	23,233	1,948	35,909	170,000	114508,773	114940,674	114941,674	114944,742	114945,395	114945,565	114946,187	42308,773	42580,674	42581,674	42584,742	42585,395	42585,565	42586,187	6,878	7,173	1,780	1,139	13,440	13,440	1,214	9,068	1,000	713,000	375,000	868,622	215,467
30,000	600,000	630,000	18,541	30,000	6,511	6,000	31,990	1,673	24,828	0,352	33,255	180,000	114508,773	114949,789	114950,789	114952,000	114952,200	114952,380	114952,805	42308,773	42589,790	42590,790	42592,000	42592,200	42592,380	42592,805	0,338	1,773	0,047	0,397	13,440	13,440	0,753	0,911	1,000	411,000	690,000	868,622	215,467
140,000	80,000	220,000	16,851	0,000	0,445	0,000	35,134	0,033	25,179	0,001	35,104	0,000	114508,773	114958,127	114959,127	115002,770	115002,971	115002,971	115003,056	42308,773	42598,127	42599,127	42602,771	42602,971	42602,971	42603,056	0,030	0,000	0,000	0,000	13,440	13,440	0,328	NaN	1,000	454,000	648,000	868,622	215,467
340,000	1090,000	1430,000	1,396	34,862	30,101	8,000	36,701	15,819	20,162	5,018	35,509	380,000	114508,773	115004,197	115005,198	115006,989	115007,335	115007,715	115008,435	42308,773	42604,197	42605,198	42606,989	42607,335	42607,715	42608,435	11,044	11,620	4,141	3,294	13,440	13,440	3,076	12,938	1,000	840,000	256,000	868,622	215,467
120,000	1310,000	1430,000	1,893	12,214	23,779	21,000	37,398	14,948	24,728	0,452	32,482	160,000	114508,773	115011,190	115012,190	115015,433	115015,634	115015,794	115016,946	42308,773	42611,190	42612,190	42615,433	42615,634	42615,794	42616,946	10,579	10,871	0,254	0,339	13,440	13,440	9,580	0,205	1,000	822,000	264,000	868,622	215,467
70,000	20,000	90,000	17,783	0,000	0,000	0,000	32,364	0,000	25,180	0,000	32,364	0,000	114508,773	115020,482	115021,483	115024,284	115024,485	115024,485	115024,515	42308,773	42620,483	42621,483	42624,284	42624,485	42624,485	42624,515	0,000	0,000	0,000	0,000	13,440	13,440	NaN	NaN	1,000	417,000	658,000	868,622	215,467
