640,000	790,000	1430,000	8,074	21,519	35,988	6,000	32,858	9,748	25,080	0,100	31,253	170,000	111047,346	111113,496	111114,497	111115,500	111116,143	111116,313	111116,943	40247,346	40273,496	40274,497	40275,500	40276,143	40276,313	40276,944	5,749	7,939	0,058	0,083	13,440	13,440	4,534	0,756	1,000	629,000	373,000	868,978	215,467
100,000	400,000	500,000	17,686	40,000	1,648	4,000	32,176	0,320	25,109	0,071	32,137	160,000	111047,346	111122,148	111123,147	111124,856	111125,056	111125,216	111125,463	40247,346	40282,148	40283,147	40284,856	40285,056	40285,216	40285,464	0,197	0,254	0,054	0,054	13,440	13,440	0,702	0,098	1,000	397,000	631,000	868,978	215,467
920,000	510,000	1430,000	4,912	35,294	32,490	4,000	38,930	10,383	21,802	3,378	38,031	180,000	111047,346	111132,910	111133,909	111137,289	111138,214	111138,394	111138,733	40247,346	40292,910	40293,909	40297,289	40298,214	40298,394	40298,733	6,457	8,164	1,778	3,030	13,440	13,440	16,467	24,002	1,000	713,000	294,000	868,978	215,467
30,000	90,000	120,000	3,046	0,000	3,603	0,000	71,206	0,182	25,180	0,000	71,429	0,000	111047,346	111150,507	111151,507	111153,165	111153,366	111153,366	111153,464	40247,346	40310,507	40311,507	40313,165	40313,366	40313,366	40313,464	0,142	0,143	0,008	0,000	13,440	13,440	2,768	NaN	1,000	766,000	249,000	868,978	215,467
470,000	260,000	730,000	17,425	76,923	45,887	1,000	24,333	4,019	21,270	3,910	24,395	200,000	111047,346	111212,723	111213,723	111217,148	111217,623	111217,823	111217,893	40247,346	40332,723	40333,723	40337,148	40337,623	40337,823	40337,893	1,913	3,547	1,890	3,454	13,440	13,440	2,058	1,356	1,000	388,000	606,000	868,978	215,467
30,000	290,000	320,000	16,347	96,552	8,875	0,000	34,013	1,370	23,811	1,369	34,013	280,000	111047,346	111226,014	111227,015	111228,173	111228,373	111228,653	111228,674	40247,346	40346,014	40347,015	40348,173	40348,373	40348,653	40348,674	0,534	1,294	0,535	1,293	13,440	13,440	NaN	4,162	1,000	521,000	681,000	868,978	215,467
30,000	320,000	350,000	18,084	96,875	10,619	0,000	38,338	1,381	23,801	1,379	38,338	310,000	111047,346	111239,183	111240,184	111241,364	111241,564	111241,875	111241,894	40247,346	40359,183	40360,184	40361,364	40361,565	40361,875	40361,894	1,408	0,619	1,407	0,619	13,440	13,440	NaN	0,606	1,000	444,000	698,000	868,978	215,467
240,000	820,000	1060,000	15,933	34,146	8,714	8,000	32,471	2,401	24,566	0,614	32,486	280,000	111047,346	111251,165	111252,165	111255,327	111255,573	111255,853	111256,403	40247,346	40371,165	40372,165	40375,327	40375,574	40375,854	40376,403	1,378	1,969	0,403	0,502	13,440	13,440	2,847	3,508	1,000	495,000	641,000	868,978	215,467
220,000	1090,000	1310,000	16,961	12,844	13,704	12,000	24,586	5,694	25,113	0,067	20,147	140,000	111047,346	111308,628	111309,629	111313,528	111313,754	111313,894	111314,853	40247,346	40388,628	40389,629	40393,528	40393,754	40393,894	40394,853	4,082	4,474	0,055	0,054	13,440	13,440	6,566	0,378	1,000	431,000	630,000	868,978	215,467
400,000	1030,000	1430,000	0,438	17,476	27,539	12,000	36,069	17,356	23,723	1,457	32,685	180,000	111047,346	111321,713	111322,713	111324,538	111324,943	111325,123	111325,983	40247,346	40401,713	40402,713	40404,538	40404,943	40405,123	40405,983	11,958	12,917	1,226	1,051	13,440	13,440	4,730	10,707	1,000	882,000	224,000	868,978	215,467
60,000	230,000	290,000	12,933	73,913	0,804	2,000	46,174	0,137	25,069	0,111	46,219	170,000	111047,346	111338,481	111339,483	111341,110	111341,310	111341,480	111341,543	40247,346	40418,481	40419,483	40421,110	40421,310	40421,480	40421,544	0,000	0,198	0,000	0,161	13,440	13,440	0,003	0,682	1,000	672,000	631,000	868,978	215,467
30,000	150,000	180,000	18,413	93,333	2,417	0,000	32,302	0,210	24,972	0,208	32,302	140,000	111047,346	111348,515	111349,516	111351,680	111351,881	111352,021	111352,034	40247,346	40428,516	40429,516	40431,680	40431,881	40432,021	40432,034	0,169	0,141	0,169	0,138	13,440	13,440	NaN	1,473	1,000	447,000	716,000	868,978	215,467
30,000	1120,000	1150,000	19,331	29,464	20,598	6,000	27,046	6,080	24,262	0,918	23,185	330,000	111047,346	111359,608	111400,608	111402,256	111402,457	111402,787	111403,583	40247,346	40439,608	40440,608	40442,256	40442,457	40442,787	40443,583	4,333	4,669	0,377	0,830	13,440	13,440	1,284	1,587	1,000	509,000	801,000	868,978	215,467
670,000	760,000	1430,000	4,797	31,579	26,506	7,000	41,657	8,456	23,083	2,097	40,417	240,000	111047,346	111437,301	111438,301	111439,979	111440,653	111440,893	111441,423	40247,346	40477,301	40478,301	40479,979	40480,653	40480,893	40481,423	5,798	6,131	1,133	1,692	13,440	13,440	13,242	4,774	1,000	727,000	310,000	868,978	215,467
30,000	250,000	280,000	11,315	96,000	5,158	0,000	46,877	0,662	24,519	0,661	46,877	240,000	111047,346	111453,333	111454,333	111456,612	111456,813	111457,053	111457,073	40247,346	40493,333	40494,333	40496,612	40496,813	40497,053	40497,073	0,198	0,763	0,198	0,763	13,440	13,440	NaN	2,722	1,000	644,000	549,000	868,978	215,467
30,000	1390,000	1420,000	1,534	19,424	37,986	18,000	42,816	15,596	20,175	5,005	45,449	270,000	111047,346	111510,423	111511,423	111514,924	111515,125	111515,395	111516,523	40247,346	40510,423	40511,423	40514,924	40515,125	40515,395	40516,523	10,238	11,621	3,846	3,108	13,440	13,440	1,390	5,180	1,000	866,000	161,000	868,978	215,467
390,000	380,000	770,000	21,360	84,211	7,953	1,000	30,898	0,975	24,247	0,933	30,885	320,000	111047,346	111529,499	111530,499	111531,788	111532,183	111532,503	111532,573	40247,346	40529,499	40530,499	40531,788	40532,183	40532,503	40532,573	2,000	0,000	1,935	0,000	13,440	13,440	0,162	0,525	1,000	538,000	899,000	868,978	215,467
2390,000	340,000	2730,000	14,298	52,941	22,223	2,000	29,220	4,735	22,015	3,165	30,350	180,000	111047,346	111610,571	111611,570	111613,431	111615,825	111616,005	111616,173	40247,346	40570,571	40571,570	40573,431	40575,825	40576,005	40576,173	0,480	5,239	0,287	3,550	13,440	13,440	11,050	17,972	1,000	522,000	587,000	868,978	215,467
30,000	1400,000	1430,000	14,488	15,000	21,540	13,000	29,260	9,311	23,887	1,293	25,446	210,000	111047,346	111629,008	111630,009	111631,704	111631,905	111632,115	111633,313	40247,346	40589,008	40590,009	40591,704	40591,905	40592,115	40593,313	5,793	7,494	0,228	1,328	13,440	13,440	4,266	1,582	1,000	621,000	667,000	868,978	215,467
30,000	20,000	50,000	19,911	0,000	0,000	0,000	26,158	0,000	25,180	0,000	26,158	0,000	111047,346	111642,757	111643,758	111645,623	111645,823	111645,823	111645,854	40247,346	40602,757	40603,758	40605,623	40605,823	40605,823	40605,854	0,000	0,000	0,000	0,000	13,440	13,440	NaN	NaN	1,000	333,000	678,000	868,978	215,467
440,000	990,000	1430,000	0,704	26,263	50,694	11,000	36,758	21,127	21,159	4,021	39,314	260,000	111047,346	111653,689	111654,689	111657,709	111658,153	111658,413	111659,153	40247,346	40613,690	40614,689	40617,710	40618,153	40618,413	40619,153	12,697	16,830	3,451	2,522	13,440	13,440	5,789	21,197	1,000	894,000	215,000	868,978	215,467
490,000	940,000	1430,000	4,843	41,489	24,831	6,000	35,049	13,477	20,441	4,739	33,557	390,000	111047,346	111702,773	111703,773	111706,646	111707,145	111707,535	111708,093	40247,346	40622,773	40623,773	40626,646	40627,145	40627,535	40628,093	9,267	10,029	3,586	3,353	13,440	13,440	0,883	7,952	1,000	748,000	338,000	868,978	215,467
60,000	160,000	220,000	2,606	93,750	1,812	0,000	72,463	0,143	25,038	0,142	72,463	150,000	111047,346	111713,516	111714,516	111717,792	111717,993	111718,143	111718,163	40247,346	40633,516	40634,516	40637,792	40637,993	40638,143	40638,163	0,141	0,029	0,141	0,026	13,440	13,440	NaN	0,699	1,000	924,000	290,000	868,978	215,467
500,000	420,000	920,000	9,742	59,524	31,510	4,000	34,387	8,493	20,785	4,395	35,335	250,000	111047,346	111721,847	111722,847	111726,580	111727,083	111727,333	111727,513	40247,346	40641,847	40642,847	40646,580	40647,083	40647,333	40647,513	5,109	6,798	3,361	3,127	13,440	13,440	7,374	27,791	1,000	670,000	499,000	868,978	215,467
30,000	280,000	310,000	18,465	57,143	2,214	2,000	32,390	0,404	24,901	0,279	32,568	160,000	111047,346	111734,328	111735,328	111738,179	111738,380	111738,540	111738,664	40247,346	40654,328	40655,328	40658,179	40658,380	40658,540	40658,664	0,000	0,480	0,000	0,332	13,440	13,440	0,497	1,504	1,000	465,000	733,000	868,978	215,467
30,000	1400,000	1430,000	4,674	15,000	28,861	18,000	30,785	14,950	24,989	0,191	33,303	210,000	111047,346	111747,492	111748,492	111749,977	111750,178	111750,388	111751,584	40247,346	40667,492	40668,492	40669,977	40670,178	40670,388	40671,584	6,727	13,445	0,028	0,211	13,440	13,440	11,292	0,458	1,000	739,000	319,000	868,978	215,467
60,000	20,000	80,000	15,767	0,000	0,000	0,000	38,401	0,000	25,180	0,000	38,401	0,000	111047,346	111755,152	111756,154	111759,515	111759,715	111759,715	111759,743	40247,346	40675,152	40676,154	40679,515	40679,715	40679,715	40679,743	0,000	0,000	0,000	0,000	13,440	13,440	NaN	NaN	1,000	516,000	651,000	868,978	215,467
150,000	90,000	240,000	18,372	0,000	1,082	0,000	32,763	0,056	25,180	0,000	32,688	0,000	111047,346	111810,300	111811,300	111814,364	111814,565	111814,565	111814,664	40247,346	40690,300	40691,300	40694,364	40694,565	40694,565	40694,664	0,058	0,029	0,000	0,000	13,440	13,440	0,536	NaN	1,000	473,000	735,000	868,978	215,467
1000,000	270,000	1270,000	13,542	96,296	35,865	0,000	30,151	5,252	19,929	5,252	30,151	260,000	111047,346	111820,902	111821,903	111824,314	111825,324	111825,584	111825,604	40247,346	40700,902	40701,903	40704,314	40705,324	40705,584	40705,604	2,587	4,473	2,587	4,472	13,440	13,440	NaN	8,621	1,000	492,000	515,000	868,978	215,467
30,000	1400,000	1430,000	12,062	12,143	19,524	17,000	34,425	6,929	25,139	0,041	28,165	170,000	111047,346	111839,589	111840,589	111842,273	111842,473	111842,643	111843,883	40247,346	40719,589	40720,589	40722,273	40722,473	40722,643	40723,883	6,148	4,408	0,096	0,000	13,440	13,440	6,451	0,253	1,000	607,000	555,000	868,978	215,467
540,000	890,000	1430,000	6,693	14,607	32,580	7,000	29,347	12,140	24,548	0,632	29,640	130,000	111047,346	111850,737	111851,737	111854,434	111854,983	111855,113	111855,883	40247,346	40730,737	40731,737	40734,434	40734,983	40735,113	40735,883	5,857	10,735	0,400	0,557	13,440	13,440	24,279	3,551	1,000	703,000	386,000	868,978	215,467
1910,000	280,000	2190,000	14,713	96,429	2,601	0,000	39,593	0,267	24,915	0,265	39,593	270,000	111047,346	111918,225	111919,226	111921,197	111923,113	111923,383	111923,403	40247,346	40758,225	40759,226	40761,197	40763,113	40763,383	40763,403	0,114	0,253	0,113	0,253	13,440	13,440	NaN	0,022	1,000	438,000	512,000	868,978	215,467
120,000	20,000	140,000	3,560	0,000	0,000	0,000	68,918	0,000	25,180	0,000	68,918	0,000	111047,346	111930,333	111931,333	111934,073	111934,274	111934,274	111934,303	40247,346	40770,333	40771,333	40774,073	40774,274	40774,274	40774,303	0,000	0,000	0,000	0,000	13,440	13,440	NaN	NaN	1,000	773,000	298,000	868,978	215,467
30,000	280,000	310,000	16,604	96,429	2,719	0,000	37,075	0,438	24,744	0,436	37,075	270,000	111047,346	111936,417	111937,418	111940,344	111940,544	111940,814	111940,833	40247,346	40776,418	40777,418	40780,344	40780,544	40780,814	40780,833	0,621	0,084	0,621	0,084	13,440	13,440	NaN	0,839	1,000	539,000	705,000	868,978	215,467
30,000	1400,000	1430,000	14,968	15,000	24,017	13,000	26,504	8,525	24,803	0,377	25,537	210,000	111047,346	111954,012	111955,012	111957,351	111957,552	111957,762	111958,953	40247,346	40794,012	40795,013	40797,351	40797,552	40797,762	40798,953	4,059	7,529	0,038	0,404	13,440	13,440	1,378	1,271	1,000	566,000	653,000	868,978	215,467
30,000	130,000	160,000	15,066	92,308	0,476	0,000	42,713	0,040	25,142	0,038	42,713	120,000	111047,346	112006,438	112007,438	112011,142	112011,342	112011,462	112011,484	40247,346	40806,438	40807,438	40811,142	40811,342	40811,462	40811,484	0,030	0,028	0,029	0,028	13,440	13,440	NaN	0,037	1,000	647,000	703,000	868,978	215,467
30,000	160,000	190,000	11,746	0,000	0,784	0,000	48,383	0,081	25,180	0,000	48,395	0,000	111047,346	112021,973	112022,972	112024,555	112024,756	112024,756	112024,923	40247,346	40821,973	40822,972	40824,555	40824,756	40824,756	40824,923	0,058	0,058	0,000	0,000	13,440	13,440	0,538	NaN	1,000	623,000	553,000	868,978	215,467
3010,000	20,000	3030,000	20,393	0,000	0,000	0,000	34,894	0,000	25,180	0,000	34,894	0,000	111047,346	112036,655	112037,654	112040,842	112043,853	112043,853	112043,884	40247,346	40836,655	40837,654	40840,842	40843,853	40843,853	40843,884	0,000	0,000	0,000	0,000	13,440	13,440	NaN	NaN	1,000	627,000	899,000	868,978	215,467
440,000	970,000	1410,000	1,184	20,619	36,912	8,000	34,878	17,113	23,539	1,641	36,738	200,000	111047,346	112131,173	112132,174	112133,685	112134,134	112134,334	112135,113	40247,346	40891,173	40892,174	40893,685	40894,134	40894,334	40895,113	9,086	14,545	0,933	1,365	13,440	13,440	3,657	1,341	1,000	841,000	184,000	868,978	215,467
30,000	560,000	590,000	12,556	35,714	30,360	2,000	38,875	5,557	25,022	0,159	34,923	200,000	111047,346	112159,041	112200,041	112202,925	112203,127	112203,327	112203,693	40247,346	40919,041	40920,041	40922,926	40923,127	40923,327	40923,693	4,868	3,300	0,082	0,141	13,440	13,440	20,366	0,048	1,000	678,000	619,000	868,978	215,467
