30,000	20,000	50,000	18,984	0,000	0,000	0,000	56,904	0,000	17,165	0,000	56,904	0,000	103034,006	103039,728	103040,728	103042,629	103042,830	103042,830	103042,855	37834,006	37839,728	37840,728	37842,630	37842,830	37842,830	37842,855	0,000	0,000	0,000	0,000	-13,440	13,440	NaN	NaN	1,000	1054,000	687,000	571,022	215,467
630,000	800,000	1430,000	9,572	35,000	16,200	6,000	54,533	7,989	14,942	2,224	56,238	280,000	103034,006	103047,951	103048,951	103050,913	103051,546	103051,826	103052,356	37834,006	37847,951	37848,951	37850,914	37851,546	37851,826	37852,356	5,669	5,988	1,641	1,639	-13,440	13,440	9,222	3,930	1,000	825,000	442,000	571,022	215,467
670,000	760,000	1430,000	7,408	19,737	18,621	13,000	53,876	9,625	15,802	1,363	55,548	150,000	103034,006	103056,739	103057,738	103101,412	103102,086	103102,236	103102,857	37834,006	37856,739	37857,738	37861,412	37862,086	37862,236	37862,857	6,973	7,000	1,023	1,085	-13,440	13,440	4,901	7,274	1,000	758,000	401,000	571,022	215,467
500,000	930,000	1430,000	4,830	22,581	21,864	8,000	54,141	12,118	14,074	3,091	56,397	210,000	103034,006	103105,821	103106,822	103107,841	103108,346	103108,556	103109,285	37834,006	37865,821	37866,822	37867,841	37868,346	37868,556	37869,285	8,764	8,699	2,344	2,248	-13,440	13,440	6,928	16,894	1,000	699,000	330,000	571,022	215,467
30,000	20,000	50,000	19,062	0,000	0,000	0,000	56,499	0,000	17,165	0,000	56,499	0,000	103034,006	103112,425	103113,426	103115,598	103115,798	103115,798	103115,826	37834,006	37872,425	37873,426	37875,598	37875,798	37875,798	37875,826	0,000	0,000	0,000	0,000	-13,440	13,440	NaN	NaN	1,000	1050,000	695,000	571,022	215,467
540,000	890,000	1430,000	6,587	13,483	20,927	12,000	54,276	11,007	16,153	1,012	57,158	120,000	103034,006	103119,845	103120,845	103123,994	103124,536	103124,656	103125,435	37834,006	37879,845	37880,845	37883,994	37884,536	37884,656	37885,435	7,934	8,003	0,884	0,733	-13,440	13,440	10,048	7,954	1,000	747,000	370,000	571,022	215,467
530,000	900,000	1430,000	7,190	23,333	18,737	10,000	54,283	10,594	14,857	2,308	56,054	210,000	103034,006	103128,800	103129,801	103131,438	103131,977	103132,187	103132,886	37834,006	37888,800	37889,801	37891,438	37891,977	37892,187	37892,886	7,703	7,554	1,707	1,727	-13,440	13,440	2,763	10,037	1,000	753,000	395,000	571,022	215,467
550,000	880,000	1430,000	6,514	23,864	21,531	11,000	54,372	10,848	14,439	2,726	56,248	210,000	103034,006	103136,462	103137,462	103138,841	103139,397	103139,607	103140,285	37834,006	37896,462	37897,463	37898,841	37899,397	37899,607	37900,285	7,995	7,602	2,022	2,033	-13,440	13,440	1,219	11,146	1,000	732,000	382,000	571,022	215,467
520,000	910,000	1430,000	4,076	20,879	19,099	9,000	53,229	13,575	14,853	2,312	56,548	190,000	103034,006	103143,030	103144,029	103147,822	103148,345	103148,535	103149,265	37834,006	37903,030	37904,029	37907,822	37908,345	37908,535	37909,265	9,761	9,841	1,878	1,519	-13,440	13,440	1,904	11,849	1,000	680,000	311,000	571,022	215,467
500,000	930,000	1430,000	3,507	19,355	20,864	9,000	52,843	13,698	14,895	2,270	55,803	180,000	103034,006	103151,881	103152,880	103154,653	103155,155	103155,335	103156,095	37834,006	37911,881	37912,880	37914,653	37915,155	37915,335	37916,095	9,587	10,257	1,681	1,701	-13,440	13,440	2,966	11,772	1,000	671,000	290,000	571,022	215,467
570,000	860,000	1430,000	0,459	17,442	26,811	10,000	52,359	17,435	14,528	2,638	56,267	150,000	103034,006	103158,319	103159,320	103202,214	103202,786	103202,936	103203,656	37834,006	37918,319	37919,320	37922,214	37922,786	37922,936	37923,656	12,326	12,887	2,135	1,769	-13,440	13,440	2,328	17,652	1,000	586,000	209,000	571,022	215,467
480,000	950,000	1430,000	2,289	23,158	23,550	10,000	52,117	15,697	14,000	3,165	55,721	220,000	103034,006	103205,894	103206,894	103210,415	103210,905	103211,125	103211,865	37834,006	37925,894	37926,894	37930,415	37930,905	37931,125	37931,865	10,902	11,804	2,399	2,325	-13,440	13,440	2,306	13,729	1,000	641,000	257,000	571,022	215,467
590,000	840,000	1430,000	3,372	17,857	21,488	12,000	53,083	13,744	14,647	2,518	55,879	150,000	103034,006	103214,349	103215,349	103216,643	103217,235	103217,385	103218,087	37834,006	37934,349	37935,349	37936,643	37937,235	37937,385	37938,087	9,801	10,050	1,865	1,921	-13,440	13,440	5,405	17,472	1,000	658,000	298,000	571,022	215,467
490,000	940,000	1430,000	1,862	13,830	23,867	10,000	52,410	15,932	14,974	2,191	55,881	130,000	103034,006	103220,470	103221,470	103224,157	103224,656	103224,786	103225,607	37834,006	37940,470	37941,470	37944,157	37944,656	37944,786	37945,607	11,103	11,659	1,542	1,567	-13,440	13,440	8,001	16,415	1,000	620,000	260,000	571,022	215,467
490,000	940,000	1430,000	0,909	15,957	25,774	11,000	52,759	16,395	14,590	2,576	56,049	150,000	103034,006	103227,870	103228,871	103231,278	103231,776	103231,926	103232,726	37834,006	37947,870	37948,871	37951,278	37951,776	37951,926	37952,726	11,740	11,899	1,971	1,884	-13,440	13,440	5,824	17,676	1,000	596,000	236,000	571,022	215,467
540,000	890,000	1430,000	3,471	22,472	20,413	11,000	53,172	13,641	14,252	2,913	56,033	200,000	103034,006	103234,861	103235,861	103239,595	103240,146	103240,346	103241,047	37834,006	37954,861	37955,861	37959,595	37960,146	37960,346	37961,047	9,798	9,895	2,287	2,045	-13,440	13,440	4,502	14,392	1,000	658,000	303,000	571,022	215,467
460,000	970,000	1430,000	2,849	17,526	22,089	10,000	52,135	14,576	14,695	2,470	55,853	170,000	103034,006	103243,266	103244,265	103246,395	103246,865	103247,035	103247,846	37834,006	37963,266	37964,265	37966,395	37966,865	37967,035	37967,847	9,971	11,187	1,851	1,857	-13,440	13,440	1,452	12,804	1,000	662,000	260,000	571,022	215,467
550,000	880,000	1430,000	2,321	22,727	24,497	12,000	52,930	15,512	13,937	3,228	55,696	200,000	103034,006	103250,396	103251,397	103252,464	103253,015	103253,215	103253,906	37834,006	37970,396	37971,397	37972,464	37973,015	37973,215	37973,907	11,214	11,101	2,512	2,282	-13,440	13,440	6,228	18,432	1,000	626,000	277,000	571,022	215,467
500,000	930,000	1430,000	3,115	19,355	20,473	10,000	52,802	14,497	14,615	2,550	55,758	180,000	103034,006	103256,524	103257,526	103300,515	103301,025	103301,205	103301,966	37834,006	37976,524	37977,526	37980,515	37981,025	37981,205	37981,966	10,371	10,514	2,026	1,756	-13,440	13,440	0,110	13,276	1,000	646,000	297,000	571,022	215,467
490,000	940,000	1430,000	2,175	21,277	23,382	10,000	52,527	15,403	14,320	2,846	55,914	200,000	103034,006	103304,323	103305,323	103309,104	103309,595	103309,795	103310,547	37834,006	37984,323	37985,323	37989,104	37989,595	37989,795	37990,547	10,917	11,283	2,261	1,919	-13,440	13,440	5,858	14,718	1,000	632,000	263,000	571,022	215,467
470,000	960,000	1430,000	3,095	17,708	21,868	9,000	53,355	14,598	14,647	2,518	56,338	170,000	103034,006	103313,250	103314,251	103316,346	103316,826	103316,996	103317,795	37834,006	37993,250	37994,251	37996,346	37996,826	37996,996	37997,795	10,595	10,404	2,022	1,719	-13,440	13,440	3,404	13,362	1,000	646,000	296,000	571,022	215,467
490,000	940,000	1430,000	4,792	17,021	19,790	10,000	53,101	13,068	14,883	2,283	55,920	160,000	103034,006	103320,384	103321,384	103323,634	103324,126	103324,286	103325,075	37834,006	38000,384	38001,384	38003,634	38004,126	38004,286	38005,075	9,431	9,357	1,860	1,515	-13,440	13,440	5,128	14,141	1,000	684,000	343,000	571,022	215,467
600,000	830,000	1430,000	4,465	16,867	20,341	9,000	53,608	12,955	15,033	2,132	56,180	140,000	103034,006	103328,474	103329,474	103330,648	103331,255	103331,395	103332,096	37834,006	38008,475	38009,474	38010,649	38011,255	38011,395	38012,096	9,211	9,271	1,437	1,633	-13,440	13,440	4,644	12,626	1,000	683,000	328,000	571,022	215,467
420,000	1010,000	1430,000	2,002	19,802	21,491	12,000	52,822	16,086	14,108	3,057	55,614	200,000	103034,006	103335,032	103336,033	103339,555	103339,987	103340,187	103341,005	37834,006	38015,032	38016,033	38019,555	38019,987	38020,187	38021,005	11,511	11,652	2,342	2,155	-13,440	13,440	7,232	17,796	1,000	624,000	263,000	571,022	215,467
590,000	840,000	1430,000	4,628	29,762	21,424	8,000	53,170	13,095	13,319	3,846	55,405	250,000	103034,006	103343,740	103344,739	103345,899	103346,497	103346,747	103347,347	37834,006	38023,740	38024,739	38025,899	38026,497	38026,747	38027,347	9,368	9,528	2,817	2,884	-13,440	13,440	3,989	15,173	1,000	692,000	327,000	571,022	215,467
570,000	860,000	1430,000	4,824	20,930	22,791	7,000	53,263	13,050	14,326	2,839	55,654	180,000	103034,006	103350,940	103351,941	103353,605	103354,186	103354,366	103355,056	37834,006	38030,940	38031,941	38033,605	38034,186	38034,366	38035,056	9,374	9,436	2,107	2,154	-13,440	13,440	5,680	14,238	1,000	695,000	334,000	571,022	215,467
460,000	970,000	1430,000	0,366	13,402	25,655	12,000	52,923	17,790	14,591	2,575	56,319	130,000	103034,006	103357,934	103358,934	103401,655	103402,125	103402,255	103403,105	37834,006	38037,934	38038,934	38041,655	38042,125	38042,255	38043,105	12,721	12,577	1,834	1,811	-13,440	13,440	9,104	17,645	1,000	558,000	215,000	571,022	215,467
560,000	870,000	1430,000	3,710	18,391	24,346	9,000	53,559	13,690	14,633	2,532	56,134	160,000	103034,006	103405,472	103406,471	103408,727	103409,296	103409,456	103410,176	37834,006	38045,472	38046,471	38048,727	38049,296	38049,456	38050,176	9,917	9,814	1,885	1,941	-13,440	13,440	3,627	13,574	1,000	666,000	307,000	571,022	215,467
540,000	890,000	1430,000	2,158	24,719	25,361	9,000	53,155	15,299	13,879	3,286	55,820	220,000	103034,006	103412,643	103413,644	103416,026	103416,576	103416,796	103417,475	37834,006	38052,643	38053,644	38056,026	38056,576	38056,796	38057,475	11,059	10,959	2,456	2,416	-13,440	13,440	7,116	15,439	1,000	625,000	270,000	571,022	215,467
570,000	860,000	1430,000	3,731	26,744	21,867	9,000	53,196	13,712	14,329	2,836	55,970	230,000	103034,006	103419,757	103420,758	103424,077	103424,655	103424,885	103425,525	37834,006	38059,757	38060,758	38064,077	38064,655	38064,885	38065,525	9,813	9,945	2,283	1,840	-13,440	13,440	0,572	14,177	1,000	668,000	306,000	571,022	215,467
520,000	910,000	1430,000	2,049	17,582	22,572	9,000	53,174	15,655	14,447	2,718	56,067	160,000	103034,006	103428,139	103429,138	103431,852	103432,375	103432,535	103433,298	37834,006	38068,139	38069,138	38071,852	38072,375	38072,535	38073,298	11,381	11,126	2,146	1,884	-13,440	13,440	7,852	17,277	1,000	617,000	272,000	571,022	215,467
470,000	960,000	1430,000	2,904	19,792	22,274	9,000	52,931	14,986	14,546	2,619	56,025	190,000	103034,006	103436,088	103437,089	103440,118	103440,596	103440,786	103441,565	37834,006	38076,088	38077,089	38080,119	38080,596	38080,786	38081,565	10,656	10,974	2,015	1,888	-13,440	13,440	7,420	14,968	1,000	650,000	282,000	571,022	215,467
570,000	860,000	1430,000	2,617	20,930	22,197	9,000	52,987	14,818	14,689	2,477	55,997	180,000	103034,006	103443,978	103444,978	103448,388	103448,966	103449,146	103449,836	37834,006	38083,978	38084,979	38088,388	38088,966	38089,146	38089,836	10,613	10,773	1,904	1,790	-13,440	13,440	1,894	11,554	1,000	639,000	279,000	571,022	215,467
530,000	900,000	1430,000	3,664	18,889	23,309	8,000	53,082	14,366	14,623	2,542	56,266	170,000	103034,006	103452,479	103453,479	103457,103	103457,636	103457,806	103458,545	37834,006	38092,479	38093,479	38097,103	38097,636	38097,806	38098,545	10,233	10,499	1,977	1,817	-13,440	13,440	4,615	12,814	1,000	671,000	299,000	571,022	215,467
510,000	920,000	1430,000	3,834	26,087	19,648	11,000	52,635	13,753	14,007	3,158	55,382	240,000	103034,006	103501,221	103502,220	103505,853	103506,366	103506,606	103507,295	37834,006	38101,221	38102,220	38105,853	38106,366	38106,606	38107,295	9,395	10,398	2,044	2,527	-13,440	13,440	1,122	11,276	1,000	681,000	296,000	571,022	215,467
550,000	880,000	1430,000	3,204	19,318	24,567	9,000	52,918	14,650	14,236	2,929	56,027	170,000	103034,006	103510,038	103511,039	103514,123	103514,675	103514,845	103515,565	37834,006	38110,038	38111,039	38114,123	38114,675	38114,845	38115,566	10,342	10,812	2,253	2,162	-13,440	13,440	10,029	19,272	1,000	662,000	284,000	571,022	215,467
470,000	960,000	1430,000	2,676	17,708	24,113	13,000	53,160	15,166	14,217	2,948	56,378	170,000	103034,006	103517,932	103518,932	103521,744	103522,215	103522,385	103523,186	37834,006	38117,932	38118,932	38121,744	38122,215	38122,385	38123,186	10,974	10,834	2,423	1,931	-13,440	13,440	9,205	19,096	1,000	637,000	284,000	571,022	215,467
480,000	950,000	1430,000	2,779	16,842	22,779	10,000	53,318	14,830	14,529	2,636	55,770	160,000	103034,006	103525,573	103526,573	103528,543	103529,027	103529,187	103529,985	37834,006	38125,573	38126,573	38128,543	38129,027	38129,187	38129,985	10,762	10,584	1,926	2,026	-13,440	13,440	3,942	15,913	1,000	637,000	289,000	571,022	215,467
460,000	970,000	1430,000	1,882	18,557	22,280	12,000	53,306	15,768	14,407	2,758	56,460	180,000	103034,006	103532,284	103533,286	103536,251	103536,716	103536,896	103537,696	37834,006	38132,284	38133,286	38136,252	38136,716	38136,896	38137,696	11,497	11,153	2,260	1,816	-13,440	13,440	4,942	15,493	1,000	616,000	265,000	571,022	215,467
490,000	940,000	1430,000	2,746	18,085	21,416	10,000	52,534	14,657	14,553	2,612	55,405	170,000	103034,006	103540,693	103541,693	103545,336	103545,836	103546,006	103546,785	37834,006	38140,693	38141,693	38145,336	38145,836	38146,006	38146,785	10,288	10,896	1,950	1,939	-13,440	13,440	5,571	15,728	1,000	646,000	278,000	571,022	215,467
