270,000	20,000	290,000	0,366	0,000	0,000	0,000	68,928	0,000	17,165	0,000	68,928	0,000	120410,149	120435,783	120436,784	120440,591	120440,864	120440,864	120440,894	43450,150	43475,783	43476,784	43480,591	43480,864	43480,864	43480,894	0,000	0,000	0,000	0,000	-13,440	13,440	NaN	NaN	1,000	558,000	215,000	571,022	215,467
710,000	720,000	1430,000	3,123	20,833	27,892	11,000	56,727	16,419	14,308	2,857	57,122	150,000	120410,149	120445,807	120446,806	120449,882	120450,594	120450,744	120451,323	43450,150	43485,807	43486,806	43489,882	43490,594	43490,744	43491,323	13,700	9,272	2,593	1,457	-13,440	13,440	2,769	19,969	1,000	504,000	304,000	571,022	215,467
480,000	950,000	1430,000	1,749	24,211	34,223	10,000	55,064	18,150	14,050	3,116	57,524	230,000	120410,149	120454,911	120455,910	120457,644	120458,133	120458,363	120459,093	43450,150	43494,911	43495,910	43497,644	43498,133	43498,363	43499,093	14,204	11,447	2,794	1,751	-13,440	13,440	9,981	17,036	1,000	523,000	255,000	571,022	215,467
110,000	130,000	240,000	2,270	0,000	0,581	0,000	61,621	0,052	17,164	0,001	61,745	0,000	120410,149	120502,473	120503,473	120506,894	120507,095	120507,095	120507,233	43450,150	43502,473	43503,474	43506,894	43507,095	43507,095	43507,233	0,028	0,057	0,000	0,003	-13,440	13,440	0,513	NaN	1,000	520,000	278,000	571,022	215,467
440,000	990,000	1430,000	1,739	16,162	32,643	14,000	54,427	17,637	14,308	2,857	57,191	160,000	120410,149	120509,958	120510,959	120514,837	120515,283	120515,443	120516,283	43450,150	43509,959	43510,959	43514,837	43515,283	43515,443	43516,283	13,510	11,510	2,551	1,687	-13,440	13,440	12,144	16,642	1,000	577,000	277,000	571,022	215,467
730,000	290,000	1020,000	18,611	96,552	7,277	0,000	56,826	1,071	16,095	1,070	56,826	280,000	120410,149	120519,819	120520,819	120522,713	120523,453	120523,733	120523,753	43450,150	43519,819	43520,820	43522,713	43523,453	43523,733	43523,753	1,042	0,366	1,042	0,367	-13,440	13,440	NaN	2,153	1,000	1027,000	695,000	571,022	215,467
820,000	610,000	1430,000	14,847	34,426	31,391	4,000	59,847	12,592	14,448	2,717	64,025	210,000	120410,149	120528,824	120529,825	120532,675	120533,503	120533,713	120534,126	43450,150	43528,824	43529,825	43532,675	43533,503	43533,713	43534,126	10,476	7,449	2,546	1,290	-13,440	13,440	11,144	11,925	1,000	949,000	584,000	571,022	215,467
650,000	780,000	1430,000	5,282	24,359	20,493	10,000	54,897	11,648	14,627	2,538	57,207	190,000	120410,149	120535,671	120536,671	120538,955	120539,613	120539,803	120540,403	43450,150	43535,671	43536,671	43538,955	43539,613	43539,803	43540,403	8,832	7,878	2,182	1,517	-13,440	13,440	5,049	14,382	1,000	700,000	352,000	571,022	215,467
30,000	80,000	110,000	18,548	0,000	0,358	0,000	57,165	0,016	17,165	0,000	57,204	0,000	120410,149	120544,105	120545,106	120548,688	120548,888	120548,888	120548,973	43450,150	43544,105	43545,106	43548,688	43548,888	43548,888	43548,973	0,000	0,029	0,000	0,000	-13,440	13,440	0,035	NaN	1,000	1046,000	673,000	571,022	215,467
420,000	1010,000	1430,000	2,964	15,842	22,832	9,000	54,277	14,668	15,048	2,117	56,868	160,000	120410,149	120554,164	120555,165	120557,441	120557,863	120558,023	120558,884	43450,150	43554,164	43555,165	43557,441	43557,863	43558,023	43558,884	10,981	10,003	1,715	1,453	-13,440	13,440	5,027	13,270	1,000	639,000	296,000	571,022	215,467
30,000	320,000	350,000	3,115	50,000	12,372	2,000	63,811	1,370	16,088	1,077	64,267	160,000	120410,149	120601,992	120602,992	120605,535	120605,736	120605,896	120606,064	43450,150	43561,992	43562,992	43565,535	43565,736	43565,896	43566,064	0,985	0,817	0,778	0,647	-13,440	13,440	1,721	2,771	1,000	646,000	297,000	571,022	215,467
30,000	50,000	80,000	20,375	0,000	0,370	0,000	55,957	0,016	17,165	0,000	55,993	0,000	120410,149	120610,409	120611,408	120614,036	120614,237	120614,237	120614,293	43450,150	43570,409	43571,408	43574,036	43574,237	43574,237	43574,293	0,000	0,029	0,000	0,000	-13,440	13,440	0,032	NaN	1,000	1082,000	729,000	571,022	215,467
30,000	1400,000	1430,000	18,776	18,571	18,504	15,000	58,366	10,674	15,005	2,160	61,200	260,000	120410,149	120615,449	120616,450	120619,386	120619,587	120619,847	120620,994	43450,150	43575,449	43576,450	43579,386	43579,587	43579,847	43580,994	8,345	6,948	1,753	1,406	-13,440	13,440	2,038	5,065	1,000	1060,000	670,000	571,022	215,467
510,000	920,000	1430,000	3,610	32,609	21,142	8,000	54,107	13,799	13,872	3,293	57,372	300,000	120410,149	120621,582	120622,582	120625,282	120625,793	120626,093	120626,724	43450,150	43581,582	43582,582	43585,282	43585,793	43586,093	43586,724	10,170	9,685	2,847	1,855	-13,440	13,440	0,284	11,243	1,000	663,000	305,000	571,022	215,467
510,000	920,000	1430,000	3,004	13,043	25,688	12,000	54,181	14,622	16,505	0,661	56,532	120,000	120410,149	120630,840	120631,840	120633,777	120634,295	120634,415	120635,223	43450,150	43590,840	43591,840	43593,777	43594,295	43594,415	43595,223	10,963	10,045	0,518	0,477	-13,440	13,440	13,478	6,188	1,000	635,000	301,000	571,022	215,467
340,000	20,000	360,000	16,378	0,000	0,000	0,000	57,536	0,000	17,165	0,000	57,536	0,000	120410,149	120637,954	120638,953	120641,213	120641,553	120641,553	120641,583	43450,150	43597,954	43598,953	43601,213	43601,553	43601,553	43601,584	0,000	0,000	0,000	0,000	-13,440	13,440	NaN	NaN	1,000	984,000	626,000	571,022	215,467
30,000	1050,000	1080,000	1,046	13,333	18,199	14,000	58,794	7,420	15,838	1,327	61,721	140,000	120410,149	120646,497	120647,497	120649,581	120649,782	120649,922	120650,834	43450,150	43606,497	43607,497	43609,581	43609,782	43609,922	43610,834	5,542	5,121	0,970	0,998	-13,440	13,440	6,512	9,128	1,000	536,000	203,000	571,022	215,467
570,000	860,000	1430,000	1,664	13,953	25,249	11,000	54,335	15,850	16,299	0,866	57,774	120,000	120410,149	120653,163	120654,165	120657,835	120658,413	120658,533	120659,284	43450,150	43613,163	43614,165	43617,835	43618,413	43618,533	43619,284	11,836	10,900	0,917	0,477	-13,440	13,440	11,463	6,692	1,000	594,000	270,000	571,022	215,467
30,000	20,000	50,000	18,388	0,000	0,000	0,000	57,170	0,000	17,165	0,000	57,170	0,000	120410,149	120703,239	120704,239	120706,866	120707,067	120707,067	120707,094	43450,150	43623,239	43624,239	43626,866	43627,067	43627,067	43627,094	0,000	0,000	0,000	0,000	-13,440	13,440	NaN	NaN	1,000	1040,000	671,000	571,022	215,467
30,000	790,000	820,000	1,560	18,987	15,031	10,000	58,820	4,209	16,409	0,757	61,778	150,000	120410,149	120711,532	120712,532	120715,693	120715,893	120716,043	120716,693	43450,150	43631,532	43632,532	43635,693	43635,893	43636,043	43636,693	2,983	3,067	0,611	0,357	-13,440	13,440	2,884	4,914	1,000	517,000	228,000	571,022	215,467
1230,000	200,000	1430,000	19,064	95,000	7,147	0,000	56,680	0,830	16,371	0,794	56,862	190,000	120410,149	120719,206	120720,206	120721,690	120722,924	120723,114	120723,133	43450,150	43639,206	43640,206	43641,690	43642,924	43643,114	43643,133	0,690	0,498	0,666	0,476	-13,440	13,440	NaN	2,893	1,000	1056,000	689,000	571,022	215,467
980,000	190,000	1170,000	18,386	94,737	2,947	0,000	56,890	0,329	16,839	0,326	56,890	180,000	120410,149	120723,718	120724,717	120726,699	120727,684	120727,864	120727,883	43450,150	43643,718	43644,717	43646,699	43647,684	43647,864	43647,883	0,283	0,169	0,283	0,167	-13,440	13,440	NaN	1,837	1,000	1035,000	676,000	571,022	215,467
520,000	910,000	1430,000	1,666	15,385	27,472	9,000	53,450	16,011	15,004	2,161	57,005	140,000	120410,149	120732,229	120733,229	120734,997	120735,523	120735,663	120736,444	43450,150	43652,229	43653,229	43654,997	43655,523	43655,663	43656,444	11,621	11,414	1,804	1,411	-13,440	13,440	7,270	15,972	1,000	616,000	254,000	571,022	215,467
30,000	1400,000	1430,000	0,808	12,143	28,811	16,000	51,679	18,322	17,124	0,041	56,443	170,000	120410,149	120739,892	120740,893	120744,054	120744,255	120744,425	120745,664	43450,150	43659,892	43660,893	43664,055	43664,255	43664,425	43665,664	12,662	13,737	0,038	0,029	-13,440	13,440	5,462	0,185	1,000	599,000	209,000	571,022	215,467
30,000	20,000	50,000	17,612	0,000	0,000	0,000	57,347	0,000	17,165	0,000	57,347	0,000	120410,149	120748,091	120749,091	120750,169	120750,369	120750,369	120750,394	43450,150	43668,091	43669,091	43670,169	43670,369	43670,369	43670,394	0,000	0,000	0,000	0,000	-13,440	13,440	NaN	NaN	1,000	1019,000	653,000	571,022	215,467
1570,000	0,000	1570,000	0,861	NaN	0,000	0,000	66,641	0,000	17,165	0,000	66,171	0,000	120410,149	120755,736	120756,736	120800,558	120802,133	120802,133	120802,143	43450,150	43675,736	43676,737	43680,558	43682,134	43682,134	43682,143	0,005	0,000	0,005	0,000	-13,440	13,440	NaN	NaN	1,000	563,000	245,000	571,022	215,467
960,000	210,000	1170,000	18,407	71,429	2,221	2,000	57,086	0,179	16,999	0,166	57,124	150,000	120410,149	120805,259	120806,260	120807,856	120808,823	120808,973	120809,043	43450,150	43685,259	43686,260	43687,856	43688,823	43688,973	43689,043	0,141	0,113	0,142	0,086	-13,440	13,440	0,204	0,524	1,000	1039,000	673,000	571,022	215,467
2310,000	370,000	2680,000	18,963	45,946	3,602	3,000	56,617	0,519	16,933	0,233	56,626	170,000	120410,149	120815,034	120816,034	120817,047	120819,364	120819,534	120819,743	43450,150	43695,034	43696,034	43697,047	43699,364	43699,534	43699,743	0,398	0,339	0,149	0,219	-13,440	13,440	1,805	0,012	1,000	1051,000	689,000	571,022	215,467
390,000	1040,000	1430,000	0,245	20,192	29,470	10,000	53,285	17,537	14,601	2,565	56,274	210,000	120410,149	120820,332	120821,333	120824,618	120825,014	120825,223	120826,063	43450,150	43700,332	43701,333	43704,618	43705,014	43705,224	43706,063	12,551	12,460	1,775	1,905	-13,440	13,440	4,844	11,620	1,000	579,000	219,000	571,022	215,467
1090,000	340,000	1430,000	12,380	58,824	18,464	2,000	55,990	4,609	14,741	2,424	56,593	200,000	120410,149	120829,228	120830,228	120832,840	120833,933	120834,133	120834,283	43450,150	43709,228	43710,228	43712,840	43713,933	43714,133	43714,283	3,460	3,245	1,895	1,678	-13,440	13,440	7,274	9,516	1,000	884,000	525,000	571,022	215,467
560,000	470,000	1030,000	16,601	36,170	17,417	2,000	55,435	2,627	16,533	0,632	56,377	170,000	120410,149	120838,773	120839,774	120841,364	120841,933	120842,103	120842,414	43450,150	43718,773	43719,775	43721,364	43721,933	43722,103	43722,414	1,745	2,111	0,394	0,601	-13,440	13,440	2,471	3,661	1,000	998,000	623,000	571,022	215,467
450,000	980,000	1430,000	4,390	12,245	23,854	11,000	52,491	13,199	16,909	0,256	57,570	120,000	120410,149	120848,022	120849,023	120851,792	120852,243	120852,363	120853,233	43450,150	43728,022	43729,023	43731,792	43732,243	43732,363	43733,233	8,707	10,666	0,179	0,264	-13,440	13,440	16,357	1,863	1,000	720,000	262,000	571,022	215,467
380,000	1050,000	1430,000	1,215	17,143	25,441	13,000	52,417	16,431	16,129	1,036	56,557	180,000	120410,149	120857,733	120858,733	120902,088	120902,473	120902,653	120903,534	43450,150	43737,733	43738,733	43742,088	43742,473	43742,653	43743,534	11,487	12,312	0,849	0,709	-13,440	13,440	9,631	4,206	1,000	614,000	220,000	571,022	215,467
590,000	840,000	1430,000	2,974	28,571	23,376	9,000	53,509	14,304	14,322	2,844	56,555	240,000	120410,149	120906,794	120907,795	120911,773	120912,373	120912,613	120913,223	43450,150	43746,794	43747,795	43751,773	43752,373	43752,613	43753,223	10,294	10,438	2,240	1,964	-13,440	13,440	3,760	12,913	1,000	654,000	281,000	571,022	215,467
390,000	1040,000	1430,000	1,390	19,231	24,974	14,000	52,672	16,710	14,684	2,481	56,190	200,000	120410,149	120915,695	120916,695	120919,827	120920,223	120920,423	120921,275	43450,150	43755,695	43756,695	43759,827	43760,223	43760,423	43761,275	11,829	12,305	1,900	1,824	-13,440	13,440	4,399	15,124	1,000	615,000	238,000	571,022	215,467
470,000	420,000	890,000	16,916	28,571	6,773	4,000	56,782	1,713	16,788	0,378	56,699	120,000	120410,149	120925,334	120926,333	120929,796	120930,273	120930,393	120930,704	43450,150	43765,334	43766,333	43769,796	43770,273	43770,393	43770,704	1,439	0,930	0,317	0,238	-13,440	13,440	0,144	3,257	1,000	990,000	647,000	571,022	215,467
640,000	790,000	1430,000	3,471	20,253	25,468	8,000	52,872	14,300	15,413	1,752	56,789	160,000	120410,149	120934,858	120935,858	120938,430	120939,073	120939,234	120939,873	43450,150	43774,858	43775,858	43778,430	43779,074	43779,234	43779,873	9,940	10,805	1,364	1,282	-13,440	13,440	13,434	3,794	1,000	678,000	277,000	571,022	215,467
310,000	1120,000	1430,000	0,487	12,500	31,333	13,000	53,535	18,172	15,065	2,101	56,889	140,000	120410,149	120942,245	120943,245	120946,799	120947,114	120947,254	120948,243	43450,150	43782,245	43783,245	43786,799	43787,114	43787,254	43788,243	13,104	12,718	1,446	1,556	-13,440	13,440	8,728	12,781	1,000	559,000	203,000	571,022	215,467
570,000	860,000	1430,000	4,367	16,279	22,034	11,000	54,016	12,712	15,563	1,602	56,408	140,000	120410,149	120950,350	120951,349	120952,963	120953,543	120953,683	120954,413	43450,150	43790,350	43791,349	43792,963	43793,543	43793,683	43794,413	9,344	8,945	1,251	1,241	-13,440	13,440	1,839	9,567	1,000	678,000	328,000	571,022	215,467
30,000	20,000	50,000	18,625	0,000	0,000	0,000	56,872	0,000	17,165	0,000	56,872	0,000	120410,149	120958,277	120959,277	121000,807	121001,008	121001,008	121001,035	43450,150	43798,277	43799,277	43800,807	43801,008	43801,008	43801,035	0,000	0,000	0,000	0,000	-13,440	13,440	NaN	NaN	1,000	1042,000	681,000	571,022	215,467
