530,000	900,000	1430,000	1,073	45,556	36,358	5,000	54,316	15,046	8,017	9,148	55,114	410,000	110123,424	110554,888	110555,890	110557,971	110558,505	110558,915	110559,413	39683,424	39954,888	39955,890	39957,971	39958,505	39958,915	39959,413	11,084	10,369	6,611	6,482	-13,440	13,440	0,381	8,680	1,000	582,000	252,000	571,022	215,467
480,000	950,000	1430,000	0,379	23,158	39,513	6,000	53,418	16,893	10,485	6,680	56,242	220,000	110123,424	110601,570	110602,570	110604,124	110604,614	110604,834	110605,573	39683,424	39961,570	39962,570	39964,124	39964,614	39964,834	39965,573	12,151	11,826	5,097	4,572	-13,440	13,440	31,398	30,707	1,000	576,000	228,000	571,022	215,467
350,000	990,000	1340,000	0,095	13,131	39,377	8,000	53,407	18,253	13,905	3,261	56,411	130,000	110123,424	110608,270	110609,269	110610,850	110611,203	110611,333	110612,203	39683,424	39968,270	39969,269	39970,850	39971,203	39971,333	39972,203	13,192	12,745	2,334	2,442	-13,440	13,440	23,579	25,116	1,000	568,000	217,000	571,022	215,467
480,000	680,000	1160,000	0,591	57,353	45,086	6,000	53,729	16,831	4,737	12,428	54,427	390,000	110123,424	110614,550	110615,551	110617,364	110617,855	110618,245	110618,544	39683,424	39974,550	39975,551	39977,364	39977,855	39978,245	39978,544	12,154	11,728	8,955	8,912	-13,440	13,440	19,198	24,698	1,000	584,000	232,000	571,022	215,467
470,000	960,000	1430,000	0,348	18,750	36,840	10,000	53,382	17,780	14,082	3,083	56,040	180,000	110123,424	110621,229	110622,229	110625,255	110625,735	110625,915	110626,704	39683,424	39981,229	39982,229	39985,255	39985,735	39985,915	39986,704	12,896	12,524	2,153	2,514	-13,440	13,440	12,329	19,928	1,000	580,000	224,000	571,022	215,467
450,000	980,000	1430,000	0,797	12,245	37,109	14,000	53,963	16,137	14,177	2,988	56,919	120,000	110123,424	110628,538	110629,538	110633,455	110633,913	110634,034	110634,904	39683,424	39988,538	39989,538	39993,455	39993,914	39994,034	39994,904	11,815	11,090	2,244	2,149	-13,440	13,440	20,858	25,545	1,000	581,000	242,000	571,022	215,467
30,000	1350,000	1380,000	0,015	18,519	33,524	15,000	54,839	16,864	16,189	0,977	58,310	250,000	110123,424	110637,811	110638,813	110642,059	110642,260	110642,510	110643,613	39683,424	39997,811	39998,813	40002,059	40002,260	40002,510	40003,613	12,436	11,791	0,563	1,034	-13,440	13,440	0,270	3,400	1,000	571,000	216,000	571,022	215,467
560,000	870,000	1430,000	1,467	12,644	34,601	11,000	53,286	16,224	15,461	1,705	56,247	110,000	110123,424	110645,970	110646,970	110648,219	110648,784	110648,894	110649,664	39683,424	40005,970	40006,970	40008,219	40008,784	40008,894	40009,664	11,515	11,698	1,033	1,525	-13,440	13,440	8,155	14,125	1,000	614,000	245,000	571,022	215,467
410,000	1020,000	1430,000	0,753	16,667	33,570	9,000	52,780	16,889	13,828	3,337	56,565	170,000	110123,424	110651,630	110652,631	110654,732	110655,144	110655,314	110656,175	39683,424	40011,631	40012,631	40014,732	40015,144	40015,314	40016,175	11,925	12,362	2,602	2,324	-13,440	13,440	17,119	20,468	1,000	597,000	222,000	571,022	215,467
480,000	950,000	1430,000	1,128	15,789	35,712	10,000	52,925	16,728	14,629	2,536	56,108	150,000	110123,424	110659,128	110700,127	110703,472	110703,955	110704,105	110704,913	39683,424	40019,128	40020,127	40023,472	40023,955	40024,105	40024,913	11,997	11,917	1,857	1,942	-13,440	13,440	7,825	13,027	1,000	597,000	246,000	571,022	215,467
370,000	1060,000	1430,000	0,129	26,415	39,190	7,000	53,085	18,349	12,587	4,578	55,145	280,000	110123,424	110706,931	110707,931	110710,160	110710,535	110710,815	110711,605	39683,424	40026,931	40027,931	40030,160	40030,535	40030,815	40031,605	13,240	13,127	3,216	3,735	-13,440	13,440	20,399	21,467	1,000	570,000	211,000	571,022	215,467
380,000	1050,000	1430,000	0,114	20,952	34,312	8,000	53,295	17,859	13,822	3,343	56,514	220,000	110123,424	110713,578	110714,579	110716,862	110717,243	110717,463	110718,304	39683,424	40033,578	40034,579	40036,862	40037,244	40037,464	40038,304	12,914	12,661	2,427	2,494	-13,440	13,440	10,762	17,282	1,000	567,000	215,000	571,022	215,467
440,000	990,000	1430,000	0,862	12,121	31,183	12,000	52,602	16,746	15,844	1,322	55,721	120,000	110123,424	110720,415	110721,414	110725,051	110725,495	110725,615	110726,494	39683,424	40040,415	40041,414	40045,051	40045,495	40045,615	40046,494	11,700	12,267	0,693	1,192	-13,440	13,440	4,746	9,133	1,000	599,000	228,000	571,022	215,467
430,000	1000,000	1430,000	0,341	13,000	33,317	12,000	52,592	18,058	14,841	2,324	55,512	130,000	110123,424	110728,490	110729,490	110732,901	110733,335	110733,465	110734,345	39683,424	40048,490	40049,490	40052,901	40053,335	40053,465	40054,345	12,935	12,848	1,551	1,926	-13,440	13,440	7,591	15,945	1,000	577,000	226,000	571,022	215,467
410,000	1020,000	1430,000	1,420	24,510	35,113	10,000	52,388	17,362	13,842	3,323	55,782	250,000	110123,424	110736,440	110737,441	110739,979	110740,394	110740,644	110741,423	39683,424	40056,440	40057,441	40059,979	40060,394	40060,644	40061,423	12,161	12,853	2,441	2,553	-13,440	13,440	17,329	18,047	1,000	618,000	234,000	571,022	215,467
470,000	960,000	1430,000	1,222	14,583	35,253	10,000	52,516	17,543	14,478	2,687	55,579	140,000	110123,424	110743,611	110744,611	110747,479	110747,955	110748,095	110748,924	39683,424	40063,612	40064,612	40067,479	40067,955	40068,095	40068,924	12,465	12,540	1,902	2,082	-13,440	13,440	14,522	17,488	1,000	596,000	251,000	571,022	215,467
430,000	1000,000	1430,000	0,246	18,000	34,114	8,000	53,043	17,074	14,343	2,822	56,312	180,000	110123,424	110750,648	110751,648	110754,818	110755,254	110755,434	110756,265	39683,424	40070,648	40071,648	40074,818	40075,254	40075,434	40076,265	12,151	12,151	2,007	2,103	-13,440	13,440	16,056	17,422	1,000	573,000	224,000	571,022	215,467
430,000	1000,000	1430,000	0,886	24,000	33,449	10,000	53,361	19,346	13,672	3,493	54,883	240,000	110123,424	110758,176	110759,177	110802,457	110802,894	110803,134	110803,905	39683,424	40078,176	40079,177	40082,457	40082,894	40083,134	40083,905	14,421	13,084	2,254	2,992	-13,440	13,440	0,557	12,169	1,000	540,000	221,000	571,022	215,467
510,000	920,000	1430,000	0,672	25,000	34,785	8,000	52,296	17,606	12,786	4,379	55,099	230,000	110123,424	110805,854	110806,855	110808,086	110808,604	110808,834	110809,535	39683,424	40085,854	40086,855	40088,086	40088,604	40088,834	40089,535	12,301	12,992	3,032	3,531	-13,440	13,440	14,863	19,965	1,000	594,000	222,000	571,022	215,467
430,000	1000,000	1430,000	0,370	16,000	33,918	12,000	52,920	18,246	14,852	2,314	55,385	160,000	110123,424	110811,703	110812,703	110814,827	110815,264	110815,424	110816,274	39683,424	40091,703	40092,703	40094,827	40095,264	40095,424	40096,274	13,159	12,936	1,443	2,012	-13,440	13,440	8,333	15,888	1,000	575,000	228,000	571,022	215,467
380,000	1050,000	1430,000	0,251	13,333	34,605	13,000	52,444	18,453	14,382	2,783	55,119	140,000	110123,424	110818,193	110819,194	110823,112	110823,493	110823,633	110824,554	39683,424	40098,193	40099,194	40103,112	40103,493	40103,633	40104,554	13,205	13,176	1,856	2,324	-13,440	13,440	18,937	22,014	1,000	564,000	221,000	571,022	215,467
430,000	1000,000	1430,000	1,756	20,000	35,235	11,000	51,907	16,468	13,764	3,401	54,836	200,000	110123,424	110826,583	110827,583	110828,882	110829,314	110829,514	110830,325	39683,424	40106,583	40107,583	40108,882	40109,314	40109,514	40110,325	11,293	12,462	2,140	2,976	-13,440	13,440	15,030	20,494	1,000	628,000	241,000	571,022	215,467
480,000	780,000	1260,000	0,090	16,667	39,773	6,000	53,220	18,364	14,306	2,859	55,876	130,000	110123,424	110832,422	110833,422	110836,018	110836,504	110836,634	110837,294	39683,424	40112,422	40113,422	40116,018	40116,504	40116,634	40117,294	13,222	12,882	1,785	2,434	-13,440	13,440	20,341	22,559	1,000	573,000	218,000	571,022	215,467
400,000	1030,000	1430,000	0,089	15,534	36,564	10,000	52,555	18,284	13,426	3,739	55,207	160,000	110123,424	110840,088	110841,087	110843,451	110843,855	110844,015	110844,893	39683,424	40120,088	40121,087	40123,451	40123,855	40124,015	40124,893	12,968	13,137	2,518	3,077	-13,440	13,440	23,815	23,502	1,000	573,000	213,000	571,022	215,467
510,000	790,000	1300,000	0,543	26,582	44,789	4,000	52,471	17,704	11,828	5,337	54,291	210,000	110123,424	110846,315	110847,315	110848,553	110849,064	110849,274	110849,864	39683,424	40126,315	40127,315	40128,553	40129,064	40129,274	40129,864	12,432	12,886	3,422	4,634	-13,440	13,440	21,825	26,530	1,000	590,000	219,000	571,022	215,467
460,000	970,000	1430,000	0,457	29,897	45,284	7,000	52,602	18,070	9,623	7,542	55,305	290,000	110123,424	110851,872	110852,872	110855,198	110855,663	110855,953	110856,644	39683,424	40131,872	40132,873	40135,198	40135,663	40135,953	40136,645	12,920	12,932	5,772	5,328	-13,440	13,440	28,619	30,703	1,000	580,000	229,000	571,022	215,467
480,000	950,000	1430,000	1,026	14,737	34,000	15,000	52,802	16,696	14,268	2,897	55,461	140,000	110123,424	110858,497	110859,497	110903,086	110903,573	110903,713	110904,535	39683,424	40138,497	40139,497	40143,086	40143,573	40143,713	40144,535	11,783	12,102	1,857	2,551	-13,440	13,440	14,364	17,992	1,000	603,000	233,000	571,022	215,467
440,000	990,000	1430,000	0,257	19,192	38,490	12,000	52,224	18,755	13,557	3,608	54,824	190,000	110123,424	110906,720	110907,721	110911,658	110912,105	110912,295	110913,104	39683,424	40146,720	40147,721	40151,658	40152,105	40152,295	40153,104	13,357	13,460	2,456	3,026	-13,440	13,440	10,712	19,343	1,000	562,000	214,000	571,022	215,467
30,000	20,000	50,000	18,904	0,000	0,000	0,000	56,361	0,000	17,165	0,000	56,361	0,000	110123,424	110914,732	110915,732	110916,745	110916,946	110916,946	110916,973	39683,424	40154,732	40155,732	40156,745	40156,946	40156,946	40156,974	0,000	0,000	0,000	0,000	-13,440	13,440	NaN	NaN	1,000	1043,000	694,000	571,022	215,467
400,000	1030,000	1430,000	0,058	28,155	33,352	11,000	53,045	18,730	10,446	6,719	54,443	290,000	110123,424	110920,329	110921,330	110923,981	110924,385	110924,675	110925,424	39683,424	40160,329	40161,330	40163,981	40164,385	40164,675	40165,424	13,586	13,277	4,659	5,413	-13,440	13,440	21,213	23,181	1,000	569,000	215,000	571,022	215,467
250,000	20,000	270,000	19,263	0,000	0,000	0,000	55,996	0,000	17,165	0,000	55,996	0,000	110123,424	110927,134	110928,134	110929,257	110929,514	110929,514	110929,544	39683,424	40167,134	40168,134	40169,257	40169,514	40169,514	40169,544	0,000	0,000	0,000	0,000	-13,440	13,440	NaN	NaN	1,000	1048,000	707,000	571,022	215,467
450,000	980,000	1430,000	0,606	14,286	34,521	13,000	53,201	16,742	14,343	2,823	55,252	140,000	110123,424	110932,574	110933,575	110935,168	110935,624	110935,764	110936,613	39683,424	40172,574	40173,575	40175,168	40175,624	40175,764	40176,613	12,001	11,788	1,672	2,573	-13,440	13,440	17,351	17,172	1,000	582,000	234,000	571,022	215,467
30,000	20,000	50,000	18,566	0,000	0,000	0,000	56,438	0,000	17,165	0,000	56,438	0,000	110123,424	110938,603	110939,602	110943,142	110943,343	110943,343	110943,364	39683,424	40178,603	40179,602	40183,142	40183,343	40183,343	40183,364	0,000	0,000	0,000	0,000	-13,440	13,440	NaN	NaN	1,000	1034,000	686,000	571,022	215,467
160,000	20,000	180,000	18,785	0,000	0,000	0,000	56,272	0,000	17,165	0,000	56,272	0,000	110123,424	110946,215	110947,216	110949,281	110949,481	110949,481	110949,504	39683,424	40186,215	40187,216	40189,281	40189,481	40189,481	40189,504	0,000	0,000	0,000	0,000	-13,440	13,440	NaN	NaN	1,000	1038,000	693,000	571,022	215,467
430,000	1000,000	1430,000	0,202	24,000	44,512	10,000	53,045	18,083	10,826	6,339	54,901	240,000	110123,424	110952,841	110953,841	110956,662	110957,093	110957,333	110958,104	39683,424	40192,841	40193,841	40196,662	40197,093	40197,333	40198,104	13,133	12,628	4,555	4,893	-13,440	13,440	27,445	27,520	1,000	568,000	222,000	571,022	215,467
420,000	1010,000	1430,000	0,113	18,812	48,487	6,000	52,149	18,010	13,541	3,625	54,549	190,000	110123,424	111000,213	111001,213	111003,584	111004,014	111004,204	111005,033	39683,424	40200,214	40201,213	40203,584	40204,014	40204,204	40205,033	12,684	13,107	2,296	3,255	-13,440	13,440	21,530	23,037	1,000	575,000	216,000	571,022	215,467
550,000	790,000	1340,000	0,423	31,646	60,379	6,000	52,644	17,972	10,842	6,323	54,549	250,000	110123,424	111006,788	111007,787	111009,085	111009,645	111009,895	111010,443	39683,424	40206,788	40207,787	40209,085	40209,645	40209,895	40210,443	12,771	12,965	4,368	5,266	-13,440	13,440	32,446	34,909	1,000	586,000	217,000	571,022	215,467
490,000	730,000	1220,000	0,240	42,466	64,790	5,000	52,891	17,723	3,873	13,293	53,910	310,000	110123,424	111012,300	111013,300	111016,032	111016,524	111016,834	111017,264	39683,424	40212,300	40213,300	40216,032	40216,524	40216,834	40217,264	12,628	12,545	9,650	9,527	-13,440	13,440	50,593	50,871	1,000	571,000	224,000	571,022	215,467
480,000	950,000	1430,000	0,195	23,158	44,224	10,000	52,824	18,428	12,006	5,159	54,880	220,000	110123,424	111018,928	111019,928	111022,415	111022,903	111023,123	111023,864	39683,424	40218,928	40219,928	40222,415	40222,903	40223,123	40223,864	13,244	13,076	3,558	4,186	-13,440	13,440	19,536	26,275	1,000	565,000	212,000	571,022	215,467
520,000	910,000	1430,000	0,197	24,176	43,774	8,000	52,922	17,120	11,498	5,667	55,474	220,000	110123,424	111025,491	111026,491	111028,969	111029,493	111029,713	111030,414	39683,424	40225,491	40226,491	40228,969	40229,493	40229,713	40230,414	12,131	12,401	4,085	4,296	-13,440	13,440	26,672	32,882	1,000	578,000	215,000	571,022	215,467
