460,000	970,000	1430,000	0,417	31,959	43,876	5,000	37,172	17,894	17,316	7,864	37,446	310,000	112830,996	112856,832	112857,831	112900,226	112900,687	112900,997	112901,667	41310,996	41336,832	41337,831	41340,226	41340,687	41340,997	41341,667	12,877	12,824	6,842	5,056	13,440	13,440	31,403	32,669	1,000	866,000	230,000	868,978	215,467
390,000	770,000	1160,000	0,473	62,338	72,990	3,000	37,262	18,244	7,738	17,442	37,543	480,000	112830,996	112903,708	112904,708	112906,871	112907,267	112907,747	112908,047	41310,996	41343,708	41344,708	41346,871	41347,267	41347,747	41348,047	13,305	12,938	12,995	12,192	13,440	13,440	4,054	5,476	1,000	872,000	232,000	868,978	215,467
450,000	980,000	1430,000	0,279	52,041	63,167	6,000	37,123	18,280	9,274	15,906	35,782	510,000	112830,996	112910,986	112911,986	112914,908	112915,367	112915,877	112916,359	41310,996	41350,986	41351,986	41354,908	41355,367	41355,877	41356,359	12,855	13,247	10,671	11,942	13,440	13,440	1,354	0,780	1,000	872,000	206,000	868,978	215,467
420,000	1010,000	1430,000	0,174	29,703	55,101	7,000	37,099	18,150	14,408	10,773	36,330	300,000	112830,996	112918,947	112919,947	112922,270	112922,697	112922,997	112923,717	41310,996	41358,947	41359,948	41362,270	41362,697	41362,997	41363,717	12,600	13,268	7,752	7,947	13,440	13,440	47,040	45,269	1,000	863,000	217,000	868,978	215,467
30,000	410,000	440,000	18,330	43,902	5,403	2,000	33,091	0,772	25,043	0,137	33,001	180,000	112830,996	112929,069	112930,070	112931,999	112932,201	112932,380	112932,617	41310,996	41369,069	41370,070	41371,999	41372,201	41372,381	41372,617	0,508	0,591	0,118	0,100	13,440	13,440	0,752	0,354	1,000	417,000	685,000	868,978	215,467
30,000	1250,000	1280,000	0,407	27,200	59,513	8,000	35,422	19,449	19,333	5,848	33,921	340,000	112830,996	112933,208	112934,208	112937,107	112937,308	112937,648	112938,567	41310,996	41373,208	41374,208	41377,107	41377,308	41377,648	41378,567	12,994	14,738	4,445	4,339	13,440	13,440	30,723	29,931	1,000	859,000	205,000	868,978	215,467
540,000	890,000	1430,000	0,030	29,213	60,540	6,000	37,549	18,111	14,617	10,564	36,173	260,000	112830,996	112941,629	112942,630	112943,763	112944,308	112944,568	112945,207	41310,996	41381,630	41382,630	41383,763	41384,308	41384,568	41385,207	12,856	13,013	7,606	7,813	13,440	13,440	51,995	50,120	1,000	868,000	215,000	868,978	215,467
420,000	1000,000	1420,000	0,352	22,000	52,835	6,000	36,766	20,784	19,291	5,889	32,706	220,000	112830,996	112950,975	112951,975	112953,342	112953,767	112953,987	112954,777	41310,996	41390,975	41391,975	41393,342	41393,767	41393,987	41394,777	14,711	15,106	4,030	4,572	13,440	13,440	26,387	30,845	1,000	874,000	204,000	868,978	215,467
570,000	860,000	1430,000	0,192	61,628	46,318	3,000	38,508	16,976	10,560	14,620	38,301	530,000	112830,996	112956,772	112957,773	113000,219	113000,797	113001,327	113001,667	41310,996	41396,772	41397,773	41400,219	41400,797	41401,327	41401,667	12,405	11,936	10,842	10,240	13,440	13,440	9,791	12,685	1,000	871,000	222,000	868,978	215,467
460,000	780,000	1240,000	0,450	28,205	48,949	6,000	36,423	17,797	19,046	6,134	33,997	220,000	112830,996	113003,787	113004,787	113006,084	113006,547	113006,767	113007,337	41310,996	41403,787	41404,787	41406,084	41406,547	41406,767	41407,337	12,349	13,080	4,348	4,651	13,440	13,440	29,824	31,181	1,000	853,000	216,000	868,978	215,467
440,000	990,000	1430,000	0,238	15,152	50,031	10,000	37,156	18,352	21,724	3,456	32,727	150,000	112830,996	113009,647	113010,648	113012,451	113012,897	113013,046	113013,897	41310,996	41409,647	41410,648	41412,451	41412,897	41413,047	41413,897	13,191	13,163	2,541	2,598	13,440	13,440	24,941	24,532	1,000	869,000	207,000	868,978	215,467
400,000	880,000	1280,000	0,343	32,955	34,322	8,000	38,628	16,947	17,570	7,610	36,520	290,000	112830,996	113015,643	113016,643	113018,833	113019,238	113019,528	113020,127	41310,996	41415,643	41416,643	41418,833	41419,238	41419,528	41420,127	12,236	11,981	5,490	5,534	13,440	13,440	25,958	28,766	1,000	865,000	227,000	868,978	215,467
340,000	880,000	1220,000	0,315	51,136	47,992	4,000	36,273	18,569	11,089	14,091	34,850	450,000	112830,996	113022,269	113023,269	113026,300	113026,647	113027,097	113027,537	41310,996	41422,269	41423,269	41426,300	41426,647	41427,097	41427,537	13,081	13,557	9,648	10,667	13,440	13,440	37,390	37,528	1,000	863,000	206,000	868,978	215,467
450,000	790,000	1240,000	0,114	17,722	47,784	6,000	37,310	17,822	21,796	3,385	33,618	140,000	112830,996	113029,462	113030,462	113031,560	113032,018	113032,158	113032,819	41310,996	41429,463	41430,462	41431,560	41432,018	41432,158	41432,819	12,660	12,831	2,497	2,513	13,440	13,440	19,723	25,467	1,000	867,000	219,000	868,978	215,467
470,000	780,000	1250,000	0,133	29,487	39,393	6,000	37,287	17,630	18,961	6,219	35,754	230,000	112830,996	113035,133	113036,133	113037,827	113038,307	113038,537	113039,099	41310,996	41435,133	41436,133	41437,827	41438,307	41438,537	41439,099	12,296	12,832	4,692	4,453	13,440	13,440	28,563	34,518	1,000	865,000	218,000	868,978	215,467
100,000	20,000	120,000	18,684	0,000	0,000	0,000	30,220	0,000	25,180	0,000	30,220	0,000	112830,996	113041,392	113042,393	113045,533	113045,733	113045,733	113045,758	41310,996	41441,392	41442,393	41445,533	41445,733	41445,733	41445,758	0,000	0,000	0,000	0,000	13,440	13,440	NaN	NaN	1,000	399,000	685,000	868,978	215,467
210,000	70,000	280,000	19,224	0,000	1,147	0,000	29,034	0,051	25,180	0,000	29,103	0,000	112830,996	113049,184	113050,184	113053,025	113053,237	113053,237	113053,318	41310,996	41449,184	41450,184	41453,025	41453,237	41453,237	41453,318	0,000	0,059	0,000	0,000	13,440	13,440	0,195	NaN	1,000	393,000	706,000	868,978	215,467
30,000	150,000	180,000	18,684	0,000	0,558	0,000	30,272	0,039	25,180	0,000	30,246	0,000	112830,996	113057,648	113058,648	113059,796	113059,997	113059,997	113100,157	41310,996	41457,648	41458,648	41459,796	41459,998	41459,998	41460,157	0,028	0,029	0,000	0,000	13,440	13,440	0,335	NaN	1,000	399,000	685,000	868,978	215,467
480,000	810,000	1290,000	0,220	20,988	37,627	10,000	37,506	18,219	21,961	3,219	32,661	170,000	112830,996	113103,582	113104,583	113108,027	113108,518	113108,687	113109,338	41310,996	41463,582	41464,583	41468,027	41468,518	41468,688	41469,338	12,969	13,107	2,054	2,572	13,440	13,440	17,436	20,779	1,000	876,000	212,000	868,978	215,467
470,000	960,000	1430,000	0,428	16,667	33,971	10,000	37,271	18,516	22,090	3,090	33,530	160,000	112830,996	113111,374	113112,374	113115,044	113115,517	113115,677	113116,488	41310,996	41471,374	41472,374	41475,044	41475,517	41475,677	41476,488	13,107	13,389	2,332	2,256	13,440	13,440	18,058	20,132	1,000	879,000	204,000	868,978	215,467
450,000	940,000	1390,000	0,343	19,149	39,184	10,000	37,645	17,646	21,530	3,650	33,386	180,000	112830,996	113118,808	113119,808	113121,534	113121,987	113122,167	113122,939	41310,996	41478,808	41479,808	41481,534	41481,987	41482,167	41482,939	12,826	12,515	2,874	2,618	13,440	13,440	17,223	20,353	1,000	865,000	227,000	868,978	215,467
380,000	1050,000	1430,000	0,441	33,333	37,220	5,000	37,273	18,466	15,422	9,758	36,211	350,000	112830,996	113125,319	113126,319	113128,370	113128,757	113129,107	113129,819	41310,996	41485,319	41486,319	41488,370	41488,757	41489,107	41489,819	12,904	13,448	7,163	7,030	13,440	13,440	34,154	33,493	1,000	875,000	201,000	868,978	215,467
490,000	740,000	1230,000	0,270	25,676	52,117	6,000	37,407	17,719	19,693	5,487	34,570	190,000	112830,996	113131,872	113132,873	113135,509	113136,007	113136,197	113136,757	41310,996	41491,872	41492,873	41495,509	41496,007	41496,197	41496,757	12,686	12,688	4,038	4,062	13,440	13,440	27,836	31,929	1,000	868,000	225,000	868,978	215,467
470,000	960,000	1430,000	0,240	14,583	34,606	10,000	37,052	18,175	21,965	3,215	33,994	140,000	112830,996	113139,307	113140,307	113143,875	113144,347	113144,487	113145,318	41310,996	41499,307	41500,307	41503,875	41504,347	41504,487	41505,318	12,517	13,370	2,338	2,412	13,440	13,440	26,064	25,621	1,000	870,000	207,000	868,978	215,467
30,000	20,000	50,000	18,708	0,000	0,000	0,000	29,918	0,000	25,180	0,000	29,918	0,000	112830,996	113147,341	113148,342	113151,767	113151,968	113151,968	113151,998	41310,996	41507,341	41508,342	41511,767	41511,968	41511,968	41511,998	0,000	0,000	0,000	0,000	13,440	13,440	NaN	NaN	1,000	389,000	676,000	868,978	215,467
460,000	850,000	1310,000	0,146	16,471	60,811	4,000	37,451	17,726	21,311	3,869	33,817	140,000	112830,996	113154,702	113155,702	113158,033	113158,498	113158,638	113159,359	41310,996	41514,702	41515,702	41518,033	41518,498	41518,638	41519,359	12,628	12,713	2,796	2,907	13,440	13,440	28,047	26,459	1,000	864,000	217,000	868,978	215,467
400,000	740,000	1140,000	0,109	35,135	42,966	4,000	37,539	17,724	17,894	7,286	35,141	260,000	112830,996	113201,192	113202,193	113204,662	113205,067	113205,327	113205,818	41310,996	41521,192	41522,193	41524,662	41525,067	41525,327	41525,818	12,408	12,855	5,009	5,521	13,440	13,440	27,011	31,055	1,000	866,000	213,000	868,978	215,467
420,000	760,000	1180,000	0,134	19,737	43,886	6,000	37,787	17,841	21,684	3,496	34,606	150,000	112830,996	113207,986	113208,986	113212,907	113213,338	113213,488	113214,107	41310,996	41527,986	41528,986	41532,907	41533,338	41533,488	41534,107	12,857	12,692	2,858	2,409	13,440	13,440	18,428	25,197	1,000	873,000	218,000	868,978	215,467
460,000	930,000	1390,000	0,265	17,204	48,430	6,000	37,613	17,635	22,198	2,982	34,358	160,000	112830,996	113216,462	113217,462	113219,210	113219,677	113219,837	113220,618	41310,996	41536,462	41537,462	41539,210	41539,677	41539,837	41540,618	12,686	12,574	2,522	2,017	13,440	13,440	18,565	21,795	1,000	865,000	224,000	868,978	215,467
380,000	990,000	1370,000	0,353	14,141	35,217	8,000	37,623	17,578	22,566	2,614	33,430	140,000	112830,996	113222,730	113223,731	113227,652	113228,037	113228,177	113229,038	41310,996	41542,730	41543,731	41547,652	41548,037	41548,177	41549,038	12,742	12,490	2,074	1,866	13,440	13,440	17,985	20,685	1,000	864,000	227,000	868,978	215,467
400,000	660,000	1060,000	0,169	24,242	48,849	4,000	36,460	17,986	21,016	4,164	33,803	160,000	112830,996	113232,297	113233,297	113235,559	113235,968	113236,128	113236,639	41310,996	41552,297	41553,297	41555,559	41555,968	41556,128	41556,639	12,350	13,278	3,089	3,070	13,440	13,440	23,252	27,095	1,000	863,000	216,000	868,978	215,467
390,000	750,000	1140,000	0,433	24,000	56,067	6,000	37,627	18,149	20,601	4,579	34,361	180,000	112830,996	113240,015	113241,015	113243,492	113243,889	113244,069	113244,647	41310,996	41560,015	41561,015	41563,492	41563,889	41564,069	41564,647	12,910	13,051	3,329	3,437	13,440	13,440	26,621	27,496	1,000	878,000	203,000	868,978	215,467
250,000	30,000	280,000	18,963	0,000	0,000	0,000	29,736	0,000	25,180	0,000	29,736	0,000	112830,996	113248,763	113249,764	113251,049	113251,308	113251,308	113251,347	41310,996	41568,763	41569,764	41571,049	41571,308	41571,308	41571,347	0,000	0,000	0,000	0,000	13,440	13,440	NaN	NaN	1,000	395,000	695,000	868,978	215,467
390,000	890,000	1280,000	0,290	16,854	52,756	8,000	36,727	17,904	21,907	3,273	32,667	150,000	112830,996	113257,081	113258,082	113300,929	113301,327	113301,477	113302,228	41310,996	41577,081	41578,082	41580,929	41581,327	41581,477	41582,228	12,658	12,996	2,364	2,487	13,440	13,440	22,377	23,865	1,000	861,000	222,000	868,978	215,467
520,000	910,000	1430,000	0,232	12,088	47,346	9,000	37,254	18,086	24,590	0,590	30,561	110,000	112830,996	113304,231	113305,231	113306,558	113307,087	113307,197	113308,008	41310,996	41584,231	41585,231	41586,558	41587,087	41587,197	41588,008	13,200	12,880	0,378	0,459	13,440	13,440	1,782	4,842	1,000	874,000	222,000	868,978	215,467
340,000	880,000	1220,000	0,208	32,955	48,082	4,000	36,934	18,018	16,167	9,013	34,826	290,000	112830,996	113310,259	113311,260	113312,771	113313,117	113313,406	113314,007	41310,996	41590,259	41591,260	41592,771	41593,117	41593,407	41594,007	12,573	13,162	6,185	6,892	13,440	13,440	38,495	36,569	1,000	864,000	210,000	868,978	215,467
340,000	900,000	1240,000	0,209	27,778	56,014	6,000	36,475	18,203	17,793	7,388	34,512	250,000	112830,996	113316,917	113317,918	113321,800	113322,148	113322,398	113323,057	41310,996	41596,917	41597,918	41601,800	41602,148	41602,398	41603,057	12,629	13,331	5,301	5,526	13,440	13,440	36,691	37,443	1,000	862,000	218,000	868,978	215,467
380,000	940,000	1320,000	0,394	15,957	41,567	8,000	37,717	18,485	22,259	2,921	32,755	150,000	112830,996	113326,473	113327,473	113328,636	113329,018	113329,168	113329,968	41310,996	41606,473	41607,473	41608,636	41609,018	41609,168	41609,968	13,643	12,996	2,285	2,130	13,440	13,440	17,597	22,781	1,000	877,000	204,000	868,978	215,467
370,000	1060,000	1430,000	0,240	19,811	40,208	7,000	37,044	18,042	19,571	5,609	34,513	210,000	112830,996	113332,438	113333,440	113336,517	113336,897	113337,107	113337,968	41310,996	41612,438	41613,440	41616,517	41616,897	41617,107	41617,968	12,855	12,994	4,300	4,030	13,440	13,440	27,646	28,431	1,000	869,000	224,000	868,978	215,467
330,000	910,000	1240,000	0,226	28,571	47,393	5,000	37,513	18,194	16,104	9,076	36,527	260,000	112830,996	113340,177	113341,178	113344,692	113345,028	113345,288	113345,949	41310,996	41620,177	41621,178	41624,692	41625,028	41625,288	41625,949	12,939	13,078	6,918	6,445	13,440	13,440	41,220	39,971	1,000	877,000	216,000	868,978	215,467
