350,000	680,000	1030,000	18,845	39,706	8,158	7,000	56,044	2,420	15,964	1,201	56,738	270,000	125318,993	125330,999	125331,999	125334,608	125334,964	125335,234	125335,655	46398,993	46410,999	46411,999	46414,608	46414,964	46415,234	46415,655	1,858	1,576	1,024	0,680	-13,440	13,440	4,882	5,350	1,000	1039,000	695,000	571,022	215,467
620,000	810,000	1430,000	2,699	22,222	31,110	12,000	52,383	14,658	13,152	4,014	55,475	180,000	125318,993	125339,018	125340,019	125343,937	125344,564	125344,745	125345,385	46398,993	46419,018	46420,019	46423,938	46424,565	46424,745	46425,385	10,054	11,197	2,899	3,171	-13,440	13,440	15,836	25,002	1,000	658,000	256,000	571,022	215,467
620,000	810,000	1430,000	1,365	13,580	33,536	10,000	53,217	15,410	14,301	2,864	56,675	110,000	125318,993	125347,507	125348,507	125350,530	125351,154	125351,264	125351,974	46398,993	46427,507	46428,507	46430,530	46431,154	46431,264	46431,974	10,635	11,366	1,983	2,171	-13,440	13,440	21,787	26,514	1,000	614,000	238,000	571,022	215,467
860,000	570,000	1430,000	4,368	28,070	36,957	2,000	53,021	12,614	13,169	3,996	55,602	160,000	125318,993	125354,085	125355,085	125357,633	125358,494	125358,654	125359,075	46398,993	46434,085	46435,085	46437,633	46438,494	46438,654	46439,075	8,616	9,777	2,791	3,309	-13,440	13,440	16,431	22,339	1,000	705,000	294,000	571,022	215,467
550,000	160,000	710,000	18,386	93,750	0,863	0,000	56,786	0,079	17,091	0,075	56,786	150,000	125318,993	125401,403	125402,403	125404,869	125405,424	125405,574	125405,595	46398,993	46441,403	46442,403	46444,869	46445,424	46445,574	46445,595	0,058	0,057	0,057	0,054	-13,440	13,440	NaN	0,352	1,000	1034,000	677,000	571,022	215,467
790,000	640,000	1430,000	3,924	26,562	33,883	6,000	52,989	13,122	14,274	2,892	56,026	170,000	125318,993	125409,259	125410,259	125411,378	125412,174	125412,344	125412,824	46398,993	46449,259	46450,259	46451,378	46452,174	46452,344	46452,824	9,132	9,943	2,114	2,331	-13,440	13,440	1,506	18,710	1,000	687,000	293,000	571,022	215,467
610,000	820,000	1430,000	0,543	18,293	35,041	8,000	53,503	16,371	14,214	2,951	57,012	150,000	125318,993	125415,399	125416,400	125417,896	125418,514	125418,664	125419,344	46398,993	46455,399	46456,400	46457,896	46458,514	46458,664	46459,344	11,749	11,901	2,330	2,168	-13,440	13,440	8,566	21,395	1,000	590,000	219,000	571,022	215,467
640,000	790,000	1430,000	0,647	16,456	36,031	7,000	53,405	16,588	13,396	3,769	55,926	130,000	125318,993	125421,007	125422,007	125425,186	125425,834	125425,964	125426,635	46398,993	46461,007	46462,007	46465,186	46465,834	46465,964	46466,635	11,485	11,767	2,166	3,014	-13,440	13,440	21,978	27,861	1,000	587,000	232,000	571,022	215,467
630,000	800,000	1430,000	0,649	22,500	40,071	8,000	53,172	16,625	13,969	3,197	56,189	180,000	125318,993	125428,413	125429,415	125432,133	125432,774	125432,954	125433,584	46398,993	46468,413	46469,415	46472,134	46472,774	46472,954	46473,584	11,993	11,929	2,412	2,493	-13,440	13,440	14,290	22,939	1,000	586,000	233,000	571,022	215,467
600,000	830,000	1430,000	1,657	18,072	34,572	10,000	53,086	16,188	13,193	3,972	55,837	150,000	125318,993	125435,231	125436,231	125438,818	125439,424	125439,574	125440,264	46398,993	46475,231	46476,231	46478,818	46479,424	46479,574	46480,264	11,338	11,685	2,663	3,119	-13,440	13,440	16,052	21,073	1,000	618,000	251,000	571,022	215,467
560,000	870,000	1430,000	0,184	22,989	39,868	7,000	53,108	18,069	12,440	4,726	55,605	200,000	125318,993	125442,093	125443,095	125446,306	125446,874	125447,074	125447,756	46398,993	46482,093	46483,095	46486,306	46486,874	46487,074	46487,756	13,071	12,920	3,402	3,760	-13,440	13,440	15,651	23,825	1,000	570,000	209,000	571,022	215,467
450,000	730,000	1180,000	0,529	21,918	45,505	6,000	53,330	17,245	13,223	3,943	55,909	160,000	125318,993	125449,244	125450,244	125453,007	125453,464	125453,624	125454,205	46398,993	46489,244	46490,244	46493,007	46493,464	46493,624	46494,205	12,545	12,151	2,900	3,108	-13,440	13,440	24,548	27,222	1,000	580,000	232,000	571,022	215,467
580,000	850,000	1430,000	0,428	17,647	57,480	6,000	52,798	17,424	12,307	4,858	55,098	150,000	125318,993	125456,005	125457,005	125458,450	125459,035	125459,185	125459,894	46398,993	46496,005	46497,005	46498,450	46499,035	46499,185	46499,894	12,541	12,431	3,501	3,937	-13,440	13,440	33,566	33,039	1,000	582,000	226,000	571,022	215,467
500,000	930,000	1430,000	0,140	17,204	57,599	6,000	53,148	17,971	12,832	4,333	55,731	160,000	125318,993	125501,308	125502,308	125503,482	125503,984	125504,144	125504,925	46398,993	46501,308	46502,308	46503,482	46503,984	46504,144	46504,925	13,050	12,683	3,094	3,474	-13,440	13,440	24,232	24,747	1,000	569,000	220,000	571,022	215,467
360,000	860,000	1220,000	0,230	24,419	54,734	5,000	53,064	18,472	11,743	5,422	54,713	210,000	125318,993	125505,785	125506,785	125509,308	125509,674	125509,885	125510,546	46398,993	46505,785	46506,786	46509,308	46509,675	46509,885	46510,546	13,473	12,938	4,031	4,107	-13,440	13,440	32,102	30,134	1,000	565,000	221,000	571,022	215,467
480,000	670,000	1150,000	0,774	20,896	59,401	4,000	53,236	17,185	12,866	4,299	55,900	140,000	125318,993	125511,551	125512,552	125514,141	125514,624	125514,764	125515,305	46398,993	46511,551	46512,552	46514,141	46514,624	46514,764	46515,305	12,126	12,239	2,871	3,459	-13,440	13,440	18,255	23,988	1,000	593,000	232,000	571,022	215,467
630,000	800,000	1430,000	0,594	22,500	52,338	5,000	52,607	16,789	12,711	4,454	55,703	180,000	125318,993	125517,093	125518,093	125519,838	125520,474	125520,654	125521,284	46398,993	46517,093	46518,093	46519,838	46520,474	46520,654	46521,284	11,880	12,327	3,347	3,415	-13,440	13,440	22,681	29,034	1,000	592,000	218,000	571,022	215,467
690,000	740,000	1430,000	0,384	18,919	42,995	8,000	53,095	17,074	13,350	3,815	56,034	140,000	125318,993	125523,140	125524,141	125526,225	125526,924	125527,064	125527,674	46398,993	46523,140	46524,141	46526,225	46526,924	46527,064	46527,674	12,007	12,300	2,579	2,971	-13,440	13,440	14,791	22,282	1,000	583,000	222,000	571,022	215,467
610,000	820,000	1430,000	0,394	21,951	49,302	8,000	53,293	17,095	12,412	4,753	55,769	180,000	125318,993	125529,284	125530,284	125534,174	125534,795	125534,974	125535,624	46398,993	46529,284	46530,284	46534,175	46534,795	46534,975	46535,624	12,387	12,124	3,462	3,720	-13,440	13,440	23,547	25,814	1,000	579,000	227,000	571,022	215,467
710,000	720,000	1430,000	0,238	25,000	35,227	7,000	53,294	17,214	12,184	4,981	55,573	180,000	125318,993	125537,307	125538,307	125540,427	125541,144	125541,324	125541,874	46398,993	46537,307	46538,307	46540,427	46541,144	46541,324	46541,874	12,396	12,438	3,583	3,955	-13,440	13,440	21,360	29,465	1,000	571,000	207,000	571,022	215,467
370,000	1050,000	1420,000	0,219	17,143	53,329	10,000	52,485	19,125	13,088	4,078	54,164	180,000	125318,993	125542,994	125543,994	125546,685	125547,064	125547,244	125548,124	46398,993	46542,994	46543,994	46546,685	46547,064	46547,244	46548,124	13,670	13,754	2,660	3,571	-13,440	13,440	25,758	26,446	1,000	578,000	212,000	571,022	215,467
510,000	920,000	1430,000	0,158	17,391	50,550	11,000	53,477	17,642	12,612	4,553	55,576	160,000	125318,993	125549,674	125550,674	125553,495	125554,015	125554,175	125554,945	46398,993	46549,674	46550,675	46553,495	46554,015	46554,175	46554,945	12,883	12,376	3,186	3,801	-13,440	13,440	30,380	29,297	1,000	572,000	221,000	571,022	215,467
540,000	890,000	1430,000	0,359	19,101	57,518	10,000	53,389	18,151	12,844	4,322	55,651	170,000	125318,993	125555,897	125556,899	125600,666	125601,214	125601,384	125602,115	46398,993	46555,897	46556,899	46560,666	46561,214	46561,384	46562,115	13,248	12,754	3,070	3,572	-13,440	13,440	23,360	25,014	1,000	560,000	209,000	571,022	215,467
640,000	790,000	1430,000	0,977	18,987	39,025	8,000	53,937	15,801	12,922	4,244	55,045	150,000	125318,993	125604,121	125605,121	125606,277	125606,924	125607,074	125607,724	46398,993	46564,121	46565,121	46566,277	46566,924	46567,074	46567,724	11,319	11,082	2,705	3,541	-13,440	13,440	26,144	27,436	1,000	601,000	233,000	571,022	215,467
680,000	750,000	1430,000	0,534	20,000	48,051	6,000	52,848	17,714	12,620	4,546	55,943	150,000	125318,993	125609,170	125610,171	125613,846	125614,534	125614,684	125615,294	46398,993	46569,170	46570,171	46573,846	46574,534	46574,684	46575,294	12,684	12,742	3,412	3,503	-13,440	13,440	29,803	30,852	1,000	588,000	224,000	571,022	215,467
690,000	740,000	1430,000	0,130	25,676	59,316	5,000	52,492	18,092	12,982	4,183	55,157	190,000	125318,993	125616,825	125617,826	125621,490	125622,184	125622,374	125622,935	46398,993	46576,825	46577,826	46581,490	46582,184	46582,374	46582,935	12,963	12,968	3,068	3,270	-13,440	13,440	21,790	24,559	1,000	574,000	219,000	571,022	215,467
460,000	520,000	980,000	1,184	26,923	67,834	2,000	53,068	16,949	12,516	4,649	55,241	140,000	125318,993	125623,940	125624,941	125626,997	125627,464	125627,604	125627,995	46398,993	46583,941	46584,941	46586,997	46587,464	46587,604	46587,995	11,928	12,095	3,013	3,870	-13,440	13,440	28,318	28,109	1,000	601,000	245,000	571,022	215,467
30,000	20,000	50,000	20,456	0,000	0,000	0,000	55,641	0,000	17,165	0,000	55,641	0,000	125318,993	125629,485	125630,485	125633,635	125633,835	125633,835	125633,864	46398,993	46589,485	46590,485	46593,635	46593,835	46593,835	46593,864	0,000	0,000	0,000	0,000	-13,440	13,440	NaN	NaN	1,000	1078,000	737,000	571,022	215,467
250,000	100,000	350,000	0,409	90,000	0,618	0,000	69,186	0,037	17,130	0,036	69,186	90,000	125318,993	125635,086	125636,087	125637,407	125637,664	125637,754	125637,774	46398,993	46595,086	46596,087	46597,407	46597,664	46597,754	46597,774	0,028	0,029	0,028	0,026	-13,440	13,440	NaN	0,534	1,000	584,000	222,000	571,022	215,467
610,000	820,000	1430,000	0,142	20,732	59,773	8,000	52,529	18,635	11,641	5,524	54,492	170,000	125318,993	125639,001	125640,001	125642,714	125643,334	125643,504	125644,165	46398,993	46599,001	46600,001	46602,714	46603,334	46603,504	46604,165	13,168	13,197	3,583	4,526	-13,440	13,440	24,889	27,756	1,000	566,000	216,000	571,022	215,467
530,000	900,000	1430,000	0,030	16,667	53,323	8,000	52,729	18,218	12,582	4,583	55,501	150,000	125318,993	125645,105	125646,105	125648,776	125649,314	125649,464	125650,225	46398,993	46605,105	46606,105	46608,776	46609,314	46609,464	46610,225	12,826	13,043	3,121	3,599	-13,440	13,440	22,809	22,579	1,000	572,000	215,000	571,022	215,467
490,000	940,000	1430,000	0,076	19,149	66,187	7,000	52,887	18,144	10,692	6,473	55,722	180,000	125318,993	125651,063	125652,064	125654,886	125655,385	125655,565	125656,334	46398,993	46611,063	46612,064	46614,886	46615,385	46615,565	46616,334	13,106	12,897	4,984	4,809	-13,440	13,440	37,640	38,493	1,000	572,000	218,000	571,022	215,467
530,000	900,000	1430,000	0,334	18,889	58,552	7,000	52,529	18,659	10,618	6,548	54,755	170,000	125318,993	125657,285	125658,285	125702,208	125702,744	125702,914	125703,654	46398,993	46617,285	46618,285	46622,208	46622,744	46622,914	46623,654	13,438	13,312	4,799	5,129	-13,440	13,440	30,483	33,507	1,000	560,000	211,000	571,022	215,467
570,000	710,000	1280,000	0,298	21,127	59,345	8,000	53,012	17,031	12,354	4,812	55,434	150,000	125318,993	125704,640	125705,640	125708,378	125708,954	125709,104	125709,674	46398,993	46624,640	46625,640	46628,378	46628,954	46629,104	46629,674	11,955	12,152	3,214	3,857	-13,440	13,440	26,414	25,832	1,000	581,000	219,000	571,022	215,467
540,000	840,000	1380,000	0,173	19,048	55,028	8,000	53,045	18,073	12,618	4,548	55,641	160,000	125318,993	125710,617	125711,618	125714,198	125714,744	125714,904	125715,595	46398,993	46630,618	46631,619	46634,198	46634,744	46634,904	46635,595	12,883	12,769	3,133	3,614	-13,440	13,440	27,011	25,650	1,000	566,000	219,000	571,022	215,467
560,000	720,000	1280,000	0,440	20,833	67,673	5,000	53,198	17,053	11,212	5,953	55,422	150,000	125318,993	125716,557	125717,557	125719,732	125720,295	125720,446	125721,024	46398,993	46636,557	46637,557	46639,732	46640,296	46640,446	46641,025	12,124	11,954	4,198	4,603	-13,440	13,440	37,497	38,042	1,000	573,000	231,000	571,022	215,467
650,000	780,000	1430,000	0,254	21,795	48,771	8,000	52,611	16,221	11,218	5,947	55,166	170,000	125318,993	125722,565	125723,565	125726,180	125726,835	125727,005	125727,624	46398,993	46642,565	46643,565	46646,180	46646,835	46647,005	46647,624	11,142	11,788	4,038	4,460	-13,440	13,440	24,189	24,954	1,000	576,000	223,000	571,022	215,467
550,000	570,000	1120,000	0,902	26,316	69,027	2,000	53,548	17,316	12,902	4,263	55,055	150,000	125318,993	125729,341	125730,341	125732,009	125732,565	125732,715	125733,144	46398,993	46649,341	46650,341	46652,009	46652,565	46652,715	46653,144	12,517	11,870	2,951	3,206	-13,440	13,440	23,278	24,496	1,000	539,000	217,000	571,022	215,467
510,000	920,000	1430,000	0,050	18,478	39,023	10,000	52,207	18,355	12,518	4,647	54,558	170,000	125318,993	125734,911	125735,911	125739,891	125740,405	125740,575	125741,334	46398,993	46654,911	46655,911	46659,891	46660,405	46660,575	46661,334	13,035	13,315	3,110	3,870	-13,440	13,440	19,795	24,771	1,000	570,000	214,000	571,022	215,467
520,000	910,000	1430,000	0,409	16,484	37,370	12,000	53,235	16,840	13,376	3,789	56,094	150,000	125318,993	125742,380	125743,380	125744,545	125745,075	125745,225	125745,994	46398,993	46662,380	46663,380	46664,545	46665,075	46665,225	46665,994	12,119	12,084	2,855	2,886	-13,440	13,440	22,112	23,190	1,000	584,000	222,000	571,022	215,467
