510,000	920,000	1430,000	12,463	19,565	23,955	13,000	32,456	5,055	24,715	0,465	29,473	180,000	191155,687	191214,483	191215,483	191218,451	191218,964	191219,144	191219,895	69115,687	69134,483	69135,483	69138,451	69138,964	69139,144	69139,895	3,668	3,743	0,276	0,385	13,440	13,440	10,088	2,745	1,000	549,000	522,000	868,978	215,467
30,000	100,000	130,000	1,748	0,000	2,092	0,000	72,558	0,162	25,180	0,000	72,650	0,000	191155,687	191227,923	191228,924	191232,717	191232,917	191232,917	191233,025	69115,687	69147,923	69148,924	69152,717	69152,917	69152,917	69153,025	0,144	0,086	0,005	0,000	13,440	13,440	1,918	NaN	1,000	818,000	251,000	868,978	215,467
310,000	1120,000	1430,000	2,714	24,107	35,658	12,000	41,353	18,566	20,780	4,400	36,641	270,000	191155,687	191236,693	191237,693	191239,771	191240,084	191240,354	191241,215	69115,687	69156,693	69157,693	69159,771	69160,084	69160,354	69161,215	15,384	11,630	4,231	2,653	13,440	13,440	18,799	26,099	1,000	957,000	255,000	868,978	215,467
60,000	920,000	980,000	0,830	30,435	5,067	16,000	63,381	2,291	24,640	0,540	66,097	280,000	191155,687	191246,666	191247,666	191251,046	191251,247	191251,527	191252,175	69115,687	69166,666	69167,666	69171,046	69171,247	69171,527	69172,175	1,322	2,616	0,295	0,731	13,440	13,440	2,691	3,481	1,000	846,000	234,000	868,978	215,467
300,000	1130,000	1430,000	1,060	15,044	26,922	14,000	39,818	16,615	22,361	2,819	36,101	170,000	191155,687	191255,758	191256,759	191258,696	191259,005	191259,176	191300,144	69115,687	69175,759	69176,759	69178,696	69179,006	69179,176	69180,144	12,542	11,366	2,435	1,858	13,440	13,440	12,769	15,279	1,000	888,000	248,000	868,978	215,467
110,000	1320,000	1430,000	3,675	20,455	22,855	12,000	36,533	14,549	21,582	3,598	31,201	270,000	191155,687	191303,394	191304,395	191305,579	191305,780	191306,050	191307,104	69115,687	69183,394	69184,395	69185,579	69185,780	69186,050	69187,104	11,062	10,166	2,641	2,707	13,440	13,440	10,936	19,189	1,000	782,000	313,000	868,978	215,467
190,000	100,000	290,000	0,407	0,000	1,247	0,000	75,340	0,071	25,179	0,001	75,689	0,000	191155,687	191313,832	191314,833	191318,263	191318,463	191318,463	191318,564	69115,687	69193,832	69194,833	69198,263	69198,463	69198,463	69198,564	0,028	0,172	0,000	0,003	13,440	13,440	0,967	NaN	1,000	883,000	219,000	868,978	215,467
30,000	180,000	210,000	0,310	94,444	1,676	0,000	75,060	0,151	25,032	0,148	75,060	170,000	191155,687	191320,921	191321,921	191324,524	191324,725	191324,894	191324,914	69115,687	69200,921	69201,921	69204,524	69204,725	69204,895	69204,914	0,142	0,056	0,141	0,056	13,440	13,440	NaN	0,504	1,000	862,000	224,000	868,978	215,467
300,000	1130,000	1430,000	1,799	16,814	31,103	16,000	37,845	15,686	21,659	3,521	33,643	190,000	191155,687	191327,369	191328,370	191331,783	191332,084	191332,274	191333,224	69115,687	69207,369	69208,370	69211,784	69212,085	69212,275	69213,224	11,533	11,094	2,516	2,694	13,440	13,440	20,061	23,053	1,000	841,000	273,000	868,978	215,467
70,000	60,000	130,000	3,867	0,000	0,857	0,000	67,157	0,039	25,180	0,000	67,192	0,000	191155,687	191337,745	191338,745	191342,574	191342,775	191342,775	191342,846	69115,687	69217,745	69218,745	69222,574	69222,775	69222,775	69222,846	0,029	0,029	0,003	0,000	13,440	13,440	0,165	NaN	1,000	801,000	335,000	868,978	215,467
30,000	1400,000	1430,000	0,709	9,286	24,441	12,000	40,801	15,728	25,097	0,083	36,450	130,000	191155,687	191346,701	191347,701	191350,382	191350,582	191350,712	191351,985	69115,687	69226,702	69227,701	69230,382	69230,582	69230,712	69231,985	11,631	10,852	0,101	0,041	13,440	13,440	5,013	0,328	1,000	878,000	239,000	868,978	215,467
170,000	1260,000	1430,000	2,095	30,159	22,842	14,000	39,459	14,327	21,510	3,670	36,995	380,000	191155,687	191355,123	191356,124	191357,805	191358,006	191358,386	191359,274	69115,687	69235,124	69236,124	69237,805	69238,006	69238,386	69239,274	10,586	9,966	2,982	2,456	13,440	13,440	2,365	5,055	1,000	827,000	277,000	868,978	215,467
350,000	1080,000	1430,000	0,875	13,889	29,730	14,000	38,978	16,604	22,246	2,934	34,313	150,000	191155,687	191403,451	191404,453	191407,218	191407,574	191407,724	191408,666	69115,687	69243,451	69244,453	69247,218	69247,574	69247,724	69248,666	12,403	11,453	2,113	2,135	13,440	13,440	14,227	19,907	1,000	875,000	246,000	868,978	215,467
270,000	1160,000	1430,000	2,627	22,414	22,857	10,000	37,331	15,370	21,399	3,781	33,282	260,000	191155,687	191411,852	191412,852	191415,250	191415,525	191415,785	191416,695	69115,687	69251,852	69252,852	69255,250	69255,525	69255,785	69256,695	11,655	10,696	3,036	2,628	13,440	13,440	3,787	16,304	1,000	846,000	306,000	868,978	215,467
90,000	680,000	770,000	0,255	36,765	5,096	6,000	72,058	0,787	24,633	0,547	72,560	250,000	191155,687	191421,881	191422,881	191425,561	191425,761	191426,011	191426,444	69115,687	69261,881	69262,881	69265,561	69265,761	69266,011	69266,444	0,562	0,845	0,414	0,545	13,440	13,440	0,596	1,015	1,000	874,000	223,000	868,978	215,467
270,000	1160,000	1430,000	0,846	22,414	20,242	11,000	39,818	16,685	21,413	3,767	36,213	260,000	191155,687	191428,854	191429,855	191431,313	191431,585	191431,845	191432,754	69115,687	69268,854	69269,855	69271,313	69271,585	69271,845	69272,754	12,141	11,770	2,611	2,842	13,440	13,440	0,351	12,379	1,000	891,000	195,000	868,978	215,467
30,000	1400,000	1430,000	0,671	24,286	23,750	13,000	45,484	12,492	21,113	4,067	45,924	340,000	191155,687	191435,912	191436,911	191439,849	191440,050	191440,390	191441,454	69115,687	69275,912	69276,911	69279,849	69280,050	69280,390	69281,455	8,609	9,049	2,874	2,958	13,440	13,440	15,158	16,175	1,000	865,000	239,000	868,978	215,467
30,000	1400,000	1430,000	14,568	14,286	24,721	17,000	65,140	12,083	24,861	0,319	76,279	200,000	191155,687	191444,355	191445,354	191446,475	191446,677	191446,877	191448,085	69115,687	69284,355	69285,354	69286,475	69286,677	69286,877	69288,085	9,423	9,700	0,279	0,113	13,440	13,440	20,954	0,138	1,000	503,000	582,000	868,978	215,467
60,000	20,000	80,000	0,170	0,000	0,000	0,000	76,195	0,000	25,180	0,000	76,195	0,000	191155,687	191448,686	191449,687	191452,697	191452,897	191452,897	191452,925	69115,687	69288,686	69289,687	69292,697	69292,898	69292,898	69292,925	0,000	0,000	0,000	0,000	13,440	13,440	NaN	NaN	1,000	875,000	215,000	868,978	215,467
30,000	1400,000	1430,000	1,588	17,857	26,017	10,000	39,824	14,140	22,006	3,174	37,890	250,000	191155,687	191454,950	191455,950	191458,658	191458,859	191459,109	191500,264	69115,687	69294,950	69295,950	69298,658	69298,859	69299,109	69300,264	9,848	10,221	2,155	2,455	13,440	13,440	17,172	17,532	1,000	837,000	262,000	868,978	215,467
30,000	40,000	70,000	18,172	0,000	0,891	0,000	31,892	0,040	25,177	0,004	31,953	0,000	191155,687	191504,065	191505,066	191508,387	191508,588	191508,588	191508,635	69115,687	69304,065	69305,066	69308,387	69308,588	69308,588	69308,635	0,000	0,029	0,000	0,003	13,440	13,440	0,040	NaN	1,000	423,000	683,000	868,978	215,467
440,000	990,000	1430,000	16,260	23,232	26,798	8,000	63,890	13,021	24,892	0,288	74,716	230,000	191155,687	191513,369	191514,371	191517,774	191518,224	191518,454	191519,224	69115,687	69313,369	69314,371	69317,774	69318,224	69318,454	69319,224	10,064	10,408	0,257	0,248	13,440	13,440	18,423	1,391	1,000	467,000	631,000	868,978	215,467
210,000	1220,000	1430,000	8,443	22,951	12,951	12,000	33,268	9,607	23,547	1,633	29,211	280,000	191155,687	191519,815	191520,815	191524,766	191524,984	191525,264	191526,214	69115,687	69319,815	69320,815	69324,766	69324,984	69325,264	69326,214	6,688	7,267	0,894	1,410	13,440	13,440	4,709	6,961	1,000	654,000	425,000	868,978	215,467
320,000	1110,000	1430,000	1,519	19,820	21,423	10,000	39,872	15,810	21,826	3,355	35,082	220,000	191155,687	191530,570	191531,570	191533,429	191533,754	191533,974	191534,874	69115,687	69330,570	69331,570	69333,429	69333,754	69333,974	69334,874	11,965	10,748	2,283	2,519	13,440	13,440	2,614	15,034	1,000	876,000	269,000	868,978	215,467
330,000	1100,000	1430,000	0,634	16,364	25,705	12,000	42,379	13,995	22,764	2,416	41,176	180,000	191155,687	191538,489	191539,489	191542,141	191542,474	191542,654	191543,584	69115,687	69338,489	69339,489	69342,141	69342,474	69342,654	69343,584	9,933	9,878	1,754	1,748	13,440	13,440	5,234	12,418	1,000	870,000	238,000	868,978	215,467
330,000	1100,000	1430,000	1,190	22,727	20,538	12,000	39,895	14,830	21,646	3,534	37,996	250,000	191155,687	191546,722	191547,722	191550,244	191550,574	191550,824	191551,684	69115,687	69346,722	69347,722	69350,244	69350,574	69350,824	69351,684	10,536	10,543	2,604	2,537	13,440	13,440	6,692	11,911	1,000	846,000	251,000	868,978	215,467
390,000	240,000	630,000	0,455	95,833	5,472	0,000	76,128	0,736	24,444	0,736	76,128	230,000	191155,687	191554,576	191555,576	191559,476	191559,875	191560,105	191600,124	69115,687	69354,576	69355,577	69359,476	69359,875	69360,105	69360,124	0,619	0,338	0,619	0,336	13,440	13,440	NaN	1,600	1,000	853,000	218,000	868,978	215,467
90,000	1340,000	1430,000	1,460	21,642	23,110	11,000	38,449	16,014	22,122	3,058	33,552	290,000	191155,687	191602,589	191603,589	191607,111	191607,312	191607,602	191608,654	69115,687	69362,589	69363,589	69367,111	69367,312	69367,602	69368,654	12,071	11,080	2,231	2,318	13,440	13,440	13,183	15,783	1,000	846,000	262,000	868,978	215,467
60,000	20,000	80,000	18,873	0,000	0,000	0,000	30,181	0,000	25,180	0,000	30,181	0,000	191155,687	191612,460	191613,460	191615,926	191616,127	191616,127	191616,154	69115,687	69372,460	69373,460	69375,926	69376,127	69376,127	69376,154	0,000	0,000	0,000	0,000	13,440	13,440	NaN	NaN	1,000	410,000	705,000	868,978	215,467
30,000	1400,000	1430,000	0,427	26,429	6,513	10,000	61,628	2,829	23,968	1,212	64,103	370,000	191155,687	191621,365	191622,365	191625,432	191625,633	191626,003	191627,035	69115,687	69381,365	69382,365	69385,432	69385,633	69386,003	69387,035	1,410	3,601	0,517	1,878	13,440	13,440	1,306	1,758	1,000	854,000	213,000	868,978	215,467
110,000	20,000	130,000	16,622	0,000	0,000	0,000	35,655	0,000	25,180	0,000	35,655	0,000	191155,687	191629,253	191630,252	191632,422	191632,623	191632,623	191632,644	69115,687	69389,253	69390,252	69392,422	69392,623	69392,623	69392,644	0,000	0,000	0,000	0,000	13,440	13,440	NaN	NaN	1,000	462,000	644,000	868,978	215,467
60,000	1370,000	1430,000	2,359	11,679	22,918	13,000	37,854	15,682	23,760	1,420	32,561	160,000	191155,687	191636,519	191637,521	191639,894	191640,095	191640,255	191641,475	69115,687	69396,519	69397,521	69399,894	69400,095	69400,255	69401,475	11,613	11,048	1,091	1,067	13,440	13,440	2,796	11,056	1,000	854,000	298,000	868,978	215,467
810,000	620,000	1430,000	8,292	33,871	27,770	7,000	35,932	8,381	21,691	3,490	35,243	210,000	191155,687	191644,708	191645,709	191647,700	191648,514	191648,724	191649,145	69115,687	69404,708	69405,710	69407,700	69408,514	69408,724	69409,145	5,632	6,372	2,499	2,567	13,440	13,440	3,830	14,761	1,000	651,000	414,000	868,978	215,467
130,000	1300,000	1430,000	2,735	7,692	26,865	12,000	36,706	14,842	24,984	0,196	31,938	100,000	191155,687	191653,691	191654,691	191657,321	191657,522	191657,622	191658,825	69115,687	69413,691	69414,691	69417,322	69417,522	69417,622	69418,825	10,492	10,811	0,174	0,139	13,440	13,440	3,409	1,313	1,000	801,000	285,000	868,978	215,467
330,000	1100,000	1430,000	2,909	16,364	29,208	12,000	36,934	14,783	21,942	3,238	33,011	180,000	191155,687	191702,242	191703,244	191704,945	191705,284	191705,464	191706,394	69115,687	69422,242	69423,244	69424,945	69425,284	69425,464	69426,394	10,478	10,674	2,066	2,491	13,440	13,440	5,160	15,332	1,000	808,000	299,000	868,978	215,467
430,000	1000,000	1430,000	3,023	12,000	26,806	12,000	34,269	15,279	24,502	0,678	29,241	120,000	191155,687	191710,872	191711,871	191713,457	191713,895	191714,015	191714,904	69115,687	69430,872	69431,871	69433,457	69433,895	69434,015	69434,904	10,398	11,610	0,440	0,567	13,440	13,440	5,815	5,378	1,000	783,000	280,000	868,978	215,467
60,000	20,000	80,000	0,315	0,000	0,000	0,000	76,785	0,000	25,180	0,000	76,785	0,000	191155,687	191719,798	191720,798	191723,850	191724,051	191724,051	191724,074	69115,687	69439,798	69440,798	69443,850	69444,051	69444,051	69444,074	0,000	0,000	0,000	0,000	13,440	13,440	NaN	NaN	1,000	873,000	205,000	868,978	215,467
30,000	950,000	980,000	0,639	29,474	35,708	10,000	38,212	16,793	20,561	4,619	34,808	280,000	191155,687	191726,451	191727,450	191729,715	191729,915	191730,195	191730,874	69115,687	69446,451	69447,450	69449,715	69449,915	69450,195	69450,874	11,870	12,122	3,027	3,653	13,440	13,440	21,090	21,549	1,000	866,000	238,000	868,978	215,467
340,000	1090,000	1430,000	2,400	8,257	41,163	11,000	35,972	15,456	24,728	0,452	32,118	90,000	191155,687	191734,926	191735,926	191738,774	191739,124	191739,214	191740,225	69115,687	69454,926	69455,926	69458,774	69459,124	69459,214	69460,225	10,736	11,463	0,544	0,351	13,440	13,440	8,699	2,424	1,000	824,000	288,000	868,978	215,467
460,000	970,000	1430,000	5,700	13,402	21,116	8,000	35,462	11,300	24,721	0,459	32,869	130,000	191155,687	191743,553	191744,554	191745,841	191746,304	191746,434	191747,284	69115,687	69463,553	69464,554	69465,841	69466,304	69466,434	69467,284	7,609	8,561	0,345	0,344	13,440	13,440	11,046	2,979	1,000	730,000	363,000	868,978	215,467
