720,000	410,000	1130,000	1,828	80,488	81,657	2,000	53,230	12,358	4,958	12,207	53,290	330,000	101248,329	101303,090	101304,091	101305,831	101306,559	101306,889	101306,979	36768,329	36783,090	36784,091	36785,831	36786,559	36786,889	36786,979	7,877	9,340	7,780	9,246	-13,440	13,440	0,281	1,259	1,000	632,000	238,000	571,022	215,467
670,000	480,000	1150,000	4,114	60,417	146,471	3,000	55,836	24,401	5,554	22,720	56,030	290,000	101248,329	101308,706	101309,706	101311,413	101312,088	101312,378	101312,576	36768,329	36788,706	36789,706	36791,413	36792,088	36792,378	36792,577	19,462	14,823	18,156	14,309	-13,440	13,440	15,182	12,031	1,000	491,000	93,000	571,022	215,467
670,000	330,000	1000,000	2,078	39,394	95,011	3,000	55,974	16,601	6,064	11,102	57,532	130,000	101248,329	101313,984	101314,985	101317,403	101318,077	101318,207	101318,418	36768,329	36793,984	36794,985	36797,403	36798,077	36798,207	36798,418	12,210	10,606	8,357	7,621	-13,440	13,440	87,597	88,810	1,000	512,000	171,000	571,022	215,467
30,000	60,000	90,000	18,764	0,000	0,363	0,000	56,692	0,016	17,165	0,000	56,730	0,000	101248,329	101319,481	101320,482	101323,649	101323,849	101323,849	101323,918	36768,329	36799,481	36800,482	36803,649	36803,849	36803,849	36803,918	0,000	0,029	0,000	0,000	-13,440	13,440	0,035	NaN	1,000	1044,000	686,000	571,022	215,467
30,000	130,000	160,000	18,983	92,308	1,148	0,000	56,574	0,118	17,051	0,115	56,574	120,000	101248,329	101326,331	101327,332	101330,242	101330,443	101330,563	101330,577	36768,329	36806,331	36807,332	36810,242	36810,443	36810,563	36810,577	0,086	0,085	0,085	0,083	-13,440	13,440	NaN	1,101	1,000	1050,000	691,000	571,022	215,467
610,000	820,000	1430,000	1,140	19,512	93,841	8,000	54,684	20,604	4,046	13,120	56,544	160,000	101248,329	101332,358	101333,358	101335,376	101335,987	101336,147	101336,817	36768,329	36812,358	36813,358	36815,377	36815,987	36816,147	36816,817	15,120	13,483	9,932	8,811	-13,440	13,440	63,627	79,503	1,000	571,000	256,000	571,022	215,467
580,000	310,000	890,000	1,725	58,065	101,912	2,000	52,908	15,864	3,032	14,133	53,674	180,000	101248,329	101337,491	101338,490	101340,923	101341,507	101341,687	101341,827	36768,329	36817,491	36818,491	36820,923	36821,507	36821,687	36821,827	10,296	12,011	9,377	10,832	-13,440	13,440	63,606	66,528	1,000	586,000	156,000	571,022	215,467
650,000	420,000	1070,000	1,871	76,190	108,786	2,000	53,778	16,461	0,735	16,431	53,758	320,000	101248,329	101342,837	101343,837	101346,102	101346,757	101347,077	101347,189	36768,329	36822,837	36823,837	36826,102	36826,757	36827,077	36827,190	11,392	11,503	11,366	11,486	-13,440	13,440	1,560	0,403	1,000	519,000	174,000	571,022	215,467
570,000	410,000	980,000	0,559	90,244	82,540	1,000	53,123	15,590	1,626	15,540	53,186	370,000	101248,329	101348,518	101349,518	101350,655	101351,228	101351,598	101351,647	36768,329	36828,518	36829,518	36830,655	36831,228	36831,598	36831,647	10,549	11,534	10,528	11,497	-13,440	13,440	0,580	0,682	1,000	589,000	207,000	571,022	215,467
600,000	440,000	1040,000	1,224	97,727	101,835	0,000	53,685	17,223	0,055	17,220	53,685	430,000	101248,329	101353,089	101354,090	101356,023	101356,630	101357,061	101357,078	36768,329	36833,089	36834,090	36836,023	36836,631	36837,061	36837,078	11,955	12,206	11,954	12,206	-13,440	13,440	NaN	0,908	1,000	539,000	186,000	571,022	215,467
30,000	20,000	50,000	18,505	0,000	0,000	0,000	56,682	0,000	17,165	0,000	56,682	0,000	101248,329	101358,004	101359,004	101401,609	101401,810	101401,810	101401,838	36768,329	36838,004	36839,004	36841,609	36841,810	36841,810	36841,838	0,000	0,000	0,000	0,000	-13,440	13,440	NaN	NaN	1,000	1036,000	681,000	571,022	215,467
30,000	50,000	80,000	18,585	0,000	0,364	0,000	56,514	0,016	17,165	0,000	56,553	0,000	101248,329	101403,407	101404,407	101407,889	101408,089	101408,089	101408,147	36768,329	36843,407	36844,407	36847,889	36848,089	36848,089	36848,147	0,000	0,029	0,000	0,000	-13,440	13,440	0,032	NaN	1,000	1035,000	686,000	571,022	215,467
540,000	330,000	870,000	0,667	96,970	104,620	0,000	54,382	16,024	1,142	16,023	54,382	320,000	101248,329	101409,680	101410,680	101411,963	101412,508	101412,829	101412,847	36768,329	36849,680	36850,680	36851,963	36852,509	36852,829	36852,847	11,393	11,055	11,393	11,057	-13,440	13,440	NaN	1,112	1,000	555,000	198,000	571,022	215,467
210,000	40,000	250,000	18,607	0,000	0,351	0,000	57,127	0,016	17,164	0,001	57,165	0,000	101248,329	101413,961	101414,961	101418,189	101418,407	101418,407	101418,458	36768,329	36853,961	36854,961	36858,189	36858,407	36858,407	36858,458	0,000	0,029	0,000	0,003	-13,440	13,440	0,016	NaN	1,000	1046,000	676,000	571,022	215,467
630,000	340,000	970,000	1,322	82,353	104,014	2,000	54,462	14,256	2,921	14,245	54,492	280,000	101248,329	101420,526	101421,526	101423,995	101424,630	101424,910	101424,978	36768,329	36860,526	36861,526	36863,995	36864,630	36864,910	36864,978	9,337	10,660	9,342	10,632	-13,440	13,440	0,630	0,526	1,000	578,000	169,000	571,022	215,467
810,000	380,000	1190,000	1,104	89,474	101,606	1,000	53,324	14,412	2,806	14,360	53,387	340,000	101248,329	101426,540	101427,540	101429,880	101430,697	101431,037	101431,087	36768,329	36866,540	36867,540	36869,880	36870,697	36871,037	36871,087	9,649	10,296	9,627	10,257	-13,440	13,440	0,542	1,855	1,000	598,000	244,000	571,022	215,467
710,000	320,000	1030,000	3,485	96,875	124,456	0,000	54,666	17,994	0,828	17,993	54,666	310,000	101248,329	101431,973	101432,974	101435,795	101436,507	101436,817	101436,837	36768,329	36871,973	36872,974	36875,795	36876,507	36876,817	36876,837	12,575	12,237	12,577	12,235	-13,440	13,440	NaN	2,478	1,000	472,000	141,000	571,022	215,467
30,000	240,000	270,000	19,082	66,667	0,981	2,000	56,385	0,110	17,104	0,062	56,460	160,000	101248,329	101438,223	101439,223	101441,112	101441,313	101441,473	101441,557	36768,329	36878,223	36879,223	36881,112	36881,313	36881,473	36881,557	0,056	0,114	0,048	0,054	-13,440	13,440	0,767	0,036	1,000	1052,000	694,000	571,022	215,467
510,000	410,000	920,000	1,165	46,341	107,109	4,000	53,399	19,334	1,337	15,829	54,467	190,000	101248,329	101442,915	101443,915	101445,293	101445,807	101445,997	101446,227	36768,329	36882,915	36883,915	36885,293	36885,808	36885,998	36886,227	14,006	13,304	11,821	11,190	-13,440	13,440	89,007	88,872	1,000	533,000	199,000	571,022	215,467
530,000	450,000	980,000	1,251	73,333	103,561	3,000	53,782	16,780	0,434	16,731	53,744	330,000	101248,329	101447,093	101448,094	101449,548	101450,088	101450,418	101450,547	36768,329	36887,093	36888,094	36889,548	36890,088	36890,418	36890,547	11,702	12,094	11,648	12,084	-13,440	13,440	0,299	0,518	1,000	595,000	178,000	571,022	215,467
630,000	440,000	1070,000	0,461	70,455	103,472	2,000	53,893	15,872	1,346	15,820	53,973	310,000	101248,329	101451,221	101452,221	101455,367	101456,007	101456,317	101456,458	36768,329	36891,222	36892,221	36895,367	36896,007	36896,317	36896,458	10,997	11,082	10,996	11,000	-13,440	13,440	1,060	0,050	1,000	557,000	207,000	571,022	215,467
640,000	330,000	970,000	0,799	90,909	95,412	1,000	54,442	13,326	3,856	13,310	54,442	300,000	101248,329	101457,346	101458,346	101459,746	101500,387	101500,687	101500,727	36768,329	36897,346	36898,347	36899,746	36900,387	36900,687	36900,727	9,001	9,678	9,004	9,651	-13,440	13,440	NaN	0,080	1,000	597,000	204,000	571,022	215,467
330,000	20,000	350,000	18,824	0,000	0,000	0,000	56,704	0,000	17,165	0,000	56,704	0,000	101248,329	101501,791	101502,791	101504,895	101505,238	101505,238	101505,267	36768,329	36901,791	36902,791	36904,895	36905,238	36905,238	36905,267	0,000	0,000	0,000	0,000	-13,440	13,440	NaN	NaN	1,000	1046,000	687,000	571,022	215,467
60,000	20,000	80,000	18,606	0,000	0,000	0,000	56,936	0,000	17,165	0,000	56,936	0,000	101248,329	101506,948	101507,948	101509,855	101510,055	101510,055	101510,077	36768,329	36906,948	36907,948	36909,855	36910,055	36910,055	36910,077	0,000	0,000	0,000	0,000	-13,440	13,440	NaN	NaN	1,000	1043,000	679,000	571,022	215,467
210,000	20,000	230,000	19,162	0,000	0,000	0,000	56,499	0,000	17,165	0,000	56,499	0,000	101248,329	101512,108	101513,108	101515,670	101515,887	101515,887	101515,917	36768,329	36912,108	36913,108	36915,670	36915,887	36915,887	36915,917	0,000	0,000	0,000	0,000	-13,440	13,440	NaN	NaN	1,000	1053,000	697,000	571,022	215,467
30,000	180,000	210,000	18,327	61,111	0,789	1,000	56,798	0,079	17,126	0,039	56,811	110,000	101248,329	101516,505	101517,505	101520,012	101520,213	101520,323	101520,397	36768,329	36916,505	36917,505	36920,012	36920,213	36920,323	36920,397	0,030	0,057	0,000	0,029	-13,440	13,440	0,163	0,159	1,000	1034,000	674,000	571,022	215,467
120,000	240,000	360,000	18,686	54,167	1,269	2,000	56,716	0,141	17,095	0,070	56,889	130,000	101248,329	101520,986	101521,986	101525,711	101525,912	101526,042	101526,157	36768,329	36920,986	36921,986	36925,711	36925,912	36926,042	36926,157	0,056	0,171	0,038	0,082	-13,440	13,440	0,283	0,047	1,000	1046,000	680,000	571,022	215,467
440,000	440,000	880,000	19,142	29,545	4,047	4,000	56,411	0,906	16,777	0,388	56,585	130,000	101248,329	101526,742	101527,742	101530,290	101530,739	101530,868	101531,188	36768,329	36926,742	36927,742	36930,290	36930,739	36930,869	36931,188	0,648	0,620	0,281	0,285	-13,440	13,440	0,075	2,749	1,000	1051,000	698,000	571,022	215,467
210,000	20,000	230,000	18,431	0,000	0,000	0,000	56,001	0,000	17,165	0,000	56,001	0,000	101248,329	101531,778	101532,778	101534,324	101534,537	101534,537	101534,567	36768,329	36931,778	36932,778	36934,324	36934,537	36934,537	36934,567	0,000	0,000	0,000	0,000	-13,440	13,440	NaN	NaN	1,000	1023,000	690,000	571,022	215,467
30,000	320,000	350,000	18,730	71,875	0,928	3,000	55,981	0,149	17,071	0,094	56,031	230,000	101248,329	101535,156	101536,155	101537,483	101537,684	101537,914	101538,007	36768,329	36935,156	36936,156	36937,483	36937,684	36937,914	36938,007	0,141	0,057	0,114	0,000	-13,440	13,440	0,253	0,434	1,000	1030,000	698,000	571,022	215,467
30,000	20,000	50,000	17,829	0,000	0,000	0,000	56,781	0,000	17,165	0,000	56,781	0,000	101248,329	101538,593	101539,593	101541,882	101542,082	101542,082	101542,107	36768,329	36938,593	36939,593	36941,882	36942,082	36942,082	36942,107	0,000	0,000	0,000	0,000	-13,440	13,440	NaN	NaN	1,000	1017,000	666,000	571,022	215,467
30,000	90,000	120,000	17,851	0,000	0,365	0,000	56,454	0,016	17,165	0,000	56,493	0,000	101248,329	101542,703	101543,703	101546,272	101546,473	101546,473	101546,567	36768,329	36942,703	36943,703	36946,272	36946,473	36946,473	36946,567	0,000	0,029	0,000	0,000	-13,440	13,440	0,035	NaN	1,000	1013,000	671,000	571,022	215,467
30,000	20,000	50,000	17,953	0,000	0,000	0,000	56,219	0,000	17,165	0,000	56,219	0,000	101248,329	101547,156	101548,157	101549,764	101549,964	101549,964	101549,987	36768,329	36947,157	36948,157	36949,764	36949,964	36949,964	36949,987	0,000	0,000	0,000	0,000	-13,440	13,440	NaN	NaN	1,000	1012,000	677,000	571,022	215,467
550,000	320,000	870,000	0,871	96,875	96,463	0,000	53,371	15,204	1,963	15,203	53,371	310,000	101248,329	101553,029	101554,030	101556,057	101556,617	101556,927	101556,948	36768,329	36953,029	36954,030	36956,057	36956,617	36956,927	36956,948	10,240	11,196	10,241	11,194	-13,440	13,440	NaN	0,187	1,000	590,000	191,000	571,022	215,467
60,000	20,000	80,000	18,168	0,000	0,000	0,000	56,957	0,000	17,165	0,000	56,957	0,000	101248,329	101558,075	101559,075	101602,848	101603,048	101603,048	101603,079	36768,329	36958,075	36959,075	36962,848	36963,048	36963,048	36963,079	0,000	0,000	0,000	0,000	-13,440	13,440	NaN	NaN	1,000	1030,000	670,000	571,022	215,467
220,000	20,000	240,000	19,382	0,000	0,000	0,000	56,772	0,000	17,165	0,000	56,772	0,000	101248,329	101604,640	101605,640	101609,226	101609,447	101609,447	101609,477	36768,329	36964,640	36965,640	36969,226	36969,447	36969,447	36969,477	0,000	0,000	0,000	0,000	-13,440	13,440	NaN	NaN	1,000	1064,000	697,000	571,022	215,467
30,000	20,000	50,000	18,069	0,000	0,000	0,000	57,217	0,000	17,165	0,000	57,217	0,000	101248,329	101611,134	101612,134	101615,597	101615,798	101615,798	101615,828	36768,329	36971,134	36972,134	36975,597	36975,798	36975,798	36975,828	0,000	0,000	0,000	0,000	-13,440	13,440	NaN	NaN	1,000	1031,000	664,000	571,022	215,467
480,000	440,000	920,000	2,625	93,182	103,906	1,000	53,361	21,062	3,881	21,046	53,361	410,000	101248,329	101617,407	101618,407	101620,096	101620,577	101620,987	101621,028	36768,329	36977,407	36978,407	36980,096	36980,577	36980,987	36981,028	15,666	14,208	15,672	14,180	-13,440	13,440	NaN	1,949	1,000	486,000	177,000	571,022	215,467
480,000	450,000	930,000	1,362	28,889	85,993	4,000	52,897	15,488	8,866	8,300	55,557	130,000	101248,329	101622,229	101623,229	101625,627	101626,118	101626,248	101626,577	36768,329	36982,229	36983,229	36985,627	36986,118	36986,248	36986,577	10,380	11,672	5,869	6,504	-13,440	13,440	69,944	68,106	1,000	619,000	209,000	571,022	215,467
530,000	330,000	860,000	0,665	96,970	83,779	0,000	54,629	14,707	2,459	14,706	54,629	320,000	101248,329	101627,210	101628,209	101630,208	101630,747	101631,067	101631,088	36768,329	36987,210	36988,210	36990,208	36990,747	36991,067	36991,088	10,182	10,407	10,182	10,405	-13,440	13,440	NaN	0,434	1,000	574,000	192,000	571,022	215,467
