140,000	1290,000	1430,000	0,892	13,953	7,750	13,000	61,080	3,997	25,072	0,108	64,743	180,000	180912,326	180939,183	180940,183	180942,900	180943,101	180943,281	180944,394	65352,326	65379,183	65380,183	65382,900	65383,101	65383,281	65384,394	2,779	3,388	0,054	0,153	13,440	13,440	2,105	0,467	1,000	844,000	235,000	868,978	215,467
710,000	720,000	1430,000	0,770	34,722	43,048	4,000	36,153	17,868	21,352	3,828	30,758	250,000	180912,326	181005,214	181006,215	181009,689	181010,403	181010,653	181011,133	65352,326	65405,214	65406,215	65409,689	65410,403	65410,653	65411,133	12,586	13,167	2,272	3,153	13,440	13,440	1,201	15,909	1,000	852,000	194,000	868,978	215,467
550,000	880,000	1430,000	0,770	18,182	30,001	8,000	35,261	18,678	21,906	3,274	29,736	160,000	180912,326	181024,023	181025,023	181026,965	181027,523	181027,683	181028,413	65352,326	65424,023	65425,023	65426,965	65427,523	65427,683	65428,413	13,036	13,856	2,037	2,678	13,440	13,440	10,756	20,047	1,000	852,000	194,000	868,978	215,467
30,000	20,000	50,000	19,203	0,000	0,000	0,000	29,110	0,000	25,180	0,000	29,110	0,000	180912,326	181034,660	181035,660	181037,809	181038,010	181038,010	181038,033	65352,326	65434,660	65435,660	65437,809	65438,010	65438,010	65438,033	0,000	0,000	0,000	0,000	13,440	13,440	NaN	NaN	1,000	392,000	704,000	868,978	215,467
650,000	780,000	1430,000	1,250	33,333	42,329	6,000	35,800	17,076	18,722	6,458	32,793	260,000	180912,326	181050,853	181051,853	181055,430	181056,084	181056,344	181056,874	65352,326	65450,853	65451,853	65455,430	65456,084	65456,344	65456,874	11,628	12,732	4,157	5,132	13,440	13,440	21,896	28,976	1,000	825,000	222,000	868,978	215,467
680,000	190,000	870,000	18,169	78,947	1,828	1,000	31,742	0,171	25,032	0,148	31,766	150,000	180912,326	181112,266	181113,266	181115,492	181116,173	181116,323	181116,372	65352,326	65472,266	65473,266	65475,492	65476,173	65476,323	65476,373	0,143	0,113	0,116	0,112	13,440	13,440	0,054	0,360	1,000	406,000	666,000	868,978	215,467
180,000	180,000	360,000	19,130	94,444	0,868	0,000	29,518	0,102	25,080	0,101	29,518	170,000	180912,326	181124,962	181125,962	181127,547	181127,748	181127,918	181127,933	65352,326	65484,962	65485,962	65487,547	65487,748	65487,918	65487,933	0,058	0,085	0,057	0,085	13,440	13,440	NaN	0,731	1,000	402,000	710,000	868,978	215,467
390,000	1040,000	1430,000	1,134	17,308	26,283	9,000	34,684	16,828	21,786	3,394	30,778	180,000	180912,326	181133,615	181134,616	181138,300	181138,693	181138,873	181139,745	65352,326	65493,615	65494,616	65498,300	65498,693	65498,873	65499,745	11,158	12,877	1,995	2,816	13,440	13,440	9,412	17,129	1,000	837,000	240,000	868,978	215,467
30,000	1400,000	1430,000	0,307	10,000	33,929	14,000	39,584	16,336	25,039	0,141	36,811	140,000	180912,326	181147,287	181148,287	181149,654	181149,854	181149,994	181151,264	65352,326	65507,287	65508,287	65509,654	65509,854	65509,994	65511,264	11,222	11,928	0,060	0,113	13,440	13,440	0,007	0,052	1,000	861,000	208,000	868,978	215,467
390,000	1040,000	1430,000	1,547	12,500	32,284	11,000	35,230	16,642	23,894	1,286	31,578	130,000	180912,326	181158,399	181159,398	181202,022	181202,423	181202,553	181203,473	65352,326	65518,399	65519,398	65522,023	65522,423	65522,553	65523,474	10,951	12,719	0,846	1,015	13,440	13,440	2,250	10,070	1,000	814,000	217,000	868,978	215,467
210,000	20,000	230,000	19,182	0,000	0,000	0,000	29,089	0,000	25,180	0,000	29,089	0,000	180912,326	181210,003	181211,005	181213,854	181214,073	181214,073	181214,103	65352,326	65530,004	65531,005	65533,854	65534,074	65534,074	65534,103	0,000	0,000	0,000	0,000	13,440	13,440	NaN	NaN	1,000	390,000	701,000	868,978	215,467
520,000	910,000	1430,000	0,326	21,978	32,359	8,000	36,479	17,962	21,891	3,289	30,644	200,000	180912,326	181219,495	181220,495	181221,595	181222,124	181222,324	181223,043	65352,326	65539,495	65540,495	65541,595	65542,124	65542,324	65543,043	13,067	12,927	2,144	2,631	13,440	13,440	7,206	19,409	1,000	870,000	227,000	868,978	215,467
110,000	70,000	180,000	19,605	0,000	1,486	0,000	28,627	0,079	25,177	0,003	28,651	0,000	180912,326	181226,962	181227,963	181229,921	181230,122	181230,122	181230,204	65352,326	65546,962	65547,963	65549,921	65550,122	65550,122	65550,204	0,030	0,058	0,000	0,003	13,440	13,440	0,713	NaN	1,000	388,000	720,000	868,978	215,467
30,000	20,000	50,000	19,885	0,000	0,000	0,000	27,716	0,000	25,180	0,000	27,716	0,000	180912,326	181237,232	181238,233	181239,267	181239,467	181239,467	181239,493	65352,326	65557,232	65558,233	65559,267	65559,467	65559,467	65559,493	0,000	0,000	0,000	0,000	13,440	13,440	NaN	NaN	1,000	383,000	729,000	868,978	215,467
220,000	1170,000	1390,000	19,299	25,641	31,962	12,000	61,520	17,286	23,963	1,217	74,787	300,000	180912,326	181240,456	181241,457	181244,631	181244,854	181245,154	181246,033	65352,326	65560,456	65561,457	65564,632	65564,854	65565,154	65566,033	12,994	13,758	1,145	0,800	13,440	13,440	2,480	7,915	1,000	405,000	721,000	868,978	215,467
60,000	560,000	620,000	0,704	33,929	6,452	4,000	71,117	1,292	24,848	0,332	73,858	190,000	180912,326	181246,626	181247,627	181251,329	181251,530	181251,720	181252,095	65352,326	65566,626	65567,627	65571,329	65571,530	65571,720	65572,095	0,874	1,521	0,304	0,234	13,440	13,440	0,176	1,872	1,000	880,000	193,000	868,978	215,467
100,000	800,000	900,000	0,227	15,000	6,755	9,000	72,833	1,227	25,110	0,070	73,784	120,000	180912,326	181256,209	181257,210	181259,592	181259,793	181259,913	181300,603	65352,326	65576,209	65577,210	65579,592	65579,793	65579,913	65580,603	0,986	0,900	0,000	0,157	13,440	13,440	0,733	0,430	1,000	872,000	208,000	868,978	215,467
380,000	1050,000	1430,000	0,499	15,238	36,732	12,000	36,485	19,198	22,028	3,152	30,182	160,000	180912,326	181303,097	181304,097	181307,910	181308,293	181308,453	181309,353	65352,326	65583,097	65584,097	65587,910	65588,293	65588,453	65589,354	13,877	13,823	1,918	2,601	13,440	13,440	18,394	21,890	1,000	884,000	206,000	868,978	215,467
620,000	810,000	1430,000	3,049	60,494	35,275	6,000	35,422	15,293	16,203	8,977	32,820	490,000	180912,326	181313,262	181314,262	181317,679	181318,305	181318,795	181319,123	65352,326	65593,262	65594,262	65597,679	65598,305	65598,795	65599,124	10,790	11,286	5,964	7,039	13,440	13,440	19,015	30,006	1,000	785,000	284,000	868,978	215,467
80,000	110,000	190,000	0,601	90,909	0,805	0,000	74,989	0,049	25,132	0,048	74,989	100,000	180912,326	181328,341	181329,341	181333,259	181333,461	181333,561	181333,573	65352,326	65608,341	65609,341	65613,260	65613,461	65613,561	65613,573	0,028	0,087	0,028	0,083	13,440	13,440	NaN	0,562	1,000	851,000	227,000	868,978	215,467
30,000	1170,000	1200,000	0,905	22,222	31,486	10,000	42,729	15,700	22,064	3,116	39,307	260,000	180912,326	181336,742	181337,743	181339,717	181339,917	181340,177	181341,093	65352,326	65616,742	65617,743	65619,717	65619,917	65620,177	65621,093	11,450	10,831	1,834	2,662	13,440	13,440	13,510	19,320	1,000	884,000	187,000	868,978	215,467
30,000	860,000	890,000	0,520	13,953	12,722	8,000	64,177	5,051	24,215	0,965	66,935	120,000	180912,326	181344,954	181345,955	181348,007	181348,208	181348,328	181349,073	65352,326	65624,955	65625,955	65628,007	65628,208	65628,328	65629,073	3,994	3,235	0,761	0,682	13,440	13,440	7,803	8,010	1,000	870,000	197,000	868,978	215,467
30,000	20,000	50,000	1,393	0,000	0,000	0,000	73,026	0,000	25,180	0,000	73,026	0,000	180912,326	181352,590	181353,590	181355,001	181355,202	181355,202	181355,223	65352,326	65632,590	65633,590	65635,001	65635,202	65635,202	65635,223	0,000	0,000	0,000	0,000	13,440	13,440	NaN	NaN	1,000	842,000	257,000	868,978	215,467
100,000	20,000	120,000	19,625	0,000	0,000	0,000	28,253	0,000	25,180	0,000	28,253	0,000	180912,326	181359,940	181400,940	181402,002	181402,203	181402,203	181402,234	65352,326	65639,941	65640,940	65642,002	65642,203	65642,203	65642,234	0,000	0,000	0,000	0,000	13,440	13,440	NaN	NaN	1,000	388,000	721,000	868,978	215,467
30,000	20,000	50,000	19,701	0,000	0,000	0,000	27,981	0,000	25,180	0,000	27,981	0,000	180912,326	181406,703	181407,703	181409,021	181409,221	181409,221	181409,243	65352,326	65646,703	65647,703	65649,021	65649,221	65649,221	65649,243	0,000	0,000	0,000	0,000	13,440	13,440	NaN	NaN	1,000	382,000	719,000	868,978	215,467
330,000	1100,000	1430,000	0,985	17,273	33,881	5,000	34,697	17,252	21,659	3,521	30,311	190,000	180912,326	181415,251	181416,251	181418,396	181418,733	181418,923	181419,843	65352,326	65655,251	65656,251	65658,396	65658,733	65658,923	65659,843	11,621	13,092	2,171	2,863	13,440	13,440	7,979	19,547	1,000	834,000	217,000	868,978	215,467
30,000	20,000	50,000	19,659	0,000	0,000	0,000	27,842	0,000	25,180	0,000	27,842	0,000	180912,326	181423,946	181424,946	181427,826	181428,027	181428,027	181428,054	65352,326	65663,946	65664,946	65667,826	65668,027	65668,027	65668,054	0,000	0,000	0,000	0,000	13,440	13,440	NaN	NaN	1,000	375,000	710,000	868,978	215,467
220,000	1210,000	1430,000	0,197	23,140	31,487	10,000	34,960	19,019	21,393	3,787	29,146	280,000	180912,326	181433,954	181434,954	181438,860	181439,083	181439,363	181440,302	65352,326	65673,954	65674,954	65678,860	65679,083	65679,363	65680,303	13,208	14,228	2,220	3,171	13,440	13,440	12,777	19,202	1,000	862,000	215,000	868,978	215,467
300,000	1130,000	1430,000	1,241	13,274	30,921	11,000	36,443	16,496	22,475	2,705	31,974	150,000	180912,326	181444,371	181445,371	181448,626	181448,934	181449,084	181450,074	65352,326	65684,371	65685,371	65688,626	65688,934	65689,084	65690,074	11,532	12,120	1,722	2,167	13,440	13,440	6,942	15,781	1,000	825,000	212,000	868,978	215,467
330,000	1100,000	1430,000	3,376	14,545	22,671	13,000	35,401	14,868	24,137	1,044	28,667	160,000	180912,326	181454,809	181455,810	181459,263	181459,603	181459,763	181500,713	65352,326	65694,809	65695,810	65699,263	65699,603	65699,763	65700,713	11,049	10,684	0,687	0,833	13,440	13,440	8,630	7,497	1,000	799,000	313,000	868,978	215,467
270,000	1160,000	1430,000	1,986	16,379	35,194	12,000	33,913	17,316	21,312	3,868	30,946	190,000	180912,326	181505,079	181506,079	181508,852	181509,125	181509,315	181510,293	65352,326	65705,080	65706,080	65708,852	65709,126	65709,316	65710,293	11,233	13,333	2,497	3,060	13,440	13,440	25,005	25,458	1,000	799,000	225,000	868,978	215,467
330,000	1100,000	1430,000	2,902	17,273	19,797	14,000	33,621	15,754	22,278	2,903	28,995	190,000	180912,326	181514,562	181515,562	181518,075	181518,413	181518,603	181519,524	65352,326	65714,562	65715,563	65718,075	65718,414	65718,604	65719,524	10,596	12,047	1,711	2,407	13,440	13,440	1,384	14,135	1,000	784,000	274,000	868,978	215,467
350,000	1080,000	1430,000	2,072	18,519	30,353	8,000	34,701	16,310	20,982	4,198	30,571	200,000	180912,326	181524,433	181525,433	181528,102	181528,453	181528,653	181529,543	65352,326	65724,433	65725,433	65728,102	65728,453	65728,653	65729,543	11,076	12,292	2,544	3,442	13,440	13,440	15,413	20,640	1,000	805,000	252,000	868,978	215,467
360,000	1070,000	1430,000	3,991	16,822	22,165	14,000	34,845	13,781	22,237	2,943	31,914	180,000	180912,326	181534,358	181535,359	181537,367	181537,733	181537,913	181538,813	65352,326	65734,358	65735,359	65737,367	65737,733	65737,913	65738,813	9,152	10,478	1,880	2,325	13,440	13,440	7,021	15,757	1,000	747,000	288,000	868,978	215,467
30,000	420,000	450,000	18,525	97,619	9,122	0,000	27,863	1,514	23,669	1,511	27,863	410,000	180912,326	181542,958	181543,958	181545,617	181545,818	181546,228	181546,243	65352,326	65742,958	65743,958	65745,617	65745,818	65746,228	65746,243	0,846	1,266	0,846	1,264	13,440	13,440	NaN	0,777	1,000	402,000	680,000	868,978	215,467
30,000	920,000	950,000	0,813	13,043	13,684	8,000	64,200	5,138	24,944	0,236	67,439	120,000	180912,326	181555,139	181556,139	181558,522	181558,724	181558,844	181559,653	65352,326	65755,139	65756,139	65758,522	65758,724	65758,844	65759,653	4,051	3,460	0,173	0,196	13,440	13,440	1,384	1,724	1,000	874,000	187,000	868,978	215,467
30,000	900,000	930,000	0,378	66,667	16,402	4,000	61,814	5,491	20,836	4,344	61,949	600,000	180912,326	181603,593	181604,593	181606,872	181607,072	181607,672	181607,974	65352,326	65763,593	65764,593	65766,872	65767,072	65767,672	65767,974	4,249	3,658	3,248	3,160	13,440	13,440	1,847	1,141	1,000	864,000	203,000	868,978	215,467
30,000	20,000	50,000	18,705	0,000	0,000	0,000	30,349	0,000	25,180	0,000	30,349	0,000	180912,326	181610,912	181611,912	181614,965	181615,167	181615,167	181615,194	65352,326	65770,912	65771,912	65774,965	65775,167	65775,167	65775,194	0,000	0,000	0,000	0,000	13,440	13,440	NaN	NaN	1,000	403,000	690,000	868,978	215,467
30,000	20,000	50,000	18,197	0,000	0,000	0,000	31,104	0,000	25,180	0,000	31,104	0,000	180912,326	181621,561	181622,561	181625,625	181625,826	181625,826	181625,854	65352,326	65781,561	65782,561	65785,625	65785,826	65785,826	65785,854	0,000	0,000	0,000	0,000	13,440	13,440	NaN	NaN	1,000	397,000	658,000	868,978	215,467
220,000	20,000	240,000	19,799	0,000	0,000	0,000	27,610	0,000	25,180	0,000	27,610	0,000	180912,326	181632,872	181633,873	181636,648	181636,873	181636,873	181636,903	65352,326	65792,872	65793,873	65796,648	65796,873	65796,873	65796,903	0,000	0,000	0,000	0,000	13,440	13,440	NaN	NaN	1,000	375,000	717,000	868,978	215,467
