1150,000	280,000	1430,000	16,970	96,429	78,471	0,000	60,502	13,682	3,945	13,220	61,147	270,000	113506,010	113522,182	113523,183	113525,158	113526,318	113526,588	113526,608	41706,010	41722,183	41723,183	41725,158	41726,318	41726,588	41726,608	10,881	9,024	10,571	8,731	-13,440	13,440	NaN	76,710	1,000	1023,000	616,000	571,733	215,467
460,000	970,000	1430,000	0,308	15,464	69,189	10,000	52,424	18,285	11,798	5,367	55,035	150,000	113506,010	113527,197	113528,197	113529,464	113529,928	113530,078	113530,908	41706,010	41727,197	41728,197	41729,464	41729,928	41730,078	41730,908	12,791	13,275	3,704	4,393	-13,440	13,440	33,906	33,855	1,000	575,000	205,000	571,733	215,467
460,000	630,000	1090,000	0,812	65,079	53,393	2,000	52,103	17,014	3,053	14,113	52,945	410,000	113506,010	113534,270	113535,270	113538,519	113538,989	113539,399	113539,627	41706,010	41734,270	41735,270	41738,519	41738,989	41739,399	41739,627	11,786	12,488	9,946	10,365	-13,440	13,440	19,750	25,325	1,000	593,000	235,000	571,733	215,467
450,000	980,000	1430,000	0,274	29,592	44,993	10,000	52,082	18,008	8,327	8,839	54,036	290,000	113506,010	113544,299	113545,299	113548,375	113548,829	113549,119	113549,817	41706,010	41744,299	41745,299	41748,375	41748,829	41749,119	41749,817	12,507	13,332	6,192	6,888	-13,440	13,440	36,524	36,014	1,000	579,000	209,000	571,733	215,467
200,000	20,000	220,000	19,052	0,000	0,000	0,000	55,931	0,000	17,165	0,000	55,931	0,000	113506,010	113557,069	113558,069	113601,291	113601,497	113601,497	113601,529	41706,010	41757,069	41758,069	41761,291	41761,497	41761,497	41761,529	0,000	0,000	0,000	0,000	-13,440	13,440	NaN	NaN	1,000	1041,000	704,000	571,733	215,467
1090,000	340,000	1430,000	3,095	97,059	58,997	0,000	52,419	12,311	5,373	11,792	52,626	330,000	113506,010	113605,123	113606,123	113608,441	113609,537	113609,867	113609,887	41706,010	41765,123	41766,123	41768,441	41769,537	41769,867	41769,887	8,391	9,807	8,037	9,434	-13,440	13,440	NaN	55,239	1,000	670,000	265,000	571,733	215,467
760,000	670,000	1430,000	0,215	85,075	67,816	2,000	52,347	17,603	0,046	17,211	52,452	570,000	113506,010	113614,060	113615,060	113618,798	113619,567	113620,137	113620,247	41706,010	41774,060	41775,060	41778,798	41779,567	41780,137	41780,247	12,407	12,803	12,161	12,482	-13,440	13,440	1,597	2,974	1,000	577,000	221,000	571,733	215,467
610,000	820,000	1430,000	0,381	85,366	53,134	2,000	51,814	18,015	0,504	17,669	51,734	700,000	113506,010	113622,314	113623,314	113625,324	113625,937	113626,637	113626,768	41706,010	41782,314	41783,314	41785,324	41785,937	41786,637	41786,768	12,605	13,274	12,360	13,083	-13,440	13,440	3,351	5,812	1,000	583,000	223,000	571,733	215,467
450,000	640,000	1090,000	0,134	98,437	57,453	0,000	52,622	17,926	0,760	17,925	52,622	630,000	113506,010	113629,465	113630,466	113633,232	113633,687	113634,318	113634,337	41706,010	41789,465	41790,466	41793,233	41793,688	41794,318	41794,337	12,857	12,831	12,859	12,831	-13,440	13,440	NaN	9,265	1,000	567,000	216,000	571,733	215,467
560,000	870,000	1430,000	0,135	57,471	53,478	6,000	52,879	17,917	1,465	15,701	53,373	500,000	113506,010	113637,824	113638,824	113641,910	113642,477	113642,977	113643,357	41706,010	41797,824	41798,824	41801,910	41802,478	41802,978	41803,357	12,628	12,769	11,127	11,200	-13,440	13,440	11,379	11,864	1,000	575,000	219,000	571,733	215,467
330,000	1100,000	1430,000	0,233	28,182	57,575	7,000	51,594	18,630	13,195	3,970	54,583	310,000	113506,010	113646,761	113647,761	113650,258	113650,597	113650,907	113651,707	41706,010	41806,761	41807,761	41810,258	41810,597	41810,907	41811,707	12,954	13,838	2,783	3,283	-13,440	13,440	25,572	25,589	1,000	580,000	216,000	571,733	215,467
810,000	620,000	1430,000	0,556	48,387	67,283	4,000	51,460	17,453	4,584	12,582	52,795	300,000	113506,010	113654,269	113655,269	113656,525	113657,337	113657,637	113657,967	41706,010	41814,269	41815,269	41816,525	41817,337	41817,637	41817,967	12,012	13,029	8,897	9,658	-13,440	13,440	52,282	58,464	1,000	590,000	223,000	571,733	215,467
600,000	830,000	1430,000	0,233	19,277	65,039	5,000	52,819	18,351	12,793	4,372	55,989	160,000	113506,010	113701,934	113702,935	113704,378	113704,986	113705,147	113705,829	41706,010	41821,934	41822,935	41824,378	41824,987	41825,147	41825,829	13,059	13,126	3,212	3,358	-13,440	13,440	29,373	27,373	1,000	580,000	215,000	571,733	215,467
330,000	870,000	1200,000	0,311	18,391	61,544	4,000	52,712	18,803	16,987	0,178	57,059	160,000	113506,010	113708,908	113709,908	113712,825	113713,157	113713,317	113714,038	41706,010	41828,908	41829,908	41832,825	41833,157	41833,317	41834,038	13,504	13,449	0,212	0,131	-13,440	13,440	4,452	0,777	1,000	566,000	206,000	571,733	215,467
470,000	720,000	1190,000	0,124	87,500	59,066	2,000	52,175	18,364	0,986	18,151	52,222	630,000	113506,010	113716,951	113717,951	113720,863	113721,337	113721,966	113722,067	41706,010	41836,952	41837,951	41840,863	41841,337	41841,967	41842,067	12,855	13,277	12,736	13,142	-13,440	13,440	0,377	3,738	1,000	569,000	212,000	571,733	215,467
570,000	820,000	1390,000	0,441	18,293	43,908	6,000	52,158	17,391	13,489	3,676	55,383	150,000	113506,010	113724,985	113725,985	113729,751	113730,327	113730,477	113731,158	41706,010	41844,985	41845,985	41849,752	41850,327	41850,477	41851,158	12,067	12,797	2,522	2,885	-13,440	13,440	26,376	26,450	1,000	587,000	219,000	571,733	215,467
490,000	940,000	1430,000	0,522	17,021	61,268	6,000	51,494	18,262	12,720	4,445	54,844	160,000	113506,010	113733,239	113734,240	113736,750	113737,247	113737,408	113738,197	41706,010	41853,239	41854,240	41856,750	41857,248	41857,408	41858,197	12,600	13,472	3,179	3,420	-13,440	13,440	27,708	28,832	1,000	587,000	226,000	571,733	215,467
350,000	640,000	990,000	0,469	18,750	54,132	2,000	52,730	18,378	14,510	2,655	55,848	120,000	113506,010	113742,470	113743,470	113745,119	113745,478	113745,598	113746,128	41706,010	41862,470	41863,470	41865,119	41865,478	41865,598	41866,128	13,110	13,110	1,838	2,193	-13,440	13,440	17,820	22,639	1,000	558,000	206,000	571,733	215,467
500,000	930,000	1430,000	0,219	56,989	55,806	7,000	52,798	17,602	0,646	16,519	53,191	530,000	113506,010	113748,624	113749,624	113751,515	113752,017	113752,547	113752,957	41706,010	41868,624	41869,624	41871,515	41872,017	41872,547	41872,957	12,488	12,573	11,846	11,712	-13,440	13,440	8,181	7,497	1,000	576,000	222,000	571,733	215,467
430,000	910,000	1340,000	0,042	59,341	60,070	6,000	52,465	17,732	1,142	16,024	52,887	540,000	113506,010	113755,084	113756,084	113759,414	113759,847	113760,387	113800,768	41706,010	41875,084	41876,084	41879,414	41879,847	41880,387	41880,768	12,460	12,854	11,327	11,607	-13,440	13,440	5,215	6,824	1,000	572,000	214,000	571,733	215,467
480,000	950,000	1430,000	0,416	25,263	54,083	6,000	52,733	17,697	10,561	6,604	55,059	240,000	113506,010	113803,630	113804,631	113808,332	113808,818	113809,058	113809,777	41706,010	41883,631	41884,631	41888,332	41888,818	41889,058	41889,777	12,547	12,779	4,760	5,142	-13,440	13,440	32,006	32,309	1,000	585,000	222,000	571,733	215,467
630,000	690,000	1320,000	0,614	37,681	56,439	4,000	52,994	17,119	6,327	10,838	54,473	260,000	113506,010	113812,818	113813,819	113816,745	113817,378	113817,638	113818,079	41706,010	41892,819	41893,819	41896,745	41897,378	41897,638	41898,079	12,350	12,181	8,062	7,916	-13,440	13,440	48,858	53,271	1,000	586,000	232,000	571,733	215,467
370,000	1060,000	1430,000	0,101	22,642	64,388	8,000	52,426	18,405	11,992	5,174	55,226	240,000	113506,010	113828,802	113829,802	113832,115	113832,488	113832,728	113833,557	41706,010	41908,802	41909,802	41912,115	41912,488	41912,728	41913,557	13,135	13,257	3,840	4,062	-13,440	13,440	28,655	27,877	1,000	575,000	217,000	571,733	215,467
390,000	740,000	1130,000	0,276	17,568	59,288	4,000	52,613	18,325	13,437	3,728	56,926	130,000	113506,010	113836,899	113837,899	113839,650	113840,047	113840,177	113840,798	41706,010	41916,899	41917,899	41919,650	41920,047	41920,177	41920,798	12,967	13,135	3,028	2,394	-13,440	13,440	28,912	31,672	1,000	563,000	211,000	571,733	215,467
500,000	790,000	1290,000	0,101	17,722	45,011	8,000	52,250	18,073	14,262	2,904	55,929	140,000	113506,010	113843,147	113844,149	113848,122	113848,627	113848,767	113849,427	41706,010	41923,147	41924,149	41928,122	41928,627	41928,767	41929,427	12,716	13,138	2,160	2,208	-13,440	13,440	18,208	22,997	1,000	575,000	214,000	571,733	215,467
370,000	1030,000	1400,000	0,305	31,068	50,009	12,000	51,712	18,840	6,128	11,038	53,905	320,000	113506,010	113852,126	113853,126	113856,156	113856,529	113856,849	113857,568	41706,010	41932,126	41933,126	41936,156	41936,529	41936,849	41937,568	13,219	13,698	8,259	7,773	-13,440	13,440	47,357	47,195	1,000	561,000	214,000	571,733	215,467
370,000	800,000	1170,000	0,332	41,250	55,477	3,000	52,894	18,199	4,415	12,750	54,435	330,000	113506,010	113859,991	113900,990	113902,420	113902,798	113903,128	113903,606	41706,010	41939,991	41940,991	41942,420	41942,798	41943,128	41943,607	12,882	13,023	9,350	9,008	-13,440	13,440	43,830	43,247	1,000	569,000	204,000	571,733	215,467
930,000	500,000	1430,000	1,434	54,000	58,313	2,000	52,459	16,305	10,324	6,841	55,348	270,000	113506,010	113905,915	113906,916	113907,976	113908,908	113909,178	113909,417	41706,010	41945,915	41946,916	41947,976	41948,908	41949,178	41949,417	11,585	11,969	5,271	4,964	-13,440	13,440	5,524	31,744	1,000	614,000	244,000	571,733	215,467
380,000	980,000	1360,000	0,088	12,245	59,650	10,000	53,319	17,893	14,124	3,042	56,512	120,000	113506,010	113913,170	113914,171	113915,801	113916,188	113916,308	113917,178	41706,010	41953,170	41954,171	41955,801	41956,188	41956,308	41957,178	12,853	12,602	2,193	2,327	-13,440	13,440	26,414	25,327	1,000	569,000	217,000	571,733	215,467
370,000	640,000	1010,000	1,082	21,875	58,363	4,000	52,973	18,585	13,444	3,721	55,882	140,000	113506,010	113919,218	113920,219	113923,968	113924,347	113924,487	113924,997	41706,010	41959,218	41960,219	41963,968	41964,347	41964,487	41964,997	13,304	13,051	2,595	2,906	-13,440	13,440	26,093	24,817	1,000	538,000	197,000	571,733	215,467
450,000	890,000	1340,000	0,149	13,483	64,614	8,000	52,270	18,326	14,453	2,712	55,977	120,000	113506,010	113927,305	113928,307	113931,236	113931,687	113931,807	113932,587	41706,010	41967,305	41968,307	41971,236	41971,687	41971,807	41972,587	12,883	13,305	1,990	2,072	-13,440	13,440	22,237	24,236	1,000	577,000	216,000	571,733	215,467
470,000	940,000	1410,000	0,189	60,638	55,369	5,000	52,378	18,097	0,833	16,333	52,709	570,000	113506,010	113935,558	113936,559	113937,930	113938,407	113938,977	113939,357	41706,010	41975,558	41976,559	41977,930	41978,407	41978,977	41979,358	12,713	13,163	11,493	11,945	-13,440	13,440	5,792	5,612	1,000	578,000	213,000	571,733	215,467
450,000	760,000	1210,000	0,188	60,526	53,990	2,000	53,240	18,217	1,222	15,944	53,689	460,000	113506,010	113941,724	113942,724	113945,973	113946,430	113946,890	113947,197	41706,010	41981,724	41982,724	41985,973	41986,430	41986,890	41987,197	13,108	12,881	11,554	11,366	-13,440	13,440	18,971	19,530	1,000	570,000	209,000	571,733	215,467
500,000	920,000	1420,000	0,184	15,217	57,506	9,000	52,900	18,247	13,839	3,327	55,933	140,000	113506,010	113949,441	113950,441	113953,036	113953,538	113953,678	113954,468	41706,010	41989,441	41990,441	41993,036	41993,538	41993,678	41994,468	13,108	12,939	2,414	2,606	-13,440	13,440	26,798	25,929	1,000	572,000	222,000	571,733	215,467
420,000	800,000	1220,000	0,319	16,250	63,704	8,000	52,926	17,282	13,736	3,429	56,054	130,000	113506,010	113958,451	113959,451	114001,611	114002,038	114002,168	114002,848	41706,010	41998,451	41999,451	42001,612	42002,038	42002,168	42002,848	12,236	12,347	2,388	2,674	-13,440	13,440	28,077	26,183	1,000	581,000	222,000	571,733	215,467
430,000	890,000	1320,000	0,177	17,978	63,235	8,000	52,372	17,811	12,720	4,446	56,412	160,000	113506,010	114005,508	114006,509	114010,365	114010,797	114010,957	114011,697	41706,010	42005,508	42006,509	42010,365	42010,797	42010,957	42011,697	12,490	12,939	3,488	3,067	-13,440	13,440	29,398	30,285	1,000	578,000	216,000	571,733	215,467
500,000	830,000	1330,000	0,238	32,530	56,288	8,000	52,070	18,534	7,055	10,111	54,131	270,000	113506,010	114013,827	114014,828	114018,588	114019,098	114019,368	114019,937	41706,010	42013,827	42014,828	42018,588	42019,098	42019,368	42019,937	12,939	13,528	7,314	7,528	-13,440	13,440	45,107	46,818	1,000	572,000	207,000	571,733	215,467
470,000	960,000	1430,000	0,195	26,042	68,309	11,000	52,103	17,556	7,065	10,101	52,798	250,000	113506,010	114022,247	114023,247	114025,744	114026,218	114026,468	114027,188	41706,010	42022,247	42023,247	42025,744	42026,218	42026,468	42027,188	12,329	12,912	7,334	7,777	-13,440	13,440	54,888	54,061	1,000	576,000	210,000	571,733	215,467
410,000	820,000	1230,000	0,255	15,854	56,172	8,000	52,442	18,088	14,043	3,122	55,672	130,000	113506,010	114029,084	114030,085	114033,260	114033,679	114033,809	114034,507	41706,010	42029,085	42030,085	42033,260	42033,679	42033,809	42034,507	12,770	13,023	2,214	2,428	-13,440	13,440	23,085	23,608	1,000	578,000	222,000	571,733	215,467
470,000	950,000	1420,000	0,371	29,474	66,739	9,000	52,021	18,105	5,476	11,689	53,471	280,000	113506,010	114036,676	114037,676	114040,176	114040,649	114040,929	114041,607	41706,010	42036,676	42037,676	42040,176	42040,650	42040,930	42041,607	12,545	13,388	8,274	8,994	-13,440	13,440	59,622	57,321	1,000	576,000	203,000	571,733	215,467
