270,000	650,000	920,000	0,569	98,462	58,666	0,000	37,154	17,960	7,222	17,958	37,154	640,000	132125,757	132137,689	132138,689	132142,152	132142,427	132143,068	132143,087	48085,757	48097,689	48098,689	48102,152	48102,428	48103,068	48103,087	12,938	12,798	12,939	12,795	13,440	13,440	NaN	1,025	1,000	852,000	203,000	867,911	215,467
270,000	700,000	970,000	1,445	31,429	66,260	4,000	37,950	15,748	14,092	11,088	37,036	220,000	132125,757	132145,386	132146,386	132149,142	132149,418	132149,639	132150,127	48085,757	48105,386	48106,387	48109,143	48109,419	48109,639	48110,127	11,223	11,194	7,883	8,205	13,440	13,440	57,182	56,799	1,000	829,000	249,000	867,911	215,467
290,000	680,000	970,000	0,341	76,471	72,861	4,000	38,083	17,884	7,372	17,808	38,013	520,000	132125,757	132152,159	132153,159	132156,490	132156,787	132157,307	132157,477	48085,757	48112,159	48113,159	48116,490	48116,787	48117,307	48117,477	12,799	12,684	12,713	12,657	13,440	13,440	0,168	0,389	1,000	874,000	205,000	867,911	215,467
280,000	630,000	910,000	1,005	65,079	68,013	2,000	37,835	16,484	10,639	14,541	37,524	410,000	132125,757	132159,563	132200,564	132204,394	132204,678	132205,088	132205,317	48085,757	48119,563	48120,564	48124,394	48124,678	48125,088	48125,317	11,506	11,873	10,122	10,552	13,440	13,440	1,412	5,075	1,000	838,000	235,000	867,911	215,467
270,000	570,000	840,000	0,709	28,070	67,926	4,000	39,560	17,267	17,870	7,310	37,018	160,000	132125,757	132207,092	132208,092	132210,568	132210,848	132211,008	132211,427	48085,757	48127,092	48128,092	48130,569	48130,848	48131,008	48131,427	12,684	11,897	5,238	5,468	13,440	13,440	50,674	48,214	1,000	893,000	218,000	867,911	215,467
290,000	510,000	800,000	0,567	27,451	70,781	2,000	38,119	17,636	19,552	5,629	35,248	140,000	132125,757	132213,424	132214,424	132215,805	132216,097	132216,236	132216,617	48085,757	48133,424	48134,424	48135,805	48136,097	48136,237	48136,617	12,404	12,656	3,798	4,409	13,440	13,440	42,616	40,446	1,000	876,000	197,000	867,911	215,467
260,000	570,000	830,000	0,951	98,246	73,531	0,000	36,748	17,454	7,728	17,452	36,748	560,000	132125,757	132218,486	132219,486	132223,139	132223,407	132223,967	132223,987	48085,757	48138,486	48139,486	48143,139	48143,407	48143,967	48143,987	11,814	12,881	11,814	12,881	13,440	13,440	NaN	0,129	1,000	841,000	195,000	867,911	215,467
280,000	600,000	880,000	0,407	86,667	70,509	2,000	38,141	17,702	7,521	17,659	38,109	520,000	132125,757	132225,879	132226,879	132229,701	132229,988	132230,508	132230,597	48085,757	48145,879	48146,879	48149,701	48149,988	48150,508	48150,597	12,658	12,572	12,620	12,554	13,440	13,440	0,524	0,181	1,000	868,000	201,000	867,911	215,467
230,000	530,000	760,000	0,663	41,509	70,503	2,000	37,060	18,292	13,576	11,604	35,035	220,000	132125,757	132232,422	132233,424	132236,089	132236,327	132236,547	132236,867	48085,757	48152,422	48153,424	48156,089	48156,327	48156,547	48156,867	12,773	13,281	7,659	8,993	13,440	13,440	60,229	65,806	1,000	870,000	192,000	867,911	215,467
280,000	640,000	920,000	0,565	87,500	66,663	1,000	38,555	16,402	8,910	16,270	38,627	560,000	132125,757	132238,817	132239,818	132242,062	132242,347	132242,907	132242,998	48085,757	48158,817	48159,818	48162,062	48162,347	48162,907	48162,998	11,785	11,562	11,751	11,429	13,440	13,440	1,605	0,297	1,000	848,000	218,000	867,911	215,467
240,000	620,000	860,000	0,595	38,710	61,882	2,000	37,114	17,325	13,757	11,423	34,885	240,000	132125,757	132244,813	132245,813	132248,652	132248,897	132249,137	132249,527	48085,757	48164,813	48165,813	48168,652	48168,897	48169,137	48169,527	11,898	12,686	7,228	9,064	13,440	13,440	52,352	53,299	1,000	849,000	206,000	867,911	215,467
280,000	820,000	1100,000	1,110	57,317	70,958	4,000	38,313	16,350	9,781	15,399	38,177	470,000	132125,757	132251,283	132252,283	132255,063	132255,347	132255,817	132256,177	48085,757	48171,283	48172,283	48175,063	48175,347	48175,817	48176,177	12,095	11,447	11,441	10,763	13,440	13,440	0,093	0,229	1,000	837,000	240,000	867,911	215,467
30,000	610,000	640,000	0,859	68,852	75,971	2,000	36,580	18,795	7,381	17,799	36,308	420,000	132125,757	132257,731	132258,731	132301,518	132301,718	132302,138	132302,338	48085,757	48177,731	48178,731	48181,518	48181,718	48182,138	48182,338	13,164	13,725	12,396	13,154	13,440	13,440	14,951	16,217	1,000	870,000	185,000	867,911	215,467
240,000	600,000	840,000	0,156	36,667	69,487	4,000	38,354	18,252	13,764	11,416	35,334	220,000	132125,757	132304,263	132305,263	132308,756	132309,007	132309,227	132309,617	48085,757	48184,263	48185,263	48188,756	48189,007	48189,227	48189,617	13,390	12,741	7,623	8,869	13,440	13,440	64,875	65,882	1,000	867,000	210,000	867,911	215,467
300,000	670,000	970,000	0,893	77,612	73,920	3,000	39,063	18,396	6,934	18,246	39,015	520,000	132125,757	132311,435	132312,437	132313,576	132313,887	132314,407	132314,568	48085,757	48191,435	48192,437	48193,576	48193,887	48194,407	48194,568	13,500	12,770	13,383	12,684	13,440	13,440	0,271	0,087	1,000	893,000	196,000	867,911	215,467
240,000	710,000	950,000	1,586	92,958	61,584	1,000	38,046	19,144	6,064	19,116	38,070	660,000	132125,757	132316,285	132317,285	132318,297	132318,547	132319,207	132319,267	48085,757	48196,285	48197,285	48198,297	48198,547	48199,207	48199,267	13,557	13,726	13,554	13,698	13,440	13,440	0,263	0,319	1,000	905,000	173,000	867,911	215,467
230,000	870,000	1100,000	0,672	27,586	76,724	6,000	37,566	17,008	11,362	13,818	36,023	240,000	132125,757	132321,138	132322,138	132323,852	132324,087	132324,327	132324,967	48085,757	48201,138	48202,138	48203,852	48204,087	48204,327	48204,967	12,095	12,122	9,307	10,505	13,440	13,440	59,406	58,679	1,000	847,000	227,000	867,911	215,467
260,000	600,000	860,000	0,870	43,333	58,563	2,000	36,845	17,335	13,676	11,504	34,774	260,000	132125,757	132326,588	132327,588	132331,143	132331,408	132331,668	132332,017	48085,757	48206,588	48207,588	48211,143	48211,409	48211,669	48212,017	12,009	12,686	7,476	9,042	13,440	13,440	50,287	49,671	1,000	837,000	217,000	867,911	215,467
270,000	600,000	870,000	0,595	55,000	61,382	4,000	39,118	16,809	12,148	13,032	37,810	330,000	132125,757	132333,761	132334,762	132337,352	132337,627	132337,957	132338,237	48085,757	48213,761	48214,762	48217,352	48217,627	48217,957	48218,237	12,518	11,503	9,439	9,276	13,440	13,440	15,182	20,059	1,000	873,000	236,000	867,911	215,467
270,000	590,000	860,000	0,300	76,271	61,346	2,000	37,979	17,276	8,459	16,722	37,824	450,000	132125,757	132340,597	132341,598	132343,945	132344,217	132344,667	132344,817	48085,757	48220,597	48221,598	48223,945	48224,217	48224,667	48224,817	12,151	12,403	11,737	12,087	13,440	13,440	7,931	10,233	1,000	863,000	206,000	867,911	215,467
250,000	640,000	890,000	0,629	70,312	58,645	2,000	38,067	16,949	9,115	16,065	37,959	450,000	132125,757	132347,086	132348,086	132351,081	132351,337	132351,787	132351,988	48085,757	48227,086	48228,086	48231,081	48231,337	48231,787	48231,988	12,320	11,925	11,696	11,379	13,440	13,440	13,117	12,994	1,000	854,000	233,000	867,911	215,467
250,000	680,000	930,000	0,428	23,529	77,808	6,000	38,389	17,711	17,960	7,220	36,062	160,000	132125,757	132353,639	132354,639	132356,161	132356,417	132356,577	132357,107	48085,757	48233,639	48234,639	48236,162	48236,417	48236,577	48237,107	12,600	12,544	5,045	5,489	13,440	13,440	50,982	48,932	1,000	875,000	202,000	867,911	215,467
260,000	740,000	1000,000	1,122	82,432	74,986	4,000	38,295	15,840	9,377	15,803	38,229	610,000	132125,757	132358,659	132359,659	132401,689	132401,957	132402,567	132402,708	48085,757	48238,659	48239,659	48241,689	48241,957	48242,567	48242,708	11,420	11,278	11,362	11,276	13,440	13,440	0,109	0,040	1,000	835,000	238,000	867,911	215,467
230,000	500,000	730,000	0,610	98,000	74,838	0,000	37,921	18,049	7,134	18,046	37,921	490,000	132125,757	132404,152	132405,153	132407,608	132407,847	132408,337	132408,358	48085,757	48244,152	48245,153	48247,608	48247,847	48248,337	48248,358	12,660	12,997	12,661	12,995	13,440	13,440	NaN	3,582	1,000	871,000	194,000	867,911	215,467
290,000	790,000	1080,000	0,233	32,911	77,722	8,000	37,836	17,611	10,893	14,287	36,207	260,000	132125,757	132410,210	132411,210	132414,485	132414,777	132415,037	132415,577	48085,757	48250,210	48251,210	48254,485	48254,777	48255,037	48255,577	12,573	12,545	9,640	10,902	13,440	13,440	61,343	60,905	1,000	860,000	213,000	867,911	215,467
250,000	620,000	870,000	0,386	77,419	77,553	2,000	39,153	17,647	7,703	17,477	39,072	480,000	132125,757	132417,162	132418,163	132420,032	132420,287	132420,767	132420,918	48085,757	48257,162	48258,163	48260,032	48260,287	48260,767	48260,918	13,108	12,095	12,961	12,005	13,440	13,440	0,354	0,384	1,000	880,000	222,000	867,911	215,467
260,000	560,000	820,000	0,588	89,286	78,531	1,000	38,343	18,186	7,077	18,103	38,325	500,000	132125,757	132422,539	132423,540	132424,621	132424,887	132425,387	132425,457	48085,757	48262,539	48263,540	48264,621	48264,887	48265,387	48265,457	13,025	12,855	12,949	12,823	13,440	13,440	1,250	0,581	1,000	883,000	201,000	867,911	215,467
250,000	540,000	790,000	0,536	38,889	64,760	2,000	38,039	16,827	14,266	10,914	35,400	210,000	132125,757	132427,086	132428,086	132430,685	132430,937	132431,147	132431,487	48085,757	48267,086	48268,086	48270,685	48270,937	48271,147	48271,487	11,928	12,011	6,992	8,617	13,440	13,440	56,587	61,618	1,000	850,000	209,000	867,911	215,467
280,000	730,000	1010,000	1,315	63,014	68,565	4,000	37,545	16,065	9,242	15,938	37,641	460,000	132125,757	132433,061	132434,061	132437,352	132437,636	132438,097	132438,377	48085,757	48273,061	48274,061	48277,352	48277,637	48278,097	48278,377	11,167	11,616	11,139	11,478	13,440	13,440	0,071	0,332	1,000	825,000	234,000	867,911	215,467
250,000	500,000	750,000	0,887	92,000	80,562	2,000	37,156	17,356	7,857	17,323	37,180	460,000	132125,757	132439,687	132440,687	132444,209	132444,467	132444,927	132444,977	48085,757	48279,687	48280,687	48284,209	48284,468	48284,928	48284,977	11,785	12,772	11,790	12,736	13,440	13,440	0,035	4,057	1,000	848,000	191,000	867,911	215,467
240,000	660,000	900,000	0,358	22,727	76,349	5,000	38,388	16,847	18,898	6,282	35,234	150,000	132125,757	132446,609	132447,609	132450,630	132450,877	132451,027	132451,547	48085,757	48286,609	48287,609	48290,630	48290,877	48291,027	48291,547	11,897	12,010	4,026	5,041	13,440	13,440	46,737	45,202	1,000	856,000	211,000	867,911	215,467
240,000	550,000	790,000	0,184	81,818	83,836	2,000	38,337	17,477	7,814	17,366	38,401	450,000	132125,757	132453,109	132454,110	132455,744	132455,988	132456,438	132456,548	48085,757	48293,109	48294,110	48295,744	48295,988	48296,438	48296,548	12,404	12,433	12,358	12,334	13,440	13,440	0,030	0,808	1,000	869,000	209,000	867,911	215,467
250,000	870,000	1120,000	1,178	17,241	79,443	12,000	37,312	16,563	18,170	7,010	33,575	150,000	132125,757	132458,348	132459,348	132500,902	132501,157	132501,307	132502,037	48085,757	48298,348	48299,348	48300,902	48301,157	48301,307	48302,037	11,617	11,953	4,229	5,811	13,440	13,440	51,243	47,450	1,000	829,000	231,000	867,911	215,467
160,000	610,000	770,000	0,700	52,459	70,446	4,000	37,165	19,076	12,145	13,035	34,988	320,000	132125,757	132503,441	132504,441	132507,710	132507,911	132508,231	132508,527	48085,757	48303,441	48304,441	48307,710	48307,911	48308,231	48308,527	13,867	13,646	9,065	10,021	13,440	13,440	56,947	61,383	1,000	890,000	204,000	867,911	215,467
240,000	530,000	770,000	0,802	26,415	68,570	4,000	37,675	16,720	19,798	5,382	33,453	140,000	132125,757	132510,309	132511,309	132513,891	132514,137	132514,277	132514,677	48085,757	48310,309	48311,309	48313,891	48314,137	48314,277	48314,677	11,901	11,931	3,272	4,419	13,440	13,440	34,632	39,777	1,000	844,000	231,000	867,911	215,467
250,000	730,000	980,000	0,335	21,918	75,457	7,000	38,971	16,685	17,300	7,880	35,875	160,000	132125,757	132516,368	132517,368	132519,717	132519,978	132520,138	132520,718	48085,757	48316,368	48317,368	48319,717	48319,978	48320,138	48320,718	12,180	11,589	5,280	6,167	13,440	13,440	54,739	53,496	1,000	865,000	227,000	867,911	215,467
30,000	630,000	660,000	0,478	87,302	76,946	2,000	36,590	18,072	7,163	18,017	36,581	550,000	132125,757	132522,459	132523,459	132524,750	132524,951	132525,502	132525,587	48085,757	48322,459	48323,459	48324,750	48324,952	48325,502	48325,587	12,911	13,107	12,883	13,062	13,440	13,440	1,856	3,425	1,000	851,000	217,000	867,911	215,467
250,000	580,000	830,000	0,819	41,379	72,604	2,000	38,069	18,264	12,394	12,786	35,917	240,000	132125,757	132527,280	132528,280	132532,031	132532,288	132532,528	132532,877	48085,757	48327,280	48328,280	48332,031	48332,288	48332,528	48332,877	12,855	13,135	8,388	9,983	13,440	13,440	63,926	63,033	1,000	874,000	187,000	867,911	215,467
250,000	520,000	770,000	0,585	26,923	77,980	2,000	37,624	17,198	18,539	6,641	34,595	140,000	132125,757	132534,967	132535,968	132537,992	132538,248	132538,388	132538,777	48085,757	48334,967	48335,968	48337,992	48338,248	48338,388	48338,777	12,013	12,409	4,268	5,332	13,440	13,440	43,353	48,061	1,000	854,000	200,000	867,911	215,467
230,000	570,000	800,000	0,710	42,105	74,603	5,000	38,124	16,775	11,831	13,349	37,191	240,000	132125,757	132540,941	132541,943	132544,199	132544,438	132544,678	132545,017	48085,757	48340,942	48341,943	48344,199	48344,438	48344,678	48345,017	11,813	11,983	9,176	9,989	13,440	13,440	60,584	59,722	1,000	846,000	228,000	867,911	215,467
