30,000	20,000	50,000	18,110	0,000	0,000	0,000	32,235	0,000	25,180	0,000	32,235	0,000	140033,249	140055,968	140056,968	140059,533	140059,733	140059,733	140059,761	50433,249	50455,968	50456,968	50459,533	50459,733	50459,733	50459,761	0,000	0,000	0,000	0,000	13,440	13,440	NaN	NaN	1,000	437,000	693,000	868,978	215,467
30,000	40,000	70,000	20,506	0,000	0,585	0,000	25,170	0,026	25,178	0,002	25,201	0,000	140033,249	140110,995	140111,995	140113,695	140113,896	140113,896	140113,941	50433,249	50470,995	50471,996	50473,695	50473,896	50473,896	50473,941	0,000	0,029	0,000	0,003	13,440	13,440	0,026	NaN	1,000	336,000	713,000	868,978	215,467
260,000	20,000	280,000	3,652	0,000	0,000	0,000	67,759	0,000	25,180	0,000	67,759	0,000	140033,249	140115,942	140116,942	140119,724	140119,991	140119,991	140120,022	50433,249	50475,942	50476,942	50479,724	50479,991	50479,991	50480,022	0,000	0,000	0,000	0,000	13,440	13,440	NaN	NaN	1,000	829,000	339,000	868,978	215,467
30,000	310,000	340,000	15,944	48,387	2,677	3,000	38,464	0,455	24,956	0,224	38,450	150,000	140033,249	140140,570	140141,570	140143,651	140143,851	140144,002	140144,173	50433,249	50500,570	50501,570	50503,651	50503,852	50504,002	50504,173	0,311	0,312	0,162	0,142	13,440	13,440	1,091	1,336	1,000	459,000	607,000	868,978	215,467
590,000	840,000	1430,000	9,648	14,286	12,507	11,000	36,407	7,341	24,330	0,850	32,405	120,000	140033,249	140151,292	140152,294	140155,097	140155,691	140155,811	140156,541	50433,249	50511,292	50512,294	50515,097	50515,691	50515,811	50516,541	5,940	4,864	0,769	0,544	13,440	13,440	2,359	7,148	1,000	639,000	470,000	868,978	215,467
620,000	810,000	1430,000	9,849	22,222	14,436	6,000	35,653	7,474	24,409	0,771	30,547	180,000	140033,249	140202,476	140203,476	140205,189	140205,811	140205,991	140206,631	50433,249	50522,476	50523,476	50525,189	50525,811	50525,991	50526,631	6,160	4,989	0,582	0,574	13,440	13,440	5,644	3,910	1,000	635,000	476,000	868,978	215,467
550,000	880,000	1430,000	5,440	31,818	18,295	8,000	36,723	11,798	22,424	2,756	33,575	280,000	140033,249	140212,453	140213,452	140215,217	140215,771	140216,051	140216,662	50433,249	50532,453	50533,452	50535,217	50535,771	50536,051	50536,662	8,777	8,270	2,199	1,904	13,440	13,440	0,689	10,226	1,000	734,000	354,000	868,978	215,467
670,000	760,000	1430,000	8,622	19,737	14,592	9,000	34,995	8,967	23,739	1,442	31,443	150,000	140033,249	140223,122	140224,121	140225,180	140225,851	140226,001	140226,621	50433,249	50543,122	50544,121	50545,180	50545,851	50546,001	50546,621	6,574	6,453	1,030	1,081	13,440	13,440	4,132	9,676	1,000	655,000	435,000	868,978	215,467
610,000	820,000	1430,000	7,468	32,927	18,119	9,000	36,107	9,400	23,245	1,935	32,591	270,000	140033,249	140233,539	140234,539	140237,559	140238,172	140238,442	140239,001	50433,249	50553,539	50554,539	50557,559	50558,172	50558,442	50559,001	7,222	6,565	1,597	1,336	13,440	13,440	8,097	6,767	1,000	683,000	405,000	868,978	215,467
590,000	840,000	1430,000	8,264	27,381	15,724	7,000	34,999	9,231	23,552	1,628	32,115	230,000	140033,249	140243,273	140244,273	140246,943	140247,541	140247,771	140248,391	50433,249	50563,273	50564,273	50566,943	50567,541	50567,771	50568,391	6,702	6,675	1,310	1,139	13,440	13,440	4,030	7,521	1,000	659,000	421,000	868,978	215,467
530,000	900,000	1430,000	6,076	26,667	18,883	14,000	36,117	11,101	23,577	1,603	31,792	240,000	140033,249	140253,428	140254,428	140256,478	140257,011	140257,251	140257,922	50433,249	50573,428	50574,428	50576,478	50577,011	50577,251	50577,922	8,190	7,932	1,084	1,230	13,440	13,440	7,224	8,037	1,000	717,000	369,000	868,978	215,467
420,000	1010,000	1430,000	4,785	26,733	19,766	10,000	36,747	12,619	22,761	2,419	32,751	270,000	140033,249	140302,753	140303,753	140305,597	140306,021	140306,291	140307,041	50433,249	50582,754	50583,753	50585,597	50586,021	50586,291	50587,042	9,364	8,902	1,870	1,735	13,440	13,440	1,058	10,023	1,000	752,000	339,000	868,978	215,467
560,000	870,000	1430,000	6,530	27,586	17,269	10,000	37,106	10,311	23,298	1,882	32,827	240,000	140033,249	140312,824	140313,824	140315,962	140316,532	140316,772	140317,411	50433,249	50592,824	50593,824	50595,962	50596,532	50596,772	50597,411	8,026	7,037	1,463	1,334	13,440	13,440	5,387	7,265	1,000	723,000	396,000	868,978	215,467
480,000	20,000	500,000	18,645	0,000	0,000	0,000	30,267	0,000	25,180	0,000	30,267	0,000	140033,249	140323,189	140324,190	140327,547	140328,031	140328,031	140328,062	50433,249	50603,189	50604,190	50607,547	50608,031	50608,031	50608,062	0,000	0,000	0,000	0,000	13,440	13,440	NaN	NaN	1,000	398,000	682,000	868,978	215,467
500,000	930,000	1430,000	5,878	18,280	17,477	10,000	37,700	11,074	23,811	1,369	32,625	170,000	140033,249	140335,938	140336,938	140339,437	140339,942	140340,112	140340,881	50433,249	50615,939	50616,938	50619,437	50619,942	50620,112	50620,881	8,829	7,388	1,153	0,919	13,440	13,440	1,653	8,794	1,000	751,000	388,000	868,978	215,467
520,000	910,000	1430,000	4,518	13,187	21,343	10,000	37,465	12,432	24,107	1,073	31,779	120,000	140033,249	140345,368	140346,369	140348,402	140348,931	140349,051	140349,851	50433,249	50625,368	50626,369	50628,402	50628,931	50629,051	50629,851	9,565	8,545	0,826	0,764	13,440	13,440	2,784	8,545	1,000	774,000	345,000	868,978	215,467
540,000	890,000	1430,000	8,284	22,472	19,184	13,000	35,385	9,258	23,625	1,556	30,209	200,000	140033,249	140355,040	140356,040	140358,559	140359,102	140359,302	140400,002	50433,249	50635,040	50636,040	50638,559	50639,102	50639,302	50640,002	7,246	6,400	1,025	1,221	13,440	13,440	1,521	7,849	1,000	676,000	438,000	868,978	215,467
530,000	900,000	1430,000	8,033	18,889	17,079	14,000	37,684	9,260	24,382	0,798	31,635	170,000	140033,249	140406,623	140407,623	140411,354	140411,892	140412,062	140412,802	50433,249	50646,623	50647,623	50651,354	50651,892	50652,062	50652,802	7,702	6,002	0,579	0,587	13,440	13,440	9,246	5,146	1,000	699,000	445,000	868,978	215,467
450,000	20,000	470,000	19,023	0,000	0,000	0,000	29,451	0,000	25,180	0,000	29,451	0,000	140033,249	140419,928	140420,929	140422,957	140423,412	140423,412	140423,441	50433,249	50659,928	50660,929	50662,957	50663,412	50663,412	50663,441	0,000	0,000	0,000	0,000	13,440	13,440	NaN	NaN	1,000	393,000	696,000	868,978	215,467
570,000	860,000	1430,000	11,688	24,419	9,385	11,000	34,823	5,489	24,377	0,803	31,924	210,000	140033,249	140430,450	140431,450	140434,894	140435,473	140435,683	140436,342	50433,249	50670,450	50671,450	50674,895	50675,473	50675,683	50676,342	4,209	3,865	0,668	0,548	13,440	13,440	4,740	3,866	1,000	583,000	517,000	868,978	215,467
240,000	20,000	260,000	18,851	0,000	0,000	0,000	29,434	0,000	25,180	0,000	29,434	0,000	140033,249	140443,020	140444,021	140446,486	140446,733	140446,733	140446,761	50433,249	50683,020	50684,021	50686,486	50686,733	50686,733	50686,761	0,000	0,000	0,000	0,000	13,440	13,440	NaN	NaN	1,000	382,000	676,000	868,978	215,467
450,000	980,000	1430,000	8,089	20,408	17,618	10,000	38,866	10,065	24,958	0,222	30,670	200,000	140033,249	140454,236	140455,236	140456,689	140457,141	140457,341	140458,131	50433,249	50694,236	50695,236	50696,689	50697,141	50697,341	50698,131	9,129	5,980	0,301	0,123	13,440	13,440	11,542	0,367	1,000	726,000	465,000	868,978	215,467
630,000	800,000	1430,000	7,600	27,500	19,183	7,000	38,445	9,912	23,588	1,592	31,213	220,000	140033,249	140503,804	140504,805	140506,008	140506,643	140506,863	140507,452	50433,249	50703,804	50704,805	50706,008	50706,643	50706,863	50707,452	8,807	6,016	1,198	1,156	13,440	13,440	5,793	8,124	1,000	728,000	446,000	868,978	215,467
160,000	40,000	200,000	18,924	0,000	0,320	0,000	29,646	0,014	25,179	0,001	29,666	0,000	140033,249	140513,118	140514,119	140516,641	140516,842	140516,842	140516,891	50433,249	50713,118	50714,119	50716,641	50716,842	50716,842	50716,891	0,000	0,000	0,000	0,000	13,440	13,440	0,014	NaN	1,000	389,000	687,000	868,978	215,467
430,000	1000,000	1430,000	7,385	29,000	15,968	7,000	39,054	10,429	23,028	2,152	31,938	290,000	140033,249	140528,595	140529,596	140533,268	140533,701	140533,991	140534,714	50433,249	50728,595	50729,596	50733,268	50733,701	50733,991	50734,714	9,341	6,243	1,651	1,568	13,440	13,440	0,427	7,231	1,000	747,000	448,000	868,978	215,467
530,000	900,000	1430,000	10,827	13,333	14,669	10,000	35,461	6,928	24,837	0,343	30,143	120,000	140033,249	140550,499	140551,501	140553,425	140553,962	140554,082	140554,871	50433,249	50750,499	50751,501	50753,425	50753,962	50754,082	50754,871	5,707	4,591	0,194	0,282	13,440	13,440	10,354	2,284	1,000	613,000	503,000	868,978	215,467
30,000	20,000	50,000	5,317	0,000	0,000	0,000	64,008	0,000	25,180	0,000	64,008	0,000	140033,249	140603,216	140604,216	140607,266	140607,466	140607,466	140607,492	50433,249	50763,216	50764,216	50767,266	50767,466	50767,466	50767,492	0,000	0,000	0,000	0,000	13,440	13,440	NaN	NaN	1,000	763,000	372,000	868,978	215,467
360,000	1070,000	1430,000	1,416	25,234	20,177	12,000	37,200	16,653	21,715	3,465	32,347	270,000	140033,249	140610,661	140611,661	140613,423	140613,792	140614,062	140614,872	50433,249	50770,661	50771,661	50773,423	50773,792	50774,062	50774,872	12,536	11,661	2,673	2,541	13,440	13,440	1,151	10,686	1,000	860,000	265,000	868,978	215,467
320,000	1110,000	1430,000	3,120	14,414	17,523	14,000	36,336	14,527	23,715	1,465	31,036	160,000	140033,249	140618,077	140619,076	140620,374	140620,701	140620,861	140621,821	50433,249	50778,077	50779,076	50780,374	50780,701	50780,861	50781,821	10,800	10,349	1,260	1,010	13,440	13,440	3,299	9,425	1,000	796,000	299,000	868,978	215,467
430,000	1000,000	1430,000	2,809	16,000	23,245	12,000	38,330	14,823	24,114	1,066	30,132	160,000	140033,249	140626,392	140627,392	140629,469	140629,902	140630,062	140630,911	50433,249	50786,392	50787,392	50789,469	50789,902	50790,062	50790,911	12,026	9,803	0,756	0,834	13,440	13,440	13,177	7,208	1,000	834,000	309,000	868,978	215,467
160,000	20,000	180,000	20,256	0,000	0,000	0,000	26,374	0,000	25,180	0,000	26,374	0,000	140033,249	140634,143	140635,143	140636,620	140636,821	140636,821	140636,852	50433,249	50794,143	50795,143	50796,621	50796,821	50796,821	50796,852	0,000	0,000	0,000	0,000	13,440	13,440	NaN	NaN	1,000	358,000	723,000	868,978	215,467
150,000	140,000	290,000	1,451	92,857	5,193	0,000	73,805	0,299	24,882	0,298	73,805	130,000	140033,249	140637,661	140638,660	140640,232	140640,432	140640,562	140640,581	50433,249	50797,661	50798,660	50800,232	50800,432	50800,562	50800,581	0,169	0,198	0,170	0,195	13,440	13,440	NaN	0,893	1,000	909,000	248,000	868,978	215,467
480,000	950,000	1430,000	3,149	12,632	23,254	12,000	36,764	15,187	24,250	0,930	28,927	120,000	140033,249	140644,340	140645,340	140649,275	140649,761	140649,881	140650,723	50433,249	50804,340	50805,340	50809,275	50809,761	50809,881	50810,723	12,274	10,176	0,924	0,605	13,440	13,440	3,915	7,558	1,000	824,000	318,000	868,978	215,467
500,000	930,000	1430,000	5,567	19,355	19,244	11,000	34,399	11,648	23,906	1,274	29,513	180,000	140033,249	140655,376	140656,377	140657,499	140658,002	140658,182	140658,943	50433,249	50815,376	50816,377	50817,499	50818,002	50818,182	50818,943	8,215	8,665	0,751	1,027	13,440	13,440	9,802	5,955	1,000	709,000	332,000	868,978	215,467
380,000	1050,000	1430,000	2,695	21,905	22,812	11,000	37,638	14,472	23,148	2,032	32,136	230,000	140033,249	140700,900	140701,902	140705,326	140705,713	140705,943	140706,772	50433,249	50820,900	50821,902	50825,326	50825,713	50825,943	50826,772	10,965	10,105	1,434	1,511	13,440	13,440	12,239	9,047	1,000	822,000	299,000	868,978	215,467
490,000	940,000	1430,000	1,633	28,723	26,603	9,000	37,803	15,653	21,611	3,569	33,493	270,000	140033,249	140709,470	140710,471	140713,404	140713,902	140714,172	140714,851	50433,249	50829,470	50830,471	50833,404	50833,902	50834,172	50834,851	12,049	10,802	3,065	2,398	13,440	13,440	0,072	12,997	1,000	849,000	270,000	868,978	215,467
440,000	990,000	1430,000	1,861	24,242	30,047	12,000	38,417	17,632	22,035	3,145	29,983	240,000	140033,249	140716,369	140717,369	140720,079	140720,521	140720,761	140721,522	50433,249	50836,369	50837,369	50840,079	50840,521	50840,761	50841,522	14,918	11,508	2,949	2,043	13,440	13,440	5,193	13,843	1,000	915,000	263,000	868,978	215,467
410,000	1020,000	1430,000	0,648	11,765	32,362	10,000	37,358	19,146	23,818	1,362	30,102	120,000	140033,249	140723,457	140724,458	140725,585	140726,002	140726,122	140727,032	50433,249	50843,457	50844,458	50845,585	50846,002	50846,122	50847,032	14,343	13,388	0,991	1,044	13,440	13,440	7,954	11,225	1,000	892,000	216,000	868,978	215,467
370,000	1060,000	1430,000	1,134	17,925	34,939	10,000	37,257	20,086	22,268	2,912	30,485	190,000	140033,249	140728,193	140729,193	140730,575	140730,953	140731,143	140732,021	50433,249	50848,193	50849,193	50850,575	50850,953	50851,143	50852,021	14,984	14,125	2,058	2,234	13,440	13,440	5,774	15,890	1,000	907,000	202,000	868,978	215,467
370,000	1060,000	1430,000	0,131	16,038	27,993	12,000	36,300	18,830	22,369	2,811	31,175	170,000	140033,249	140733,244	140734,245	140737,388	140737,761	140737,931	140738,832	50433,249	50853,244	50854,245	50857,388	50857,761	50857,931	50858,832	13,560	13,587	2,161	2,063	13,440	13,440	11,447	17,444	1,000	872,000	219,000	868,978	215,467
