2530,000	960,000	3490,000	23,298	22,917	62,677	7,000	59,318	24,751	9,190	7,975	61,406	220,000	83741,027	83903,670	83904,670	83906,652	83909,191	83909,411	83910,161	31061,027	31143,670	31144,670	31146,652	31149,191	31149,411	31150,161	21,261	12,402	7,290	3,929	-13,440	13,440	41,897	40,789	1,000	1213,000	739,000	571,022	215,467
140,000	60,000	200,000	2,954	0,000	0,887	0,000	61,592	0,040	17,165	0,000	61,635	0,000	83741,027	83911,441	83912,441	83914,461	83914,662	83914,662	83914,732	31061,027	31151,441	31152,441	31154,461	31154,662	31154,662	31154,732	0,029	0,029	0,003	0,000	-13,440	13,440	0,164	NaN	1,000	475,000	258,000	571,022	215,467
640,000	790,000	1430,000	1,377	31,646	33,073	6,000	54,950	18,552	13,720	3,445	56,675	250,000	83741,027	83917,965	83918,965	83920,391	83921,041	83921,291	83921,842	31061,027	31157,965	31158,965	31160,391	31161,041	31161,291	31161,842	14,305	12,078	2,730	2,286	-13,440	13,440	9,930	14,557	1,000	523,000	225,000	571,022	215,467
490,000	20,000	510,000	18,846	0,000	0,000	0,000	57,045	0,000	17,165	0,000	57,045	0,000	83741,027	83923,951	83924,951	83928,576	83929,071	83929,071	83929,102	31061,027	31163,951	31164,951	31168,576	31169,071	31169,071	31169,102	0,000	0,000	0,000	0,000	-13,440	13,440	NaN	NaN	1,000	1052,000	682,000	571,022	215,467
620,000	810,000	1430,000	0,653	44,444	33,301	4,000	51,917	17,699	8,837	8,329	54,448	360,000	83741,027	83934,096	83935,097	83938,092	83938,721	83939,081	83939,542	31061,027	31174,096	31175,097	31178,092	31178,721	31179,081	31179,542	12,190	13,282	6,006	6,153	-13,440	13,440	19,894	28,350	1,000	593,000	208,000	571,022	215,467
540,000	890,000	1430,000	0,210	20,225	41,721	8,000	52,431	19,142	13,735	3,430	56,287	180,000	83741,027	83940,837	83941,839	83945,050	83945,592	83945,772	83946,492	31061,027	31180,837	31181,839	31185,050	31185,592	31185,772	31186,492	13,584	13,779	2,677	2,415	-13,440	13,440	18,746	20,988	1,000	571,000	208,000	571,022	215,467
490,000	20,000	510,000	19,142	0,000	0,000	0,000	56,750	0,000	17,165	0,000	56,750	0,000	83741,027	83948,503	83949,503	83950,552	83951,051	83951,051	83951,081	31061,027	31188,503	31189,503	31190,552	31191,051	31191,051	31191,081	0,000	0,000	0,000	0,000	-13,440	13,440	NaN	NaN	1,000	1056,000	693,000	571,022	215,467
300,000	260,000	560,000	19,778	57,692	0,822	4,000	56,322	0,102	17,110	0,055	56,273	150,000	83741,027	83953,355	83954,355	83958,002	83958,312	83958,462	83958,581	31061,027	31193,355	31194,355	31198,002	31198,312	31198,462	31198,581	0,086	0,056	0,031	0,057	-13,440	13,440	0,185	0,227	1,000	1068,000	713,000	571,022	215,467
170,000	160,000	330,000	19,759	93,750	0,551	0,000	56,434	0,039	17,128	0,038	56,434	150,000	83741,027	84003,153	84004,154	84006,648	84006,848	84006,998	84007,012	31061,027	31203,153	31204,154	31206,648	31206,848	31206,998	31207,012	0,028	0,029	0,028	0,026	-13,440	13,440	NaN	0,049	1,000	1070,000	710,000	571,022	215,467
1060,000	80,000	1140,000	19,881	0,000	6,039	0,000	54,835	0,299	17,165	0,000	54,787	0,000	83741,027	84009,905	84010,905	84014,388	84015,451	84015,451	84015,542	31061,027	31209,905	31210,905	31214,388	31215,452	31215,452	31215,542	0,260	0,146	0,008	0,000	-13,440	13,440	3,111	NaN	1,000	1046,000	739,000	571,022	215,467
500,000	930,000	1430,000	0,535	22,581	44,699	7,000	53,904	17,643	13,867	3,298	56,908	210,000	83741,027	84054,821	84055,821	84058,787	84059,291	84059,501	84100,231	31061,027	31254,821	31255,821	31258,787	31259,291	31259,501	31260,231	12,967	12,322	2,557	2,349	-13,440	13,440	9,990	17,174	1,000	582,000	231,000	571,022	215,467
390,000	50,000	440,000	18,347	0,000	0,916	0,000	56,477	0,040	17,165	0,000	56,491	0,000	83741,027	84101,332	84102,332	84104,418	84104,811	84104,811	84104,871	31061,027	31261,332	31262,332	31264,418	31264,811	31264,811	31264,872	0,030	0,029	0,003	0,000	-13,440	13,440	0,079	NaN	1,000	1028,000	681,000	571,022	215,467
810,000	620,000	1430,000	3,734	58,065	32,238	5,000	51,807	13,741	10,227	6,938	53,953	360,000	83741,027	84108,315	84109,315	84112,127	84112,943	84113,303	84113,571	31061,027	31268,315	31269,315	31272,127	31272,943	31273,303	31273,571	9,283	10,679	4,913	5,315	-13,440	13,440	6,712	25,406	1,000	675,000	298,000	571,022	215,467
560,000	870,000	1430,000	0,560	32,184	43,265	6,000	53,210	18,813	14,112	3,054	56,265	280,000	83741,027	84117,242	84118,242	84121,490	84122,052	84122,332	84122,931	31061,027	31277,242	31278,242	31281,490	31282,052	31282,332	31282,931	13,731	13,241	2,326	2,297	-13,440	13,440	11,472	18,952	1,000	553,000	207,000	571,022	215,467
710,000	720,000	1430,000	1,591	33,333	43,245	6,000	52,103	19,517	13,298	3,867	55,506	240,000	83741,027	84124,897	84125,897	84127,626	84128,342	84128,582	84129,073	31061,027	31284,897	31285,897	31287,626	31288,342	31288,582	31289,073	13,989	13,988	2,968	2,827	-13,440	13,440	1,971	20,233	1,000	524,000	184,000	571,022	215,467
670,000	760,000	1430,000	0,830	25,000	41,118	8,000	52,480	19,287	13,658	3,507	56,019	190,000	83741,027	84132,836	84133,836	84136,096	84136,771	84136,961	84137,541	31061,027	31292,836	31293,836	31296,096	31296,771	31296,961	31297,541	13,784	13,756	2,685	2,541	-13,440	13,440	13,702	19,705	1,000	548,000	197,000	571,022	215,467
510,000	920,000	1430,000	0,494	18,478	35,066	9,000	52,298	17,922	13,686	3,479	55,129	170,000	83741,027	84139,851	84140,851	84143,202	84143,721	84143,891	84144,651	31061,027	31299,851	31300,851	31303,202	31303,721	31303,891	31304,651	12,789	12,781	2,490	2,748	-13,440	13,440	20,184	20,391	1,000	572,000	233,000	571,022	215,467
560,000	870,000	1430,000	1,217	21,839	47,814	5,000	53,344	19,753	13,341	3,825	55,938	190,000	83741,027	84147,874	84148,874	84150,668	84151,231	84151,421	84152,113	31061,027	31307,874	31308,874	31310,668	31311,231	31311,421	31312,113	14,667	13,416	2,917	2,754	-13,440	13,440	23,906	23,459	1,000	528,000	211,000	571,022	215,467
470,000	960,000	1430,000	0,432	35,417	39,339	6,000	52,493	18,531	10,043	7,123	55,648	340,000	83741,027	84156,405	84157,405	84201,242	84201,721	84202,061	84202,691	31061,027	31316,405	31317,405	31321,242	31321,721	31322,061	31322,691	13,313	13,192	5,655	4,724	-13,440	13,440	28,614	27,145	1,000	576,000	230,000	571,022	215,467
870,000	560,000	1430,000	0,279	44,643	48,475	4,000	52,806	17,304	11,451	5,714	55,805	250,000	83741,027	84204,092	84205,092	84206,157	84207,031	84207,281	84207,601	31061,027	31324,092	31325,092	31326,157	31327,031	31327,281	31327,601	12,398	12,568	4,368	4,091	-13,440	13,440	2,094	26,878	1,000	568,000	206,000	571,022	215,467
640,000	780,000	1420,000	0,598	16,667	46,892	5,000	52,282	18,895	14,532	2,634	55,039	130,000	83741,027	84210,309	84211,309	84213,546	84214,191	84214,321	84214,981	31061,027	31330,309	31331,309	31333,546	31334,191	31334,321	31334,981	13,444	13,530	1,870	2,076	-13,440	13,440	23,178	23,087	1,000	552,000	206,000	571,022	215,467
480,000	680,000	1160,000	0,350	25,000	47,535	4,000	52,272	18,289	13,724	3,441	55,367	170,000	83741,027	84217,249	84218,249	84220,652	84221,142	84221,312	84221,831	31061,027	31337,249	31338,249	31340,652	31341,142	31341,312	31341,831	12,941	13,192	2,487	2,672	-13,440	13,440	17,033	21,575	1,000	579,000	225,000	571,022	215,467
510,000	760,000	1270,000	0,627	38,158	46,563	4,000	52,096	19,069	10,312	6,854	54,460	290,000	83741,027	84224,202	84225,202	84226,584	84227,101	84227,391	84227,871	31061,027	31344,202	31345,202	31346,584	31347,101	31347,391	31347,871	13,476	13,812	4,907	5,290	-13,440	13,440	25,461	26,849	1,000	556,000	199,000	571,022	215,467
280,000	1150,000	1430,000	0,914	45,217	46,497	5,000	53,445	20,070	5,757	11,409	55,416	520,000	83741,027	84229,612	84230,612	84231,620	84231,901	84232,421	84233,061	31061,027	31349,612	31350,612	31351,620	31351,901	31352,421	31353,061	14,958	13,633	9,012	7,507	-13,440	13,440	39,118	38,384	1,000	539,000	210,000	571,022	215,467
460,000	910,000	1370,000	0,291	29,670	46,366	6,000	53,353	18,267	10,635	6,530	55,823	270,000	83741,027	84236,247	84237,248	84240,890	84241,353	84241,623	84242,272	31061,027	31356,247	31357,248	31360,890	31361,353	31361,623	31362,272	13,305	12,769	4,936	4,756	-13,440	13,440	29,734	27,625	1,000	575,000	225,000	571,022	215,467
440,000	730,000	1170,000	0,944	31,507	59,489	4,000	51,597	19,601	12,747	4,418	55,085	230,000	83741,027	84243,303	84244,303	84245,353	84245,801	84246,031	84246,542	31061,027	31363,303	31364,303	31365,353	31365,801	31366,031	31366,543	13,728	14,324	3,292	3,306	-13,440	13,440	18,761	24,190	1,000	547,000	192,000	571,022	215,467
420,000	710,000	1130,000	0,730	22,535	46,196	6,000	52,253	18,351	14,291	2,874	56,394	160,000	83741,027	84247,871	84248,872	84250,690	84251,112	84251,272	84251,831	31061,027	31367,872	31368,872	31370,690	31371,112	31371,272	31371,831	12,800	13,475	2,143	2,130	-13,440	13,440	11,466	17,583	1,000	566,000	190,000	571,022	215,467
670,000	760,000	1430,000	0,442	38,158	50,615	6,000	53,039	18,010	8,388	8,777	54,876	290,000	83741,027	84253,154	84254,155	84257,214	84257,891	84258,181	84258,662	31061,027	31373,154	31374,156	31377,214	31377,891	31378,181	31378,662	13,024	12,611	6,509	6,395	-13,440	13,440	33,106	38,716	1,000	563,000	229,000	571,022	215,467
560,000	860,000	1420,000	0,265	15,116	49,537	6,000	52,464	18,430	14,613	2,552	55,184	130,000	83741,027	84300,347	84301,348	84304,805	84305,371	84305,501	84306,241	31061,027	31380,347	31381,349	31384,805	31385,371	31385,501	31386,241	13,164	13,134	1,691	2,209	-13,440	13,440	18,880	20,646	1,000	567,000	224,000	571,022	215,467
460,000	970,000	1430,000	0,268	30,928	54,866	7,000	52,382	19,035	8,235	8,930	53,953	300,000	83741,027	84308,518	84309,518	84312,914	84313,382	84313,682	84314,362	31061,027	31388,518	31389,518	31392,915	31393,382	31393,682	31394,362	13,422	13,871	6,199	7,136	-13,440	13,440	38,918	39,581	1,000	570,000	206,000	571,022	215,467
360,000	20,000	380,000	18,845	0,000	0,000	0,000	56,157	0,000	17,165	0,000	56,157	0,000	83741,027	84315,595	84316,595	84320,369	84320,732	84320,732	84320,761	31061,027	31395,595	31396,595	31400,369	31400,732	31400,732	31400,761	0,000	0,000	0,000	0,000	-13,440	13,440	NaN	NaN	1,000	1038,000	696,000	571,022	215,467
540,000	890,000	1430,000	0,495	31,461	57,002	9,000	51,382	18,708	8,165	9,000	53,726	280,000	83741,027	84323,755	84324,755	84327,726	84328,272	84328,552	84329,171	31061,027	31403,755	31404,755	31407,726	31408,272	31408,552	31409,171	12,909	14,008	6,458	7,007	-13,440	13,440	43,193	41,950	1,000	569,000	198,000	571,022	215,467
490,000	770,000	1260,000	1,508	28,571	50,474	4,000	53,176	20,248	12,399	4,766	55,362	220,000	83741,027	84330,035	84331,035	84332,227	84332,721	84332,941	84333,501	31061,027	31410,035	31411,035	31412,227	31412,721	31412,941	31413,501	14,936	13,865	3,464	3,678	-13,440	13,440	25,297	25,597	1,000	520,000	199,000	571,022	215,467
460,000	970,000	1430,000	0,358	14,433	54,553	9,000	51,526	18,709	14,685	2,481	55,411	140,000	83741,027	84334,676	84335,676	84339,252	84339,721	84339,861	84340,701	31061,027	31414,676	31415,676	31419,252	31419,721	31419,861	31420,701	12,910	13,895	1,746	1,974	-13,440	13,440	19,539	19,987	1,000	582,000	209,000	571,022	215,467
520,000	910,000	1430,000	0,718	37,363	41,523	6,000	52,397	19,242	7,260	9,905	53,890	340,000	83741,027	84341,796	84342,796	84346,550	84347,071	84347,411	84347,991	31061,027	31421,796	31422,796	31426,550	31427,071	31427,411	31427,991	13,679	13,781	7,029	7,471	-13,440	13,440	30,413	33,789	1,000	550,000	201,000	571,022	215,467
440,000	990,000	1430,000	0,228	37,374	45,738	4,000	52,454	18,266	5,880	11,285	54,314	370,000	83741,027	84349,536	84350,537	84352,876	84353,321	84353,691	84354,321	31061,027	31429,536	31430,537	31432,876	31433,321	31433,691	31434,321	13,050	13,062	8,445	7,990	-13,440	13,440	39,541	42,205	1,000	568,000	223,000	571,022	215,467
520,000	760,000	1280,000	1,780	35,526	44,198	4,000	51,921	20,251	10,853	6,312	54,250	270,000	83741,027	84355,742	84356,741	84359,386	84359,911	84360,181	84400,682	31061,027	31435,742	31436,741	31439,387	31439,911	31440,181	31440,682	14,487	14,402	4,538	4,851	-13,440	13,440	22,375	28,220	1,000	514,000	188,000	571,022	215,467
470,000	790,000	1260,000	0,692	20,253	50,792	6,000	52,616	19,554	14,038	3,127	55,968	160,000	83741,027	84401,990	84402,990	84405,848	84406,322	84406,482	84407,121	31061,027	31441,990	31442,990	31445,848	31446,323	31446,483	31447,121	13,980	13,950	2,292	2,411	-13,440	13,440	20,654	21,590	1,000	556,000	196,000	571,022	215,467
440,000	910,000	1350,000	0,283	15,385	44,085	8,000	51,530	18,971	14,454	2,711	55,306	140,000	83741,027	84408,731	84409,732	84413,577	84414,022	84414,162	84414,941	31061,027	31448,731	31449,732	31453,577	31454,022	31454,162	31454,941	13,247	13,867	1,945	2,048	-13,440	13,440	22,778	22,527	1,000	562,000	211,000	571,022	215,467
640,000	790,000	1430,000	1,113	37,975	37,042	6,000	52,536	19,384	10,480	6,685	55,562	300,000	83741,027	84415,631	84416,631	84420,625	84421,273	84421,573	84422,072	31061,027	31455,631	31456,631	31460,625	31461,273	31461,573	31462,072	13,757	13,927	4,992	4,772	-13,440	13,440	10,403	27,287	1,000	547,000	184,000	571,022	215,467
