290,000	250,000	540,000	3,089	96,000	6,510	0,000	65,779	0,923	16,243	0,922	65,779	240,000	182038,453	182102,913	182103,913	182106,229	182106,523	182106,763	182106,783	66038,453	66062,913	66063,913	66066,229	66066,523	66066,763	66066,783	0,647	0,760	0,647	0,757	-13,440	13,440	NaN	1,686	1,000	668,000	267,000	571,022	215,467
280,000	1150,000	1430,000	0,197	14,783	5,968	12,000	68,737	1,677	16,701	0,464	69,865	170,000	182038,453	182111,052	182112,052	182115,500	182115,783	182115,953	182116,945	66038,453	66071,052	66072,052	66075,500	66075,783	66075,953	66076,945	1,434	0,873	0,431	0,228	-13,440	13,440	1,823	1,988	1,000	578,000	216,000	571,022	215,467
430,000	1000,000	1430,000	0,708	18,000	24,848	12,000	54,623	15,879	15,292	1,873	57,500	180,000	182038,453	182119,484	182120,484	182122,072	182122,504	182122,684	182123,514	66038,453	66079,484	66080,484	66082,072	66082,504	66082,684	66083,514	11,806	11,047	1,426	1,314	-13,440	13,440	8,768	10,908	1,000	590,000	232,000	571,022	215,467
290,000	1140,000	1430,000	1,824	20,175	26,945	16,000	52,393	19,931	14,202	2,964	57,467	230,000	182038,453	182128,074	182129,074	182130,401	182130,693	182130,923	182131,844	66038,453	66088,074	66089,074	66090,401	66090,693	66090,923	66091,844	14,478	13,992	2,833	1,202	-13,440	13,440	7,151	11,197	1,000	522,000	173,000	571,022	215,467
150,000	640,000	790,000	0,095	37,500	6,106	6,000	66,038	2,265	16,154	1,011	67,195	240,000	182038,453	182136,358	182137,359	182140,016	182140,217	182140,457	182140,863	66038,453	66096,358	66097,359	66100,016	66100,217	66100,457	66100,863	1,885	1,351	0,908	0,576	-13,440	13,440	4,271	5,084	1,000	568,000	217,000	571,022	215,467
280,000	1150,000	1430,000	0,141	14,783	24,359	11,000	53,601	17,213	14,819	2,346	57,331	170,000	182038,453	182143,910	182144,911	182147,149	182147,432	182147,603	182148,594	66038,453	66103,910	66104,911	66107,149	66107,433	66107,603	66108,594	12,391	12,259	1,791	1,604	-13,440	13,440	12,122	14,133	1,000	576,000	215,000	571,022	215,467
110,000	1270,000	1380,000	0,586	22,047	33,498	12,000	54,107	18,828	13,755	3,410	57,687	280,000	182038,453	182152,089	182153,089	182154,876	182155,077	182155,357	182156,353	66038,453	66112,089	66113,089	66114,876	66115,077	66115,357	66116,353	14,008	12,881	2,878	2,134	-13,440	13,440	16,572	15,850	1,000	553,000	205,000	571,022	215,467
90,000	370,000	460,000	0,338	29,730	6,640	4,000	65,795	1,350	17,060	0,106	67,398	110,000	182038,453	182202,403	182203,403	182204,756	182204,957	182205,067	182205,334	66038,453	66122,403	66123,403	66124,756	66124,957	66125,067	66125,334	1,015	0,988	0,090	0,060	-13,440	13,440	4,102	0,500	1,000	559,000	215,000	571,022	215,467
30,000	1400,000	1430,000	0,726	18,571	24,131	12,000	53,544	19,216	16,068	1,098	57,329	260,000	182038,453	182208,242	182209,243	182212,464	182212,665	182212,925	182214,073	66038,453	66128,242	66129,243	66132,464	66132,665	66132,925	66134,073	14,128	13,370	0,897	0,740	-13,440	13,440	0,550	6,600	1,000	552,000	198,000	571,022	215,467
170,000	1260,000	1430,000	0,679	24,603	25,463	10,000	53,957	17,962	13,620	3,546	57,381	310,000	182038,453	182218,302	182219,302	182223,201	182223,402	182223,712	182224,663	66038,453	66138,302	66139,302	66143,201	66143,402	66143,712	66144,663	13,373	12,282	3,008	2,118	-13,440	13,440	15,351	19,455	1,000	547,000	213,000	571,022	215,467
30,000	1160,000	1190,000	0,191	33,621	33,183	8,000	54,720	13,926	12,991	4,174	57,982	390,000	182038,453	182228,089	182229,089	182230,769	182230,970	182231,360	182232,133	66038,453	66148,089	66149,089	66150,769	66150,970	66151,360	66152,133	10,153	9,901	3,282	2,911	-13,440	13,440	18,808	18,214	1,000	567,000	210,000	571,022	215,467
310,000	1120,000	1430,000	0,384	14,286	34,964	9,000	52,993	18,900	14,443	2,722	56,645	160,000	182038,453	182234,537	182235,537	182236,554	182236,873	182237,033	182238,003	66038,453	66154,537	66155,537	66156,554	66156,873	66157,033	66158,004	13,597	13,408	2,105	1,875	-13,440	13,440	17,596	17,163	1,000	559,000	209,000	571,022	215,467
360,000	1070,000	1430,000	0,547	12,150	22,530	12,000	52,648	16,412	16,152	1,013	56,756	130,000	182038,453	182241,783	182242,783	182246,568	182246,933	182247,063	182248,014	66038,453	66161,783	66162,783	66166,568	66166,933	66167,063	66168,014	11,643	11,927	0,788	0,679	-13,440	13,440	0,678	8,328	1,000	585,000	229,000	571,022	215,467
300,000	1130,000	1430,000	0,269	19,469	26,738	14,000	53,324	17,451	14,026	3,139	56,866	220,000	182038,453	182251,968	182252,968	182255,019	182255,324	182255,544	182256,463	66038,453	66171,968	66172,968	66175,019	66175,324	66175,544	66176,463	12,560	12,395	2,411	2,114	-13,440	13,440	11,532	15,714	1,000	578,000	222,000	571,022	215,467
300,000	1130,000	1430,000	0,250	19,469	24,801	12,000	54,556	16,508	13,845	3,320	58,061	220,000	182038,453	182259,878	182300,879	182303,951	182304,253	182304,473	182305,394	66038,453	66179,878	66180,879	66183,951	66184,253	66184,473	66185,394	12,226	11,308	2,733	2,035	-13,440	13,440	10,468	12,931	1,000	565,000	222,000	571,022	215,467
90,000	1340,000	1430,000	0,374	10,448	38,259	12,000	52,083	20,168	16,896	0,270	56,705	140,000	182038,453	182309,632	182310,633	182311,783	182311,984	182312,124	182313,334	66038,453	66189,632	66190,633	66191,783	66191,984	66192,124	66193,334	14,272	14,700	0,254	0,212	-13,440	13,440	1,470	1,315	1,000	560,000	208,000	571,022	215,467
330,000	1050,000	1380,000	0,390	11,429	34,071	10,000	53,666	16,605	14,607	2,558	57,213	120,000	182038,453	182316,226	182317,226	182319,547	182319,883	182320,003	182320,943	66038,453	66196,226	66197,226	66199,548	66199,883	66200,003	66200,943	11,983	11,618	1,972	1,720	-13,440	13,440	18,297	22,741	1,000	574,000	229,000	571,022	215,467
170,000	1190,000	1360,000	1,197	10,924	32,272	12,000	52,632	20,716	13,765	3,400	55,097	130,000	182038,453	182325,677	182326,678	182327,801	182328,001	182328,131	182329,195	66038,453	66205,678	66206,678	66207,801	66208,001	66208,131	66209,195	14,597	14,710	1,854	2,953	-13,440	13,440	22,052	23,218	1,000	531,000	201,000	571,022	215,467
30,000	760,000	790,000	0,268	21,053	6,840	9,000	64,115	2,326	16,456	0,709	66,652	160,000	182038,453	182333,176	182334,177	182336,260	182336,461	182336,621	182337,223	66038,453	66213,176	66214,177	66216,260	66216,461	66216,621	66217,223	1,660	1,971	0,588	0,517	-13,440	13,440	2,759	4,406	1,000	564,000	209,000	571,022	215,467
130,000	1300,000	1430,000	0,408	26,154	25,641	16,000	53,230	16,603	13,327	3,838	56,768	340,000	182038,453	182342,028	182343,028	182346,187	182346,388	182346,728	182347,694	66038,453	66222,028	66223,028	66226,187	66226,388	66226,728	66227,694	11,956	11,880	3,178	2,347	-13,440	13,440	17,558	17,946	1,000	561,000	205,000	571,022	215,467
280,000	1150,000	1430,000	0,372	18,261	29,981	15,000	52,796	16,631	14,390	2,776	55,997	210,000	182038,453	182351,080	182352,080	182355,435	182355,723	182355,933	182356,883	66038,453	66231,080	66232,080	66235,436	66235,723	66235,933	66236,883	11,924	11,982	2,180	1,879	-13,440	13,440	9,432	15,017	1,000	579,000	226,000	571,022	215,467
280,000	1150,000	1430,000	0,355	16,522	38,124	16,000	53,070	18,576	14,038	3,128	56,590	190,000	182038,453	182400,606	182401,605	182404,038	182404,323	182404,513	182405,484	66038,453	66240,606	66241,605	66244,038	66244,323	66244,513	66245,484	13,339	13,276	2,367	2,267	-13,440	13,440	17,759	20,774	1,000	569,000	203,000	571,022	215,467
270,000	1160,000	1430,000	0,379	13,793	35,356	8,000	53,207	17,551	16,844	0,321	57,132	160,000	182038,453	182410,119	182411,119	182413,616	182413,894	182414,054	182415,063	66038,453	66250,119	66251,119	66253,616	66253,894	66254,054	66255,063	12,747	12,388	0,284	0,152	-13,440	13,440	1,091	1,093	1,000	558,000	212,000	571,022	215,467
370,000	1060,000	1430,000	1,398	21,698	25,219	12,000	52,190	16,148	14,871	2,294	56,061	230,000	182038,453	182418,142	182419,141	182421,179	182421,554	182421,784	182422,623	66038,453	66258,142	66259,142	66261,179	66261,554	66261,784	66262,623	11,260	11,996	1,785	1,520	-13,440	13,440	5,592	11,316	1,000	611,000	245,000	571,022	215,467
330,000	1100,000	1430,000	0,368	18,182	28,542	14,000	53,686	16,381	14,112	3,054	57,114	200,000	182038,453	182427,446	182428,446	182430,932	182431,264	182431,464	182432,373	66038,453	66267,446	66268,447	66270,932	66271,264	66271,464	66272,373	11,883	11,616	2,434	2,060	-13,440	13,440	11,219	16,624	1,000	580,000	225,000	571,022	215,467
340,000	1090,000	1430,000	0,194	17,431	35,201	12,000	53,512	16,824	14,723	2,443	57,233	190,000	182038,453	182435,553	182436,553	182438,620	182438,963	182439,153	182440,063	66038,453	66275,553	66276,553	66278,620	66278,963	66279,153	66280,064	12,095	12,009	1,870	1,717	-13,440	13,440	13,773	15,265	1,000	577,000	212,000	571,022	215,467
90,000	1340,000	1430,000	0,364	15,672	29,962	10,000	53,624	15,603	16,750	0,415	57,698	210,000	182038,453	182444,364	182445,365	182448,534	182448,735	182448,945	182450,084	66038,453	66284,364	66285,365	66288,534	66288,735	66288,945	66290,084	11,196	11,222	0,260	0,353	-13,440	13,440	0,034	1,764	1,000	565,000	204,000	571,022	215,467
30,000	1400,000	1430,000	0,169	7,857	30,700	16,000	53,942	16,937	17,091	0,074	58,039	110,000	182038,453	182452,819	182453,820	182456,251	182456,453	182456,562	182457,853	66038,453	66292,819	66293,820	66296,251	66296,453	66296,563	66297,853	12,414	11,869	0,118	0,003	-13,440	13,440	2,727	0,322	1,000	567,000	211,000	571,022	215,467
140,000	1290,000	1430,000	0,279	17,054	34,505	14,000	52,936	18,353	15,817	1,348	56,706	220,000	182038,453	182501,041	182502,041	182503,657	182503,858	182504,078	182505,155	66038,453	66301,041	66302,041	66303,657	66303,858	66304,078	66305,155	13,218	13,107	1,032	1,049	-13,440	13,440	6,485	7,451	1,000	568,000	206,000	571,022	215,467
250,000	1180,000	1430,000	0,146	32,203	40,974	12,000	52,842	17,713	9,892	7,273	55,040	380,000	182038,453	182507,814	182508,815	182510,783	182511,043	182511,423	182512,233	66038,453	66307,814	66308,815	66310,783	66311,043	66311,423	66312,233	12,659	12,743	5,340	5,439	-13,440	13,440	25,922	28,618	1,000	576,000	214,000	571,022	215,467
30,000	1400,000	1430,000	0,832	27,143	31,687	14,000	53,721	17,377	13,189	3,976	56,577	380,000	182038,453	182516,141	182517,141	182518,677	182518,878	182519,258	182520,284	66038,453	66316,141	66317,141	66318,677	66318,878	66319,258	66320,284	12,795	12,069	3,078	2,838	-13,440	13,440	16,126	20,718	1,000	543,000	206,000	571,022	215,467
280,000	1150,000	1430,000	0,762	13,913	23,328	11,000	52,938	16,179	15,310	1,855	56,291	160,000	182038,453	182524,280	182525,280	182528,891	182529,173	182529,333	182530,334	66038,453	66324,281	66325,280	66328,891	66329,173	66329,333	66330,334	11,488	11,853	1,333	1,496	-13,440	13,440	1,302	10,278	1,000	596,000	226,000	571,022	215,467
200,000	1230,000	1430,000	0,552	21,951	22,291	12,000	54,041	16,730	16,224	0,941	57,435	270,000	182038,453	182534,518	182535,518	182538,394	182538,604	182538,874	182539,843	66038,453	66334,518	66335,518	66338,394	66338,604	66338,874	66339,843	12,425	11,551	0,818	0,571	-13,440	13,440	3,857	4,115	1,000	569,000	235,000	571,022	215,467
30,000	20,000	50,000	18,566	0,000	0,000	0,000	57,038	0,000	17,165	0,000	57,038	0,000	182038,453	182543,119	182544,119	182547,710	182547,911	182547,911	182547,934	66038,453	66343,119	66344,119	66347,710	66347,911	66347,911	66347,934	0,000	0,000	0,000	0,000	-13,440	13,440	NaN	NaN	1,000	1043,000	677,000	571,022	215,467
350,000	20,000	370,000	18,586	0,000	0,000	0,000	56,974	0,000	17,165	0,000	56,974	0,000	182038,453	182552,686	182553,687	182557,140	182557,493	182557,493	182557,524	66038,453	66352,686	66353,687	66357,140	66357,493	66357,493	66357,524	0,000	0,000	0,000	0,000	-13,440	13,440	NaN	NaN	1,000	1043,000	678,000	571,022	215,467
350,000	1080,000	1430,000	0,255	14,815	21,973	12,000	53,525	16,986	15,716	1,449	57,093	160,000	182038,453	182601,769	182602,770	182605,125	182605,484	182605,644	182606,573	66038,453	66361,770	66362,770	66365,126	66365,484	66365,644	66366,574	12,388	11,917	1,141	0,977	-13,440	13,440	0,195	9,368	1,000	566,000	223,000	571,022	215,467
280,000	1150,000	1430,000	0,682	22,609	33,423	10,000	53,296	18,405	13,992	3,173	56,332	260,000	182038,453	182612,617	182613,617	182616,423	182616,714	182616,974	182617,873	66038,453	66372,617	66373,617	66376,423	66376,714	66376,974	66377,873	13,365	13,046	2,336	2,399	-13,440	13,440	8,436	13,932	1,000	558,000	195,000	571,022	215,467
90,000	750,000	840,000	0,460	25,333	8,627	6,000	67,683	2,132	17,071	0,094	67,450	190,000	182038,453	182624,799	182625,800	182629,229	182629,430	182629,620	182630,184	66038,453	66384,799	66385,800	66389,229	66389,430	66389,620	66390,184	1,970	0,816	0,078	0,087	-13,440	13,440	1,402	0,280	1,000	556,000	209,000	571,022	215,467
30,000	1400,000	1430,000	1,402	8,571	26,031	16,000	52,857	19,304	17,051	0,115	56,941	120,000	182038,453	182632,517	182633,516	182634,857	182635,058	182635,178	182636,464	66038,453	66392,517	66393,517	66394,857	66395,058	66395,178	66396,464	13,988	13,700	0,128	0,070	-13,440	13,440	0,568	0,444	1,000	536,000	180,000	571,022	215,467
260,000	1170,000	1430,000	1,755	34,188	20,755	12,000	53,153	15,767	12,339	4,826	55,689	400,000	182038,453	182640,204	182641,205	182644,100	182644,363	182644,763	182645,543	66038,453	66400,204	66401,205	66404,100	66404,363	66404,763	66405,543	11,376	11,215	3,781	3,145	-13,440	13,440	7,721	18,113	1,000	609,000	265,000	571,022	215,467
