60,000	20,000	80,000	19,003	0,000	0,000	0,000	29,541	0,000	25,180	0,000	29,541	0,000	100723,098	100802,445	100803,446	100806,292	100806,493	100806,493	100806,517	36443,098	36482,445	36483,446	36486,292	36486,493	36486,493	36486,517	0,000	0,000	0,000	0,000	13,440	13,440	NaN	NaN	1,000	395,000	697,000	868,978	215,467
810,000	60,000	870,000	18,844	0,000	0,809	0,000	29,629	0,040	25,178	0,002	29,602	0,000	100723,098	100807,110	100808,110	100809,299	100810,117	100810,117	100810,187	36443,098	36487,110	36488,110	36489,300	36490,117	36490,117	36490,187	0,030	0,029	0,000	0,003	13,440	13,440	0,245	NaN	1,000	393,000	687,000	868,978	215,467
30,000	20,000	50,000	19,918	0,000	0,000	0,000	27,293	0,000	25,180	0,000	27,293	0,000	100723,098	100810,772	100811,772	100813,371	100813,572	100813,572	100813,597	36443,098	36490,772	36491,772	36493,372	36493,572	36493,572	36493,597	0,000	0,000	0,000	0,000	13,440	13,440	NaN	NaN	1,000	371,000	719,000	868,978	215,467
80,000	950,000	1030,000	19,123	12,632	4,647	11,000	30,217	1,580	25,060	0,120	27,472	120,000	100723,098	100814,188	100815,188	100818,073	100818,273	100818,393	100819,227	36443,098	36494,188	36495,188	36498,073	36498,273	36498,393	36499,227	1,687	0,873	0,029	0,122	13,440	13,440	1,159	0,998	1,000	394,000	702,000	868,978	215,467
30,000	300,000	330,000	19,958	56,667	2,633	2,000	27,241	0,431	24,967	0,213	26,936	170,000	100723,098	100819,828	100820,827	100824,620	100824,821	100824,991	100825,126	36443,098	36499,828	36500,828	36504,620	36504,821	36504,991	36505,127	0,368	0,282	0,164	0,149	13,440	13,440	1,587	0,744	1,000	372,000	722,000	868,978	215,467
420,000	780,000	1200,000	18,963	30,769	5,335	8,000	29,002	0,945	24,594	0,586	28,375	240,000	100723,098	100825,724	100826,724	100830,430	100830,858	100831,098	100831,648	36443,098	36505,724	36506,724	36510,430	36510,858	36511,098	36511,648	0,759	0,648	0,348	0,472	13,440	13,440	1,817	1,649	1,000	396,000	696,000	868,978	215,467
30,000	550,000	580,000	19,580	45,455	32,099	2,000	49,444	8,969	19,050	6,130	50,230	250,000	100723,098	100832,241	100833,241	100834,297	100834,498	100834,748	100835,057	36443,098	36512,241	36513,241	36514,297	36514,498	36514,748	36515,057	6,047	6,527	4,147	4,566	13,440	13,440	20,128	20,392	1,000	381,000	712,000	868,978	215,467
30,000	610,000	640,000	19,282	27,869	3,084	6,000	30,403	0,823	24,887	0,293	30,352	170,000	100723,098	100835,649	100836,650	100839,548	100839,749	100839,919	100840,367	36443,098	36515,649	36516,650	36519,548	36519,749	36519,919	36520,367	0,592	0,592	0,285	0,169	13,440	13,440	1,187	0,624	1,000	390,000	706,000	868,978	215,467
220,000	660,000	880,000	18,884	18,182	3,784	7,000	32,217	0,821	25,138	0,042	31,673	120,000	100723,098	100840,967	100841,967	100845,760	100845,988	100846,108	100846,657	36443,098	36520,967	36521,967	36525,760	36525,988	36526,108	36526,657	0,648	0,564	0,047	0,026	13,440	13,440	0,179	0,219	1,000	399,000	695,000	868,978	215,467
830,000	350,000	1180,000	18,883	57,143	1,243	3,000	29,533	0,192	25,037	0,143	29,506	200,000	100723,098	100847,248	100848,248	100851,761	100852,597	100852,797	100852,958	36443,098	36527,248	36528,248	36531,761	36532,597	36532,797	36532,958	0,142	0,141	0,111	0,105	13,440	13,440	0,603	1,029	1,000	395,000	691,000	868,978	215,467
30,000	670,000	700,000	18,764	17,910	3,413	8,000	28,893	0,769	25,107	0,073	27,908	120,000	100723,098	100853,549	100854,549	100858,384	100858,584	100858,704	100859,257	36443,098	36533,549	36534,549	36538,384	36538,584	36538,704	36539,257	0,732	0,479	0,060	0,054	13,440	13,440	0,200	0,599	1,000	399,000	689,000	868,978	215,467
30,000	680,000	710,000	18,844	19,118	2,518	9,000	33,307	0,836	24,940	0,240	32,577	130,000	100723,098	100859,853	100900,853	100902,993	100903,194	100903,324	100903,878	36443,098	36539,854	36540,853	36542,994	36543,194	36543,324	36543,878	0,818	0,450	0,232	0,133	13,440	13,440	1,671	1,738	1,000	398,000	692,000	868,978	215,467
30,000	740,000	770,000	19,143	28,378	5,214	6,000	30,812	1,287	24,954	0,226	30,657	210,000	100723,098	100904,470	100905,470	100907,751	100907,952	100908,162	100908,697	36443,098	36544,470	36545,470	36547,751	36547,952	36548,162	36548,697	0,816	1,013	0,221	0,141	13,440	13,440	0,154	0,506	1,000	394,000	703,000	868,978	215,467
70,000	1010,000	1080,000	18,724	12,871	5,669	10,000	32,192	1,565	24,977	0,203	31,232	130,000	100723,098	100909,288	100910,289	100912,336	100912,537	100912,667	100913,558	36443,098	36549,289	36550,289	36552,336	36552,537	36552,667	36553,558	1,295	1,042	0,230	0,114	13,440	13,440	0,884	1,677	1,000	400,000	688,000	868,978	215,467
30,000	640,000	670,000	18,946	34,375	3,795	9,000	31,306	0,878	24,994	0,186	30,451	220,000	100723,098	100914,152	100915,152	100918,669	100918,869	100919,089	100919,517	36443,098	36554,152	36555,153	36558,669	36558,869	36559,089	36559,517	0,791	0,534	0,123	0,133	13,440	13,440	0,341	0,767	1,000	401,000	700,000	868,978	215,467
210,000	480,000	690,000	19,248	33,333	4,918	4,000	31,339	0,975	24,980	0,200	30,612	160,000	100723,098	100920,109	100921,109	100924,215	100924,427	100924,587	100924,917	36443,098	36560,109	36561,109	36564,215	36564,427	36564,587	36564,918	0,932	0,564	0,284	0,056	13,440	13,440	2,895	0,579	1,000	398,000	712,000	868,978	215,467
630,000	520,000	1150,000	19,321	48,077	5,799	7,000	32,098	1,071	24,308	0,872	32,049	250,000	100723,098	100926,489	100927,490	100928,964	100929,597	100929,847	100930,128	36443,098	36566,490	36567,490	36568,964	36569,597	36569,847	36570,128	0,984	0,619	0,874	0,459	13,440	13,440	1,209	1,163	1,000	385,000	703,000	868,978	215,467
30,000	130,000	160,000	19,086	0,000	1,941	0,000	28,634	0,154	25,178	0,002	28,680	0,000	100723,098	100930,720	100931,720	100933,185	100933,386	100933,386	100933,518	36443,098	36570,720	36571,720	36573,185	36573,386	36573,386	36573,518	0,058	0,143	0,000	0,003	13,440	13,440	1,284	NaN	1,000	380,000	686,000	868,978	215,467
30,000	1000,000	1030,000	19,143	15,000	2,146	15,000	27,689	0,834	25,003	0,177	27,284	150,000	100723,098	100934,104	100935,104	100938,756	100938,957	100939,107	100939,967	36443,098	36574,104	36575,104	36578,756	36578,957	36579,107	36579,967	0,563	0,648	0,114	0,141	13,440	13,440	0,182	0,577	1,000	392,000	701,000	868,978	215,467
30,000	660,000	690,000	19,063	24,242	3,341	7,000	30,307	1,139	24,910	0,270	30,517	160,000	100723,098	100940,561	100941,561	100943,742	100943,943	100944,103	100944,608	36443,098	36580,561	36581,561	36583,742	36583,943	36584,103	36584,608	0,592	0,957	0,226	0,164	13,440	13,440	0,055	0,631	1,000	393,000	698,000	868,978	215,467
30,000	40,000	70,000	18,406	0,000	0,556	0,000	30,764	0,025	25,178	0,002	30,801	0,000	100723,098	100945,201	100946,202	100949,267	100949,468	100949,468	100949,517	36443,098	36585,201	36586,202	36589,267	36589,468	36589,468	36589,517	0,000	0,029	0,000	0,003	13,440	13,440	0,025	NaN	1,000	403,000	675,000	868,978	215,467
110,000	20,000	130,000	18,546	0,000	0,000	0,000	30,502	0,000	25,180	0,000	30,502	0,000	100723,098	100950,107	100951,108	100953,598	100953,799	100953,799	100953,827	36443,098	36590,107	36591,108	36593,598	36593,799	36593,799	36593,827	0,000	0,000	0,000	0,000	13,440	13,440	NaN	NaN	1,000	400,000	679,000	868,978	215,467
300,000	270,000	570,000	18,847	33,333	17,401	2,000	33,156	1,178	25,110	0,070	34,075	90,000	100723,098	100954,423	100955,424	100959,273	100959,577	100959,667	100959,857	36443,098	36594,423	36595,424	36599,273	36599,577	36599,667	36599,858	0,704	0,929	0,138	0,044	13,440	13,440	1,703	0,218	1,000	404,000	698,000	868,978	215,467
630,000	220,000	850,000	19,142	54,545	1,249	3,000	29,745	0,183	25,090	0,090	29,631	120,000	100723,098	101000,446	101001,446	101004,908	101005,548	101005,667	101005,777	36443,098	36600,446	36601,446	36604,908	36605,548	36605,668	36605,777	0,171	0,113	0,088	0,057	13,440	13,440	0,245	0,629	1,000	390,000	699,000	868,978	215,467
30,000	440,000	470,000	18,944	59,091	3,601	2,000	30,829	0,546	24,846	0,334	30,803	260,000	100723,098	101006,363	101007,364	101008,554	101008,755	101009,015	101009,198	36443,098	36606,363	36607,364	36608,554	36608,755	36609,015	36609,198	0,310	0,451	0,189	0,282	13,440	13,440	0,161	0,542	1,000	388,000	687,000	868,978	215,467
30,000	20,000	50,000	18,884	0,000	0,000	0,000	29,834	0,000	25,180	0,000	29,834	0,000	100723,098	101009,789	101010,789	101014,474	101014,675	101014,675	101014,698	36443,098	36609,789	36610,789	36614,474	36614,675	36614,675	36614,698	0,000	0,000	0,000	0,000	13,440	13,440	NaN	NaN	1,000	398,000	694,000	868,978	215,467
860,000	90,000	950,000	19,203	0,000	2,769	0,000	29,596	0,168	25,177	0,004	29,668	0,000	100723,098	101015,288	101016,288	101019,928	101020,797	101020,797	101020,898	36443,098	36615,288	36616,288	36619,928	36620,797	36620,797	36620,898	0,058	0,144	0,000	0,003	13,440	13,440	2,198	NaN	1,000	393,000	705,000	868,978	215,467
30,000	710,000	740,000	18,804	25,352	4,103	8,000	30,292	1,059	24,797	0,383	29,629	180,000	100723,098	101021,487	101022,488	101025,348	101025,549	101025,729	101026,267	36443,098	36621,487	36622,488	36625,349	36625,549	36625,729	36626,267	0,675	0,816	0,114	0,360	13,440	13,440	1,608	2,094	1,000	399,000	691,000	868,978	215,467
560,000	310,000	870,000	19,142	67,742	3,593	2,000	28,632	0,477	24,771	0,409	28,544	210,000	100723,098	101026,861	101027,861	101029,771	101030,337	101030,547	101030,658	36443,098	36626,862	36627,861	36629,771	36630,337	36630,547	36630,658	0,169	0,451	0,114	0,404	13,440	13,440	0,712	1,289	1,000	388,000	697,000	868,978	215,467
30,000	560,000	590,000	18,787	69,643	5,319	3,000	34,998	1,029	24,291	0,889	34,892	390,000	100723,098	101031,250	101032,250	101036,219	101036,419	101036,809	101036,987	36443,098	36631,250	36632,251	36636,219	36636,419	36636,809	36636,987	1,127	0,479	1,010	0,394	13,440	13,440	0,696	0,023	1,000	406,000	697,000	868,978	215,467
90,000	70,000	160,000	18,691	0,000	0,814	0,000	30,673	0,040	25,180	0,000	30,648	0,000	100723,098	101037,579	101038,579	101040,331	101040,532	101040,532	101040,607	36443,098	36637,579	36638,579	36640,331	36640,532	36640,532	36640,608	0,030	0,029	0,000	0,000	13,440	13,440	0,287	NaN	1,000	412,000	698,000	868,978	215,467
30,000	20,000	50,000	18,466	0,000	0,000	0,000	30,828	0,000	25,180	0,000	30,828	0,000	100723,098	101041,205	101042,206	101044,493	101044,694	101044,694	101044,718	36443,098	36641,205	36642,206	36644,493	36644,694	36644,694	36644,718	0,000	0,000	0,000	0,000	13,440	13,440	NaN	NaN	1,000	407,000	682,000	868,978	215,467
30,000	210,000	240,000	18,926	95,238	2,831	0,000	31,024	0,251	24,931	0,249	31,024	200,000	100723,098	101045,309	101046,309	101048,420	101048,621	101048,821	101048,837	36443,098	36645,309	36646,309	36648,420	36648,621	36648,821	36648,837	0,255	0,141	0,254	0,141	13,440	13,440	NaN	0,339	1,000	402,000	700,000	868,978	215,467
30,000	550,000	580,000	18,810	21,818	8,853	6,000	36,307	1,732	25,028	0,152	34,762	120,000	100723,098	101049,435	101050,434	101054,425	101054,625	101054,746	101055,178	36443,098	36649,435	36650,434	36654,425	36654,626	36654,746	36655,178	1,576	0,984	0,134	0,099	13,440	13,440	0,401	0,380	1,000	408,000	700,000	868,978	215,467
90,000	30,000	120,000	18,170	0,000	0,000	0,000	31,626	0,000	25,180	0,000	31,626	0,000	100723,098	101055,771	101056,771	101058,386	101058,587	101058,587	101058,629	36443,098	36655,771	36656,771	36658,386	36658,587	36658,587	36658,629	0,000	0,000	0,000	0,000	13,440	13,440	NaN	NaN	1,000	420,000	680,000	868,978	215,467
30,000	490,000	520,000	18,746	36,735	5,358	4,000	32,561	0,917	24,736	0,444	32,530	180,000	100723,098	101059,217	101100,218	101103,871	101104,073	101104,253	101104,567	36443,098	36659,218	36660,218	36663,871	36664,073	36664,253	36664,567	0,648	0,676	0,354	0,322	13,440	13,440	1,840	2,343	1,000	405,000	694,000	868,978	215,467
30,000	140,000	170,000	18,806	92,857	0,625	0,000	30,599	0,058	25,124	0,056	30,599	130,000	100723,098	101105,158	101106,158	101109,991	101110,192	101110,322	101110,337	36443,098	36665,158	36666,158	36669,991	36670,192	36670,322	36670,337	0,114	0,000	0,113	0,000	13,440	13,440	NaN	0,471	1,000	403,000	695,000	868,978	215,467
30,000	340,000	370,000	18,785	29,412	1,812	4,000	29,666	0,297	25,024	0,156	29,524	100,000	100723,098	101110,927	101111,927	101115,886	101116,087	101116,187	101116,439	36443,098	36670,927	36671,927	36675,886	36676,087	36676,187	36676,439	0,225	0,198	0,106	0,114	13,440	13,440	0,930	1,412	1,000	401,000	692,000	868,978	215,467
2160,000	310,000	2470,000	19,043	64,516	0,969	3,000	29,358	0,189	25,040	0,140	29,427	200,000	100723,098	101117,030	101118,030	101120,086	101122,247	101122,447	101122,567	36443,098	36677,030	36678,030	36680,086	36682,247	36682,447	36682,567	0,084	0,169	0,086	0,113	13,440	13,440	0,216	0,588	1,000	388,000	692,000	868,978	215,467
30,000	150,000	180,000	19,043	93,333	1,957	0,000	29,150	0,178	25,005	0,175	29,150	140,000	100723,098	101123,156	101124,156	101125,604	101125,804	101125,944	101125,957	36443,098	36683,156	36684,156	36685,604	36685,804	36685,944	36685,957	0,056	0,172	0,056	0,169	13,440	13,440	NaN	1,748	1,000	394,000	698,000	868,978	215,467
