100,000	80,000	180,000	18,765	0,000	0,551	0,000	56,424	0,024	17,165	0,000	56,399	0,000	102636,682	102656,648	102657,648	102701,085	102701,286	102701,286	102701,370	37596,683	37616,648	37617,648	37621,085	37621,286	37621,286	37621,370	0,030	0,000	0,000	0,000	-13,440	13,440	0,053	NaN	1,000	1039,000	691,000	571,022	215,467
450,000	940,000	1390,000	0,566	15,957	56,544	10,000	51,082	20,711	13,197	3,968	54,346	150,000	102636,682	102704,670	102705,670	102707,635	102708,091	102708,241	102709,040	37596,683	37624,671	37625,670	37627,635	37628,091	37628,241	37629,040	13,953	15,781	2,308	3,768	-13,440	13,440	23,908	26,718	1,000	563,000	197,000	571,022	215,467
410,000	1020,000	1430,000	1,046	16,667	44,334	10,000	53,474	20,004	16,591	0,574	56,907	170,000	102636,682	102711,518	102712,518	102714,507	102714,921	102715,091	102715,950	37596,683	37631,518	37632,518	37634,507	37634,921	37635,091	37635,950	14,825	13,670	0,434	0,471	-13,440	13,440	0,106	0,080	1,000	534,000	212,000	571,022	215,467
130,000	1300,000	1430,000	0,509	9,231	37,885	14,000	53,991	18,573	17,012	0,153	57,219	120,000	102636,682	102717,714	102718,714	102721,646	102721,847	102721,967	102723,150	37596,683	37637,714	37638,714	37641,646	37641,847	37641,967	37643,150	13,988	12,426	0,174	0,041	-13,440	13,440	8,261	0,752	1,000	553,000	217,000	571,022	215,467
30,000	590,000	620,000	19,285	20,339	3,560	6,000	57,281	1,208	16,942	0,224	59,266	120,000	102636,682	102725,983	102726,983	102728,352	102728,553	102728,673	102729,150	37596,683	37645,983	37646,983	37648,352	37648,553	37648,673	37649,150	0,225	1,945	0,058	0,345	-13,440	13,440	0,302	1,716	1,000	1066,000	690,000	571,022	215,467
30,000	1400,000	1430,000	0,317	16,429	44,669	12,000	54,045	20,958	16,878	0,287	56,683	230,000	102636,682	102733,330	102734,330	102736,178	102736,379	102736,609	102737,781	37596,683	37653,330	37654,330	37656,179	37656,379	37656,609	37657,781	16,059	13,616	0,253	0,186	-13,440	13,440	0,185	1,047	1,000	567,000	226,000	571,022	215,467
490,000	940,000	1430,000	0,282	15,957	28,967	14,000	53,912	17,800	14,549	2,616	57,163	150,000	102636,682	102739,788	102740,788	102742,077	102742,572	102742,722	102743,520	37596,683	37659,788	37660,788	37662,077	37662,572	37662,722	37663,520	13,098	12,261	2,010	1,813	-13,440	13,440	8,514	16,341	1,000	561,000	215,000	571,022	215,467
510,000	920,000	1430,000	0,415	29,348	32,344	9,000	54,124	18,589	13,718	3,448	56,646	270,000	102636,682	102746,372	102747,372	102750,448	102750,961	102751,231	102751,890	37596,683	37666,373	37667,372	37670,448	37670,961	37671,231	37671,890	13,895	12,724	2,663	2,419	-13,440	13,440	3,164	14,291	1,000	559,000	224,000	571,022	215,467
30,000	20,000	50,000	18,987	0,000	0,000	0,000	58,072	0,000	17,165	0,000	58,072	0,000	102636,682	102755,624	102756,624	102759,062	102759,263	102759,263	102759,291	37596,683	37675,624	37676,624	37679,062	37679,263	37679,263	37679,291	0,000	0,000	0,000	0,000	-13,440	13,440	NaN	NaN	1,000	1072,000	668,000	571,022	215,467
480,000	950,000	1430,000	1,206	21,053	34,930	8,000	54,221	19,694	14,156	3,010	56,069	200,000	102636,682	102802,325	102803,325	102806,449	102806,930	102807,130	102807,890	37596,683	37682,325	37683,325	37686,449	37686,930	37687,130	37687,890	14,936	12,939	2,138	2,306	-13,440	13,440	14,351	16,232	1,000	529,000	224,000	571,022	215,467
490,000	940,000	1430,000	0,851	32,979	31,742	6,000	54,767	18,781	13,395	3,771	56,985	310,000	102636,682	102809,706	102810,706	102814,503	102815,001	102815,311	102815,950	37596,683	37689,706	37690,706	37694,503	37695,001	37695,311	37695,950	14,434	12,291	2,998	2,587	-13,440	13,440	4,025	17,085	1,000	552,000	239,000	571,022	215,467
30,000	20,000	50,000	19,384	0,000	0,000	0,000	57,021	0,000	17,165	0,000	57,021	0,000	102636,682	102817,954	102818,954	102820,693	102820,894	102820,894	102820,920	37596,683	37697,954	37698,954	37700,693	37700,894	37700,894	37700,920	0,000	0,000	0,000	0,000	-13,440	13,440	NaN	NaN	1,000	1068,000	693,000	571,022	215,467
30,000	20,000	50,000	18,531	0,000	0,000	0,000	57,409	0,000	17,165	0,000	57,409	0,000	102636,682	102823,894	102824,894	102827,380	102827,581	102827,581	102827,610	37596,683	37703,894	37704,894	37707,380	37707,581	37707,581	37707,610	0,000	0,000	0,000	0,000	-13,440	13,440	NaN	NaN	1,000	1048,000	670,000	571,022	215,467
100,000	20,000	120,000	19,491	0,000	0,000	0,000	57,391	0,000	17,165	0,000	57,391	0,000	102636,682	102830,446	102831,446	102834,567	102834,768	102834,768	102834,791	37596,683	37710,446	37711,446	37714,567	37714,768	37714,768	37714,791	0,000	0,000	0,000	0,000	-13,440	13,440	NaN	NaN	1,000	1077,000	689,000	571,022	215,467
160,000	20,000	180,000	19,603	0,000	0,000	0,000	56,980	0,000	17,165	0,000	56,980	0,000	102636,682	102837,441	102838,440	102839,964	102840,165	102840,165	102840,190	37596,683	37717,441	37718,440	37719,964	37720,165	37720,165	37720,190	0,000	0,000	0,000	0,000	-13,440	13,440	NaN	NaN	1,000	1074,000	698,000	571,022	215,467
590,000	840,000	1430,000	1,287	15,476	32,472	12,000	53,759	19,109	14,245	2,921	56,586	130,000	102636,682	102841,252	102842,253	102844,098	102844,691	102844,821	102845,540	37596,683	37721,252	37722,253	37724,098	37724,691	37724,821	37725,540	14,092	13,011	2,103	2,251	-13,440	13,440	18,366	23,014	1,000	527,000	203,000	571,022	215,467
660,000	770,000	1430,000	0,389	19,481	28,798	10,000	52,529	17,607	14,655	2,511	55,493	150,000	102636,682	102847,137	102848,137	102849,789	102850,450	102850,600	102851,230	37596,683	37727,137	37728,137	37729,789	37730,450	37730,600	37731,230	12,480	12,887	1,729	2,013	-13,440	13,440	4,229	16,196	1,000	580,000	226,000	571,022	215,467
420,000	970,000	1390,000	1,007	11,340	36,353	8,000	52,867	20,408	16,898	0,267	56,433	110,000	102636,682	102852,839	102853,839	102857,376	102857,800	102857,910	102858,780	37596,683	37732,839	37733,839	37737,376	37737,800	37737,910	37738,780	14,964	14,120	0,199	0,249	-13,440	13,440	0,738	1,009	1,000	536,000	208,000	571,022	215,467
450,000	930,000	1380,000	1,171	17,204	38,804	7,000	53,668	19,431	14,325	2,841	56,197	160,000	102636,682	102900,470	102901,470	102903,329	102903,782	102903,942	102904,721	37596,683	37740,470	37741,470	37743,329	37743,782	37743,942	37744,721	14,373	13,247	2,075	2,137	-13,440	13,440	20,772	19,700	1,000	531,000	204,000	571,022	215,467
420,000	1010,000	1430,000	0,540	19,802	37,128	10,000	53,859	19,553	13,486	3,680	54,844	200,000	102636,682	102907,149	102908,150	102910,896	102911,320	102911,520	102912,340	37596,683	37747,149	37748,150	37750,896	37751,320	37751,520	37752,340	14,594	13,289	2,272	3,479	-13,440	13,440	19,739	24,027	1,000	552,000	218,000	571,022	215,467
520,000	700,000	1220,000	0,373	20,000	49,345	6,000	53,921	19,003	13,900	3,265	56,085	140,000	102636,682	102913,985	102914,985	102917,990	102918,520	102918,660	102919,231	37596,683	37753,985	37754,985	37757,990	37758,520	37758,660	37759,232	14,095	12,912	2,264	2,694	-13,440	13,440	22,451	26,686	1,000	558,000	218,000	571,022	215,467
530,000	900,000	1430,000	0,134	15,556	44,149	7,000	53,096	18,238	14,168	2,997	55,492	140,000	102636,682	102921,042	102922,042	102923,510	102924,050	102924,190	102924,961	37596,683	37761,042	37762,042	37763,510	37764,051	37764,191	37764,961	13,226	12,848	2,030	2,568	-13,440	13,440	21,635	23,681	1,000	567,000	218,000	571,022	215,467
450,000	820,000	1270,000	1,080	18,293	44,714	4,000	53,159	20,009	14,415	2,751	55,356	150,000	102636,682	102926,776	102927,776	102929,619	102930,071	102930,221	102930,900	37596,683	37766,776	37767,776	37769,619	37770,071	37770,221	37770,900	14,745	13,675	1,810	2,360	-13,440	13,440	15,301	21,203	1,000	533,000	210,000	571,022	215,467
450,000	980,000	1430,000	0,015	28,571	42,367	8,000	53,344	19,028	10,625	6,541	54,205	280,000	102636,682	102932,520	102933,520	102935,201	102935,660	102935,940	102936,650	37596,683	37772,520	37773,520	37775,201	37775,660	37775,940	37776,650	13,900	13,325	4,282	5,671	-13,440	13,440	26,862	30,749	1,000	571,000	216,000	571,022	215,467
400,000	830,000	1230,000	0,059	59,036	55,898	3,000	53,206	19,281	0,040	17,125	53,318	490,000	102636,682	102938,290	102939,290	102943,009	102943,411	102943,901	102944,250	37596,683	37778,290	37779,290	37783,009	37783,411	37783,901	37784,250	13,982	13,474	12,323	12,361	-13,440	13,440	21,816	22,769	1,000	569,000	216,000	571,022	215,467
210,000	20,000	230,000	19,600	0,000	0,000	0,000	56,086	0,000	17,165	0,000	56,086	0,000	102636,682	102945,988	102946,988	102950,389	102950,600	102950,600	102950,631	37596,683	37785,988	37786,988	37790,389	37790,600	37790,600	37790,631	0,000	0,000	0,000	0,000	-13,440	13,440	NaN	NaN	1,000	1060,000	712,000	571,022	215,467
470,000	20,000	490,000	19,719	0,000	0,000	0,000	56,012	0,000	17,165	0,000	56,012	0,000	102636,682	102953,669	102954,669	102955,905	102956,380	102956,380	102956,410	37596,683	37793,669	37794,669	37795,905	37796,380	37796,380	37796,410	0,000	0,000	0,000	0,000	-13,440	13,440	NaN	NaN	1,000	1062,000	716,000	571,022	215,467
410,000	110,000	520,000	20,057	0,000	3,179	0,000	56,396	0,216	17,162	0,004	56,576	0,000	102636,682	102958,683	102959,684	103002,048	103002,460	103002,460	103002,580	37596,683	37798,683	37799,684	37802,048	37802,460	37802,460	37802,580	0,115	0,173	0,000	0,003	-13,440	13,440	2,457	NaN	1,000	1079,000	716,000	571,022	215,467
30,000	20,000	50,000	18,764	0,000	0,000	0,000	56,501	0,000	17,165	0,000	56,501	0,000	102636,682	103005,242	103006,242	103009,779	103009,980	103009,980	103010,010	37596,683	37805,242	37806,242	37809,779	37809,980	37809,980	37810,010	0,000	0,000	0,000	0,000	-13,440	13,440	NaN	NaN	1,000	1041,000	689,000	571,022	215,467
410,000	150,000	560,000	20,057	93,333	1,388	0,000	56,126	0,142	17,026	0,140	56,126	140,000	102636,682	103012,681	103013,681	103014,746	103015,161	103015,301	103015,321	37596,683	37812,681	37813,681	37814,746	37815,161	37815,301	37815,321	0,114	0,086	0,113	0,085	-13,440	13,440	NaN	1,271	1,000	1074,000	721,000	571,022	215,467
340,000	1090,000	1430,000	0,146	17,431	45,349	8,000	53,132	19,559	16,660	0,506	57,032	190,000	102636,682	103018,005	103019,005	103021,730	103022,081	103022,271	103023,180	37596,683	37818,005	37819,005	37821,730	37822,081	37822,271	37823,180	14,174	13,904	0,355	0,478	-13,440	13,440	3,463	1,031	1,000	576,000	217,000	571,022	215,467
450,000	840,000	1290,000	0,257	60,714	47,469	3,000	52,403	19,742	0,571	16,594	52,542	510,000	102636,682	103024,879	103025,879	103027,143	103027,602	103028,112	103028,450	37596,683	37824,879	37825,879	37827,143	37827,602	37828,112	37828,450	14,150	14,006	11,729	12,288	-13,440	13,440	29,716	29,346	1,000	562,000	214,000	571,022	215,467
460,000	790,000	1250,000	0,550	16,456	56,410	7,000	53,764	19,109	13,810	3,355	55,025	130,000	102636,682	103030,162	103031,163	103033,127	103033,590	103033,720	103034,390	37596,683	37830,162	37831,163	37833,127	37833,590	37833,720	37834,390	14,177	12,967	2,167	3,004	-13,440	13,440	27,936	27,744	1,000	552,000	211,000	571,022	215,467
410,000	810,000	1220,000	0,173	71,605	57,717	4,000	53,497	18,737	0,823	17,989	53,547	580,000	102636,682	103035,710	103036,710	103040,575	103040,990	103041,570	103041,811	37596,683	37835,710	37836,710	37840,575	37840,990	37841,570	37841,811	13,584	12,994	12,983	12,670	-13,440	13,440	4,678	5,194	1,000	566,000	219,000	571,022	215,467
400,000	1030,000	1430,000	0,184	32,039	49,358	8,000	52,988	18,793	5,366	11,799	52,142	330,000	102636,682	103043,292	103044,292	103047,171	103047,581	103047,911	103048,620	37596,683	37843,292	37844,292	37847,172	37847,581	37847,911	37848,620	13,388	13,387	7,506	9,921	-13,440	13,440	40,079	40,045	1,000	572,000	209,000	571,022	215,467
330,000	840,000	1170,000	0,823	16,667	52,111	4,000	52,714	21,313	16,751	0,414	56,369	140,000	102636,682	103050,349	103051,349	103052,425	103052,761	103052,901	103053,610	37596,683	37850,349	37851,349	37852,425	37852,761	37852,901	37853,610	15,585	14,796	0,348	0,322	-13,440	13,440	3,967	1,150	1,000	543,000	207,000	571,022	215,467
440,000	800,000	1240,000	0,340	48,750	49,972	2,000	52,130	19,442	5,145	12,021	51,589	390,000	102636,682	103055,443	103056,442	103057,553	103058,002	103058,392	103058,810	37596,683	37855,443	37856,442	37857,553	37858,002	37858,392	37858,810	13,812	14,063	7,624	10,335	-13,440	13,440	42,283	44,221	1,000	583,000	217,000	571,022	215,467
500,000	590,000	1090,000	0,368	20,339	57,951	2,000	53,797	18,717	14,106	3,060	56,451	120,000	102636,682	103100,628	103101,628	103104,020	103104,530	103104,650	103105,130	37596,683	37860,628	37861,628	37864,020	37864,530	37864,650	37865,130	13,672	12,940	2,083	2,536	-13,440	13,440	20,452	27,399	1,000	562,000	206,000	571,022	215,467
520,000	910,000	1430,000	0,262	57,143	42,729	6,000	53,655	18,049	0,996	16,170	53,255	520,000	102636,682	103107,179	103108,180	103111,658	103112,180	103112,700	103113,100	37596,683	37867,179	37868,180	37871,658	37872,180	37872,700	37873,100	13,032	12,656	11,309	12,074	-13,440	13,440	21,661	21,587	1,000	580,000	213,000	571,022	215,467
570,000	670,000	1240,000	1,151	98,507	51,019	0,000	52,747	19,933	2,766	19,931	52,747	660,000	102636,682	103114,552	103115,551	103117,915	103118,490	103119,150	103119,170	37596,683	37874,552	37875,551	37877,915	37878,490	37879,150	37879,170	14,488	13,924	14,488	13,924	-13,440	13,440	NaN	4,199	1,000	534,000	198,000	571,022	215,467
