380,000	900,000	1280,000	0,397	15,556	39,986	10,000	38,453	17,820	21,447	3,733	36,050	140,000	103702,273	103743,311	103744,311	103745,618	103746,009	103746,149	103746,918	38222,273	38263,311	38264,312	38265,618	38266,009	38266,149	38266,918	12,910	12,522	3,447	2,225	13,440	13,440	22,303	28,619	1,000	865,000	229,000	868,978	215,467
300,000	760,000	1060,000	0,536	26,316	54,905	4,000	38,162	17,576	17,885	7,295	37,019	200,000	103702,273	103756,713	103757,713	103759,688	103759,997	103760,197	103800,767	38222,273	38276,713	38277,713	38279,688	38279,997	38280,197	38280,767	12,546	12,488	5,672	5,106	13,440	13,440	43,067	42,508	1,000	886,000	224,000	868,978	215,467
350,000	610,000	960,000	1,202	49,180	66,042	3,000	39,251	18,579	11,178	14,002	38,673	300,000	103702,273	103804,249	103805,249	103806,967	103807,328	103807,628	103807,947	38222,273	38284,249	38285,249	38286,967	38287,328	38287,628	38287,947	13,871	12,855	10,670	9,853	13,440	13,440	50,040	49,479	1,000	908,000	198,000	868,978	215,467
150,000	580,000	730,000	0,810	98,276	65,534	0,000	37,843	17,672	7,508	17,672	37,843	570,000	103702,273	103811,197	103812,197	103814,571	103814,773	103815,342	103815,357	38222,273	38291,197	38292,197	38294,571	38294,773	38295,343	38295,357	13,360	12,263	13,360	12,264	13,440	13,440	NaN	5,431	1,000	865,000	244,000	868,978	215,467
380,000	520,000	900,000	1,343	61,538	73,183	2,000	38,771	18,382	9,337	15,843	39,575	320,000	103702,273	103818,570	103819,570	103820,622	103821,007	103821,327	103821,537	38222,273	38298,570	38299,570	38300,622	38301,007	38301,327	38301,537	13,022	13,051	11,848	10,949	13,440	13,440	45,661	46,497	1,000	910,000	191,000	868,978	215,467
320,000	780,000	1100,000	1,338	16,667	59,828	6,000	37,455	16,077	21,133	4,047	34,545	130,000	103702,273	103826,823	103827,823	103831,097	103831,428	103831,557	103832,218	38222,273	38306,823	38307,823	38311,097	38311,428	38311,558	38312,218	11,139	11,673	2,712	3,165	13,440	13,440	31,332	30,797	1,000	822,000	223,000	868,978	215,467
320,000	580,000	900,000	2,127	55,172	75,880	3,000	40,035	18,701	8,779	16,401	40,001	320,000	103702,273	103835,338	103836,338	103838,491	103838,819	103839,139	103839,408	38222,273	38315,338	38316,338	38318,491	38318,819	38319,139	38319,408	13,980	12,684	12,480	11,161	13,440	13,440	45,866	45,705	1,000	944,000	206,000	868,978	215,467
360,000	540,000	900,000	0,398	61,111	64,116	2,000	38,338	17,712	10,851	14,329	38,402	330,000	103702,273	103842,039	103843,041	103845,788	103846,158	103846,488	103846,707	38222,273	38322,039	38323,041	38325,788	38326,158	38326,488	38326,707	12,658	12,548	10,574	10,097	13,440	13,440	33,306	39,467	1,000	881,000	208,000	868,978	215,467
420,000	560,000	980,000	0,297	23,214	72,183	6,000	37,785	17,608	19,376	5,804	35,413	130,000	103702,273	103849,612	103850,613	103854,582	103855,009	103855,139	103855,577	38222,273	38329,612	38330,613	38334,582	38335,009	38335,139	38335,578	12,348	12,600	4,082	4,386	13,440	13,440	46,815	45,375	1,000	859,000	212,000	868,978	215,467
300,000	630,000	930,000	1,942	76,190	87,734	2,000	38,413	19,548	5,752	19,428	38,394	480,000	103702,273	103857,234	103858,234	103901,779	103902,087	103902,567	103902,727	38222,273	38337,234	38338,234	38341,779	38342,087	38342,567	38342,727	14,204	13,866	14,120	13,781	13,440	13,440	1,535	1,089	1,000	915,000	164,000	868,978	215,467
330,000	510,000	840,000	1,084	84,314	85,647	2,000	36,359	18,691	6,628	18,552	36,322	430,000	103702,273	103904,207	103905,208	103907,028	103907,367	103907,797	103907,888	38222,273	38344,207	38345,208	38347,028	38347,367	38347,797	38347,888	12,658	13,838	12,531	13,787	13,440	13,440	2,179	0,023	1,000	843,000	187,000	868,978	215,467
270,000	960,000	1230,000	0,385	19,792	40,413	10,000	38,221	17,432	19,706	5,474	35,117	190,000	103702,273	103909,301	103910,302	103913,833	103914,108	103914,298	103915,078	38222,273	38349,301	38350,302	38353,833	38354,108	38354,298	38355,078	12,798	12,179	4,125	3,947	13,440	13,440	30,442	30,145	1,000	871,000	229,000	868,978	215,467
260,000	620,000	880,000	0,614	62,903	80,075	3,000	38,602	17,446	8,786	16,394	38,606	390,000	103702,273	103916,547	103917,548	103920,447	103920,718	103921,108	103921,347	38222,273	38356,547	38357,548	38360,447	38360,718	38361,108	38361,347	12,377	12,376	11,727	11,660	13,440	13,440	24,423	24,099	1,000	873,000	194,000	868,978	215,467
260,000	510,000	770,000	1,611	49,020	73,064	3,000	39,394	18,890	11,831	13,349	38,163	250,000	103702,273	103922,910	103923,910	103926,584	103926,847	103927,097	103927,368	38222,273	38362,910	38363,910	38366,584	38366,847	38367,097	38367,368	14,316	12,771	10,116	9,469	13,440	13,440	64,170	61,543	1,000	926,000	210,000	868,978	215,467
310,000	460,000	770,000	0,967	97,826	78,573	0,000	38,413	18,706	6,475	18,705	38,413	450,000	103702,273	103928,728	103929,728	103930,978	103931,297	103931,747	103931,768	38222,273	38368,728	38369,728	38370,978	38371,297	38371,747	38371,768	13,782	12,993	13,781	12,994	13,440	13,440	NaN	6,074	1,000	898,000	197,000	868,978	215,467
270,000	490,000	760,000	0,631	26,531	74,830	2,000	38,028	16,706	19,955	5,225	35,599	130,000	103702,273	103933,958	103934,958	103936,713	103936,988	103937,117	103937,487	38222,273	38373,958	38374,958	38376,713	38376,988	38377,118	38377,487	11,676	11,957	3,591	3,940	13,440	13,440	34,698	37,477	1,000	847,000	211,000	868,978	215,467
290,000	480,000	770,000	0,338	29,167	72,229	2,000	39,154	16,994	19,232	5,948	37,275	140,000	103702,273	103943,367	103944,368	103947,592	103947,889	103948,029	103948,377	38222,273	38383,367	38384,368	38387,592	38387,889	38388,029	38388,377	12,155	11,899	4,385	4,331	13,440	13,440	35,410	39,527	1,000	881,000	216,000	868,978	215,467
300,000	380,000	680,000	1,057	36,842	74,519	2,000	38,568	16,619	18,396	6,784	36,981	140,000	103702,273	103954,435	103955,435	103958,393	103958,698	103958,838	103959,087	38222,273	38394,435	38395,435	38398,393	38398,698	38398,838	38399,087	12,012	11,563	5,093	4,826	13,440	13,440	35,500	50,630	1,000	852,000	249,000	868,978	215,467
340,000	410,000	750,000	0,596	97,561	87,421	0,000	39,023	17,215	7,969	17,211	39,023	400,000	103702,273	104001,566	104002,566	104004,130	104004,477	104004,877	104004,897	38222,273	38401,566	38402,566	38404,130	38404,477	38404,877	38404,897	12,039	12,292	12,038	12,289	13,440	13,440	NaN	3,364	1,000	881,000	198,000	868,978	215,467
290,000	790,000	1080,000	0,488	17,722	60,144	8,000	38,039	16,571	20,256	4,924	36,069	140,000	103702,273	104006,807	104007,808	104011,281	104011,578	104011,718	104012,378	38222,273	38406,807	38407,808	38411,281	38411,578	38411,718	38412,378	11,531	11,926	3,542	3,650	13,440	13,440	34,701	32,196	1,000	852,000	219,000	868,978	215,467
330,000	480,000	810,000	1,993	97,917	78,118	0,000	38,392	18,752	6,429	18,751	38,392	470,000	103702,273	104013,737	104014,739	104016,082	104016,418	104016,888	104016,908	38222,273	38413,737	38414,739	38416,082	38416,418	38416,888	38416,908	12,743	13,669	12,743	13,670	13,440	13,440	NaN	6,268	1,000	909,000	157,000	868,978	215,467
260,000	480,000	740,000	0,200	87,500	57,774	2,000	39,169	16,326	9,131	16,049	39,253	420,000	103702,273	104018,503	104019,503	104022,135	104022,397	104022,817	104022,887	38222,273	38418,503	38419,503	38422,135	38422,397	38422,817	38422,888	11,338	11,707	11,236	11,515	13,440	13,440	3,922	20,877	1,000	866,000	209,000	868,978	215,467
30,000	890,000	920,000	2,148	19,101	48,078	6,000	39,356	15,640	24,618	0,563	35,448	170,000	103702,273	104024,867	104025,867	104029,724	104029,925	104030,095	104030,818	38222,273	38424,867	38425,867	38429,724	38429,925	38430,095	38430,818	11,477	10,887	0,639	0,243	13,440	13,440	2,531	2,008	1,000	810,000	264,000	868,978	215,467
310,000	430,000	740,000	2,096	81,395	99,051	2,000	41,248	19,166	6,073	19,107	41,190	350,000	103702,273	104032,846	104033,846	104036,164	104036,477	104036,827	104036,917	38222,273	38432,846	38433,847	38436,164	38436,478	38436,828	38436,917	14,346	12,740	14,284	12,743	13,440	13,440	1,368	2,114	1,000	937,000	185,000	868,978	215,467
320,000	700,000	1020,000	0,786	91,429	63,143	3,000	38,076	16,674	8,529	16,651	38,101	640,000	103702,273	104038,212	104039,213	104043,086	104043,408	104044,048	104044,117	38222,273	38438,212	38439,213	38443,086	38443,408	38444,048	38444,117	11,278	12,235	11,278	12,207	13,440	13,440	0,084	0,317	1,000	848,000	197,000	868,978	215,467
430,000	510,000	940,000	0,075	84,314	74,508	2,000	39,575	16,364	9,159	16,022	39,582	430,000	103702,273	104045,395	104046,395	104048,922	104049,357	104049,787	104049,877	38222,273	38445,395	38446,396	38448,922	38449,357	38449,787	38449,877	11,561	11,533	11,313	11,396	13,440	13,440	2,769	5,487	1,000	870,000	213,000	868,978	215,467
300,000	490,000	790,000	0,438	28,571	86,954	4,000	39,261	17,082	18,369	6,811	37,202	140,000	103702,273	104051,424	104052,424	104055,300	104055,607	104055,747	104056,108	38222,273	38451,424	38452,424	38455,300	38455,607	38455,747	38456,108	12,347	11,869	4,902	5,045	13,440	13,440	51,179	48,690	1,000	882,000	224,000	868,978	215,467
30,000	20,000	50,000	18,729	0,000	0,000	0,000	29,854	0,000	25,180	0,000	29,854	0,000	103702,273	104058,490	104059,491	104100,524	104100,724	104100,724	104100,747	38222,273	38458,490	38459,491	38460,524	38460,724	38460,724	38460,747	0,000	0,000	0,000	0,000	13,440	13,440	NaN	NaN	1,000	388,000	676,000	868,978	215,467
300,000	770,000	1070,000	0,298	20,779	77,764	8,000	38,040	17,003	16,978	8,202	36,366	160,000	103702,273	104103,720	104104,720	104105,986	104106,287	104106,447	104107,067	38222,273	38463,720	38464,720	38465,986	38466,287	38466,447	38467,067	12,037	12,094	5,817	6,164	13,440	13,440	50,088	48,217	1,000	859,000	219,000	868,978	215,467
320,000	690,000	1010,000	0,630	20,290	65,398	6,000	39,157	17,428	20,460	4,721	35,835	140,000	103702,273	104115,345	104116,345	104120,214	104120,537	104120,677	104121,237	38222,273	38475,345	38476,345	38480,214	38480,537	38480,677	38481,237	13,023	11,874	3,657	3,320	13,440	13,440	27,101	30,658	1,000	886,000	230,000	868,978	215,467
330,000	490,000	820,000	0,327	34,694	66,686	2,000	39,486	15,778	16,205	8,975	38,981	170,000	103702,273	104124,138	104125,138	104128,890	104129,227	104129,397	104129,729	38222,273	38484,138	38485,138	38488,890	38489,227	38489,397	38489,729	10,631	11,447	6,118	6,692	13,440	13,440	54,835	55,676	1,000	861,000	207,000	868,978	215,467
300,000	430,000	730,000	0,986	41,860	64,454	4,000	38,380	18,060	15,618	9,562	37,196	180,000	103702,273	104131,258	104132,258	104134,042	104134,348	104134,528	104134,787	38222,273	38491,258	38492,258	38494,043	38494,348	38494,528	38494,787	13,111	12,804	7,248	6,941	13,440	13,440	39,409	57,761	1,000	895,000	192,000	868,978	215,467
300,000	420,000	720,000	0,256	97,619	75,203	0,000	37,725	17,204	7,974	17,206	37,725	410,000	103702,273	104136,677	104137,678	104139,466	104139,768	104140,178	104140,198	38222,273	38496,677	38497,679	38499,466	38499,768	38500,178	38500,198	12,095	12,319	12,096	12,321	13,440	13,440	NaN	11,802	1,000	860,000	217,000	868,978	215,467
380,000	500,000	880,000	1,631	30,000	69,453	2,000	40,540	17,876	17,707	7,473	38,477	150,000	103702,273	104141,970	104142,970	104146,247	104146,638	104146,788	104147,147	38222,273	38501,970	38502,971	38506,247	38506,638	38506,788	38507,147	13,277	12,065	5,604	5,289	13,440	13,440	52,866	49,465	1,000	926,000	205,000	868,978	215,467
320,000	930,000	1250,000	0,309	19,355	65,043	8,000	38,518	16,762	15,049	10,131	37,458	180,000	103702,273	104149,279	104150,279	104152,656	104152,979	104153,159	104153,918	38222,273	38509,279	38510,279	38512,656	38512,979	38513,159	38513,918	11,505	12,066	6,888	7,583	13,440	13,440	62,076	61,459	1,000	858,000	215,000	868,978	215,467
350,000	520,000	870,000	0,669	40,385	67,608	4,000	37,754	17,330	13,093	12,087	37,243	210,000	103702,273	104206,984	104207,984	104209,693	104210,048	104210,258	104210,578	38222,273	38526,984	38527,984	38529,693	38530,048	38530,258	38530,578	11,868	12,574	8,402	8,945	13,440	13,440	51,193	54,138	1,000	865,000	192,000	868,978	215,467
260,000	540,000	800,000	0,306	25,926	65,495	6,000	38,128	17,685	18,778	6,402	36,436	140,000	103702,273	104212,150	104213,150	104216,452	104216,717	104216,857	104217,267	38222,273	38532,150	38533,150	38536,453	38536,718	38536,858	38537,267	12,240	12,747	4,517	4,791	13,440	13,440	42,506	47,872	1,000	872,000	205,000	868,978	215,467
270,000	600,000	870,000	0,310	23,333	58,444	4,000	38,762	17,313	20,581	4,599	34,841	140,000	103702,273	104219,049	104220,050	104222,660	104222,937	104223,077	104223,547	38222,273	38539,049	38540,050	38542,660	38542,938	38543,078	38543,547	12,659	12,040	3,145	3,530	13,440	13,440	30,332	34,533	1,000	880,000	216,000	868,978	215,467
300,000	740,000	1040,000	0,573	18,919	63,782	6,000	37,779	17,478	20,371	4,809	34,660	140,000	103702,273	104225,046	104226,046	104228,650	104228,958	104229,098	104229,707	38222,273	38545,046	38546,046	38548,650	38548,958	38549,098	38549,707	12,152	12,656	3,168	3,776	13,440	13,440	34,293	31,589	1,000	863,000	196,000	868,978	215,467
270,000	630,000	900,000	0,093	22,222	63,525	2,000	38,314	17,373	19,584	5,596	36,512	140,000	103702,273	104231,431	104232,431	104234,430	104234,709	104234,849	104235,347	38222,273	38551,431	38552,431	38554,430	38554,709	38554,849	38555,347	12,206	12,404	4,124	4,078	13,440	13,440	42,631	40,247	1,000	866,000	214,000	868,978	215,467
