200,000	560,000	760,000	1,630	19,643	20,865	5,000	74,047	1,511	25,166	0,014	75,407	110,000	84642,098	84704,681	84705,681	84708,492	84708,702	84708,812	84709,271	31602,098	31624,681	31625,681	31628,492	31628,702	31628,812	31629,271	1,269	1,092	0,000	0,057	13,440	13,440	11,138	0,074	1,000	876,000	273,000	868,978	215,467
30,000	20,000	50,000	18,725	0,000	0,000	0,000	30,200	0,000	25,180	0,000	30,200	0,000	84642,098	84712,719	84713,719	84715,080	84715,280	84715,280	84715,302	31602,098	31632,719	31633,719	31635,080	31635,280	31635,280	31635,302	0,000	0,000	0,000	0,000	13,440	13,440	NaN	NaN	1,000	401,000	689,000	868,978	215,467
510,000	890,000	1400,000	0,318	39,326	35,485	8,000	38,407	18,000	17,033	8,147	35,558	350,000	84642,098	84718,769	84719,769	84722,428	84722,942	84723,292	84723,841	31602,098	31638,769	31639,769	31642,428	31642,942	31643,292	31643,841	13,473	12,465	6,121	5,830	13,440	13,440	19,043	23,041	1,000	880,000	218,000	868,978	215,467
330,000	1100,000	1430,000	0,270	13,636	34,258	12,000	36,957	18,224	25,072	0,108	30,749	150,000	84642,098	84725,195	84726,195	84729,830	84730,171	84730,321	84731,281	31602,098	31645,195	31646,195	31649,831	31650,171	31650,321	31651,281	13,051	13,163	0,070	0,109	13,440	13,440	0,126	0,093	1,000	868,000	225,000	868,978	215,467
1730,000	160,000	1890,000	14,629	0,000	18,236	0,000	32,323	2,136	25,173	0,007	30,775	0,000	84642,098	84732,272	84733,272	84734,366	84736,101	84736,101	84736,271	31602,098	31652,272	31653,272	31654,366	31656,101	31656,101	31656,271	1,606	1,567	0,005	0,005	13,440	13,440	14,533	NaN	1,000	507,000	589,000	868,978	215,467
900,000	530,000	1430,000	0,749	28,302	46,777	5,000	36,851	16,422	22,013	3,167	33,120	150,000	84642,098	84738,700	84739,701	84740,753	84741,661	84741,811	84742,201	31602,098	31658,700	31659,701	31660,753	31661,661	31661,811	31662,202	11,910	11,867	2,491	2,342	13,440	13,440	1,089	25,885	1,000	852,000	236,000	868,978	215,467
570,000	860,000	1430,000	0,644	22,093	48,866	7,000	36,616	17,421	19,892	5,288	33,174	190,000	84642,098	84743,824	84744,824	84747,231	84747,812	84748,002	84748,682	31602,098	31663,824	31664,824	31667,231	31667,812	31668,002	31668,682	12,557	12,542	3,910	3,948	13,440	13,440	25,299	30,148	1,000	857,000	235,000	868,978	215,467
30,000	990,000	1020,000	0,729	12,121	49,029	8,000	36,999	17,821	25,110	0,070	29,727	120,000	84642,098	84750,807	84751,807	84754,213	84754,414	84754,534	84755,412	31602,098	31670,807	31671,808	31674,214	31674,414	31674,534	31675,412	13,079	12,685	0,057	0,048	13,440	13,440	3,119	0,217	1,000	849,000	232,000	868,978	215,467
510,000	920,000	1430,000	0,196	17,391	43,231	11,000	37,826	18,060	22,089	3,091	32,890	160,000	84642,098	84757,507	84758,508	84801,135	84801,651	84801,811	84802,582	31602,098	31677,507	31678,508	31681,135	31681,651	31681,811	31682,582	13,332	12,676	2,319	2,300	13,440	13,440	19,543	18,695	1,000	875,000	219,000	868,978	215,467
560,000	870,000	1430,000	0,216	31,034	38,514	8,000	36,666	18,085	18,424	6,756	34,093	270,000	84642,098	84804,469	84805,469	84808,474	84809,041	84809,311	84809,920	31602,098	31684,469	31685,469	31688,474	31689,041	31689,311	31689,921	12,773	13,140	5,046	4,864	13,440	13,440	26,349	32,043	1,000	873,000	222,000	868,978	215,467
550,000	840,000	1390,000	0,317	41,667	44,271	6,000	36,588	18,614	16,184	8,996	34,125	350,000	84642,098	84812,220	84813,220	84817,054	84817,612	84817,962	84818,462	31602,098	31692,220	31693,220	31697,055	31697,612	31697,962	31698,462	13,642	13,277	6,727	6,613	13,440	13,440	26,401	30,796	1,000	873,000	226,000	868,978	215,467
30,000	80,000	110,000	19,125	0,000	0,579	0,000	28,884	0,025	25,180	0,000	28,920	0,000	84642,098	84822,563	84823,563	84825,365	84825,567	84825,567	84825,652	31602,098	31702,563	31703,563	31705,365	31705,567	31705,567	31705,652	0,000	0,029	0,000	0,000	13,440	13,440	0,056	NaN	1,000	379,000	687,000	868,978	215,467
30,000	1400,000	1430,000	17,591	11,429	44,736	14,000	41,322	20,093	22,585	2,595	39,101	160,000	84642,098	84826,245	84827,245	84830,584	84830,784	84830,944	84832,191	31602,098	31706,245	31707,245	31710,584	31710,784	31710,944	31712,191	14,378	14,019	2,020	1,644	13,440	13,440	4,886	5,503	1,000	424,000	655,000	868,978	215,467
540,000	890,000	1430,000	1,074	16,854	45,880	8,000	37,559	19,720	22,378	2,802	32,959	150,000	84642,098	84835,655	84836,655	84840,444	84840,992	84841,142	84841,891	31602,098	31715,655	31716,655	31720,444	31720,992	31721,142	31721,891	14,485	14,008	2,423	1,951	13,440	13,440	23,164	23,232	1,000	907,000	212,000	868,978	215,467
510,000	870,000	1380,000	0,906	20,690	37,071	6,000	37,152	18,805	21,595	3,585	33,109	180,000	84642,098	84843,142	84844,142	84846,680	84847,193	84847,373	84848,072	31602,098	31723,142	31724,142	31726,680	31727,193	31727,373	31728,072	13,218	13,669	2,507	2,739	13,440	13,440	18,059	19,138	1,000	882,000	186,000	868,978	215,467
590,000	840,000	1430,000	0,487	21,429	38,274	10,000	35,829	17,966	21,868	3,312	32,284	180,000	84642,098	84849,884	84850,884	84854,672	84855,271	84855,451	84856,122	31602,098	31729,884	31730,884	31734,672	31735,271	31735,451	31736,122	12,037	13,518	2,236	2,547	13,440	13,440	15,545	20,761	1,000	852,000	212,000	868,978	215,467
590,000	840,000	1430,000	0,716	38,095	40,331	4,000	35,987	18,881	16,277	8,904	32,933	320,000	84642,098	84857,697	84858,697	84859,834	84900,431	84900,750	84901,280	31602,098	31737,697	31738,698	31739,834	31740,431	31740,751	31741,281	13,164	13,896	6,122	6,816	13,440	13,440	26,498	29,723	1,000	862,000	191,000	868,978	215,467
580,000	850,000	1430,000	0,470	24,706	33,436	10,000	35,509	18,498	21,838	3,342	31,297	210,000	84642,098	84902,979	84903,979	84907,038	84907,622	84907,832	84908,481	31602,098	31742,979	31743,979	31747,038	31747,622	31747,832	31748,481	12,993	13,626	2,533	2,457	13,440	13,440	10,755	20,522	1,000	856,000	226,000	868,978	215,467
650,000	780,000	1430,000	0,290	23,077	43,514	4,000	35,970	18,832	22,373	2,807	31,857	180,000	84642,098	84910,173	84911,173	84914,401	84915,061	84915,240	84915,851	31602,098	31750,173	31751,173	31754,401	31755,061	31755,241	31755,851	13,422	13,713	2,380	1,938	13,440	13,440	10,363	14,648	1,000	877,000	209,000	868,978	215,467
650,000	780,000	1430,000	1,340	39,744	34,606	4,000	35,673	17,036	17,783	7,397	32,936	310,000	84642,098	84918,080	84919,080	84920,338	84920,991	84921,301	84921,782	31602,098	31758,080	31759,080	31760,338	31760,991	31761,301	31761,782	12,008	12,513	5,163	5,632	13,440	13,440	18,850	25,360	1,000	826,000	236,000	868,978	215,467
590,000	830,000	1420,000	0,170	31,325	47,685	5,000	37,194	18,310	18,345	6,835	35,149	260,000	84642,098	84925,211	84926,211	84928,803	84929,401	84929,661	84930,241	31602,098	31765,211	31766,211	31768,803	31769,401	31769,661	31770,241	13,051	13,192	5,209	4,943	13,440	13,440	30,487	29,647	1,000	875,000	215,000	868,978	215,467
620,000	810,000	1430,000	0,344	19,753	36,595	11,000	36,151	17,866	22,234	2,946	32,050	160,000	84642,098	84931,186	84932,186	84934,431	84935,062	84935,222	84935,881	31602,098	31771,186	31772,186	31774,431	31775,062	31775,222	31775,881	12,798	12,952	2,403	2,057	13,440	13,440	10,946	20,026	1,000	857,000	218,000	868,978	215,467
460,000	970,000	1430,000	0,384	16,495	35,352	12,000	36,267	18,140	22,238	2,942	31,653	160,000	84642,098	84937,656	84938,656	84941,599	84942,061	84942,221	84943,042	31602,098	31777,656	31778,656	31781,599	31782,061	31782,221	31783,042	13,055	13,095	2,286	2,133	13,440	13,440	16,228	19,594	1,000	857,000	222,000	868,978	215,467
550,000	880,000	1430,000	0,318	19,318	32,798	8,000	37,463	18,356	21,946	3,234	32,223	170,000	84642,098	84944,743	84945,744	84947,096	84947,651	84947,821	84948,542	31602,098	31784,743	31785,744	31787,097	31787,651	31787,821	31788,542	13,333	13,053	2,307	2,417	13,440	13,440	18,413	21,549	1,000	880,000	213,000	868,978	215,467
330,000	940,000	1270,000	0,170	22,340	43,259	6,000	38,397	17,290	19,862	5,318	35,378	210,000	84642,098	84950,656	84951,656	84954,687	84955,021	84955,231	84955,971	31602,098	31790,656	31791,656	31794,687	31795,021	31795,231	31795,971	12,459	12,263	3,821	3,993	13,440	13,440	27,607	27,455	1,000	865,000	220,000	868,978	215,467
460,000	900,000	1360,000	0,507	26,667	51,571	8,000	38,032	18,319	18,768	6,412	35,483	240,000	84642,098	84958,826	84959,826	85003,518	85003,982	85004,222	85004,891	31602,098	31798,826	31799,826	31803,518	31803,982	31804,222	31804,891	13,359	12,938	4,929	4,621	13,440	13,440	30,784	29,880	1,000	887,000	216,000	868,978	215,467
670,000	760,000	1430,000	2,141	17,105	52,191	7,000	38,981	20,039	22,122	3,059	33,495	130,000	84642,098	85005,883	85006,884	85009,705	85010,382	85010,512	85011,151	31602,098	31805,883	31806,884	31809,705	31810,382	31810,512	31811,151	15,098	13,757	2,395	2,170	13,440	13,440	25,247	24,639	1,000	942,000	194,000	868,978	215,467
90,000	20,000	110,000	18,847	0,000	0,000	0,000	30,062	0,000	25,180	0,000	30,062	0,000	84642,098	85013,160	85014,160	85016,926	85017,127	85017,127	85017,151	31602,098	31813,160	31814,160	31816,926	31817,127	31817,127	31817,151	0,000	0,000	0,000	0,000	13,440	13,440	NaN	NaN	1,000	404,000	698,000	868,978	215,467
470,000	960,000	1430,000	19,183	36,458	48,468	9,000	61,841	18,693	13,140	12,040	65,710	350,000	84642,098	85017,742	85018,742	85020,210	85020,681	85021,031	85021,651	31602,098	31817,742	31818,742	31820,210	31820,681	31821,031	31821,651	14,163	14,388	9,439	9,517	13,440	13,440	35,912	39,692	1,000	380,000	691,000	868,978	215,467
30,000	990,000	1020,000	18,609	71,717	56,882	4,000	63,485	17,704	8,065	17,115	64,030	710,000	84642,098	85022,243	85023,244	85024,358	85024,559	85025,269	85025,551	31602,098	31822,244	31823,244	31824,358	31824,559	31825,269	31825,551	13,810	13,585	13,499	12,982	13,440	13,440	3,739	4,266	1,000	391,000	673,000	868,978	215,467
30,000	20,000	50,000	0,484	0,000	0,000	0,000	77,173	0,000	25,180	0,000	77,173	0,000	84642,098	85027,127	85028,127	85030,241	85030,442	85030,442	85030,471	31602,098	31827,127	31828,127	31830,241	31830,442	31830,442	31830,472	0,000	0,000	0,000	0,000	13,440	13,440	NaN	NaN	1,000	874,000	199,000	868,978	215,467
550,000	720,000	1270,000	0,368	36,111	55,795	4,000	37,275	18,389	16,051	9,130	35,587	260,000	84642,098	85031,894	85032,894	85035,874	85036,432	85036,692	85037,161	31602,098	31831,894	31832,894	31835,874	31836,432	31836,692	31837,161	13,052	13,277	6,645	6,789	13,440	13,440	40,395	42,982	1,000	873,000	203,000	868,978	215,467
600,000	690,000	1290,000	0,511	20,290	52,725	2,000	37,446	18,120	21,711	3,469	33,245	140,000	84642,098	85038,815	85039,816	85042,853	85043,461	85043,601	85044,161	31602,098	31838,815	31839,816	31842,853	31843,461	31843,601	31844,161	13,024	12,944	2,510	2,607	13,440	13,440	19,385	24,008	1,000	883,000	227,000	868,978	215,467
790,000	640,000	1430,000	0,425	25,000	46,748	6,000	36,404	18,404	22,282	2,899	31,865	160,000	84642,098	85045,703	85046,703	85048,206	85049,002	85049,162	85049,651	31602,098	31845,703	31846,703	31848,206	31849,002	31849,162	31849,651	13,476	13,222	2,444	2,066	13,440	13,440	0,409	22,397	1,000	884,000	214,000	868,978	215,467
440,000	990,000	1430,000	0,309	25,253	51,111	7,000	36,569	17,689	17,875	7,305	35,381	250,000	84642,098	85051,406	85052,406	85055,465	85055,912	85056,162	85056,911	31602,098	31851,406	31852,406	31855,465	31855,912	31856,162	31856,911	12,201	13,098	5,472	5,391	13,440	13,440	35,051	33,758	1,000	858,000	215,000	868,978	215,467
260,000	20,000	280,000	19,579	0,000	0,000	0,000	27,976	0,000	25,180	0,000	27,976	0,000	84642,098	85058,137	85059,137	85101,277	85101,541	85101,541	85101,571	31602,098	31858,137	31859,138	31861,277	31861,541	31861,541	31861,571	0,000	0,000	0,000	0,000	13,440	13,440	NaN	NaN	1,000	375,000	706,000	868,978	215,467
630,000	690,000	1320,000	0,221	30,435	62,315	4,000	36,659	18,632	18,957	6,223	34,367	210,000	84642,098	85103,745	85104,745	85107,266	85107,902	85108,112	85108,601	31602,098	31863,745	31864,745	31867,266	31867,902	31868,112	31868,601	13,446	13,366	4,999	4,432	13,440	13,440	30,276	34,005	1,000	876,000	219,000	868,978	215,467
430,000	1000,000	1430,000	0,069	30,000	40,501	8,000	37,149	18,201	16,173	9,007	34,905	300,000	84642,098	85109,888	85110,888	85112,218	85112,653	85112,953	85113,661	31602,098	31869,888	31870,888	31872,218	31872,653	31872,953	31873,661	13,271	12,998	6,670	6,625	13,440	13,440	30,643	34,860	1,000	869,000	213,000	868,978	215,467
420,000	930,000	1350,000	0,429	24,731	48,042	10,000	35,898	18,859	20,118	5,062	32,877	230,000	84642,098	85115,044	85116,044	85119,602	85120,031	85120,261	85120,972	31602,098	31875,044	31876,044	31879,602	31880,031	31880,261	31880,972	13,445	13,754	4,100	3,607	13,440	13,440	25,838	26,783	1,000	857,000	206,000	868,978	215,467
500,000	830,000	1330,000	0,051	15,663	42,049	8,000	36,641	18,368	22,575	2,605	33,001	130,000	84642,098	85122,532	85123,533	85127,190	85127,691	85127,821	85128,531	31602,098	31882,532	31883,533	31887,190	31887,691	31887,821	31888,532	13,079	13,276	2,277	1,761	13,440	13,440	17,301	21,108	1,000	868,000	217,000	868,978	215,467
