30,000	790,000	820,000	0,245	27,848	8,192	9,000	62,174	3,069	16,491	0,674	64,921	220,000	192110,190	192121,205	192122,207	192123,766	192123,967	192124,187	192124,765	69670,190	69681,205	69682,207	69683,766	69683,967	69684,187	69684,765	2,224	2,423	0,550	0,506	-13,440	13,440	2,371	5,336	1,000	579,000	219,000	571,022	215,467
460,000	640,000	1100,000	0,428	34,375	2,369	6,000	65,579	0,633	16,920	0,245	66,133	220,000	192110,190	192129,291	192130,290	192131,371	192131,834	192132,054	192132,484	69670,190	69689,291	69690,290	69691,371	69691,834	69692,054	69692,484	0,394	0,676	0,113	0,358	-13,440	13,440	0,565	0,256	1,000	556,000	213,000	571,022	215,467
320,000	1110,000	1430,000	0,273	22,523	32,050	11,000	52,493	18,409	14,012	3,154	55,725	250,000	192110,190	192135,035	192136,034	192137,847	192138,175	192138,425	192139,295	69670,190	69695,035	69696,034	69697,847	69698,175	69698,425	69699,295	13,114	13,365	2,331	2,310	-13,440	13,440	7,574	13,668	1,000	563,000	210,000	571,022	215,467
290,000	1140,000	1430,000	0,898	27,193	34,005	14,000	53,205	18,415	13,000	4,165	56,255	310,000	192110,190	192144,002	192145,002	192146,826	192147,125	192147,435	192148,275	69670,190	69704,002	69705,002	69706,826	69707,125	69707,435	69708,275	13,563	12,747	3,350	2,736	-13,440	13,440	8,860	15,358	1,000	540,000	223,000	571,022	215,467
250,000	760,000	1010,000	0,192	40,789	8,251	9,000	64,608	2,105	15,691	1,475	65,203	310,000	192110,190	192151,994	192152,995	192154,634	192154,896	192155,206	192155,665	69670,190	69711,994	69712,995	69714,634	69714,896	69715,206	69715,665	1,633	1,493	1,161	1,076	-13,440	13,440	3,447	4,756	1,000	573,000	222,000	571,022	215,467
490,000	390,000	880,000	16,914	43,590	8,492	2,000	56,360	1,356	16,080	1,086	56,616	170,000	192110,190	192157,927	192158,927	192200,818	192201,314	192201,484	192201,714	69670,190	69717,927	69718,927	69720,818	69721,314	69721,484	69721,714	0,928	1,013	0,797	0,766	-13,440	13,440	5,630	5,958	1,000	997,000	640,000	571,022	215,467
430,000	1000,000	1430,000	0,689	17,000	27,186	10,000	53,295	15,751	14,198	2,967	57,191	170,000	192110,190	192206,507	192207,508	192210,040	192210,474	192210,644	192211,485	69670,190	69726,507	69727,508	69730,040	69730,474	69730,644	69731,485	11,122	11,547	2,308	1,957	-13,440	13,440	12,420	19,575	1,000	594,000	224,000	571,022	215,467
330,000	1100,000	1430,000	3,875	35,455	15,551	10,000	53,544	13,146	12,878	4,287	55,951	390,000	192110,190	192215,170	192216,171	192219,608	192219,945	192220,335	192221,054	69670,190	69735,170	69736,171	69739,608	69739,945	69740,335	69741,054	9,321	9,660	3,178	3,030	-13,440	13,440	0,026	11,813	1,000	674,000	307,000	571,022	215,467
170,000	1260,000	1430,000	2,177	7,937	23,276	13,000	53,858	15,112	17,109	0,057	57,009	100,000	192110,190	192225,430	192226,431	192228,317	192228,518	192228,618	192229,784	69670,190	69745,430	69746,431	69748,317	69748,518	69748,618	69749,784	11,260	10,363	0,106	0,031	-13,440	13,440	7,486	0,255	1,000	605,000	285,000	571,022	215,467
310,000	1120,000	1430,000	1,701	27,679	23,888	12,000	52,191	16,106	12,010	5,155	55,515	310,000	192110,190	192233,244	192234,243	192236,450	192236,766	192237,076	192237,894	69670,190	69753,244	69754,243	69756,450	69756,766	69757,076	69757,894	11,257	11,864	4,001	3,407	-13,440	13,440	12,112	19,556	1,000	614,000	258,000	571,022	215,467
310,000	1120,000	1430,000	0,679	22,321	24,112	11,000	52,232	18,102	13,260	3,905	55,877	250,000	192110,190	192240,532	192241,532	192243,023	192243,334	192243,584	192244,467	69670,190	69760,532	69761,532	69763,023	69763,334	69763,584	69764,467	12,781	13,166	3,016	2,619	-13,440	13,440	6,216	15,161	1,000	551,000	202,000	571,022	215,467
30,000	20,000	50,000	16,960	0,000	0,000	0,000	56,485	0,000	17,165	0,000	56,485	0,000	192110,190	192247,294	192248,294	192251,098	192251,299	192251,299	192251,325	69670,190	69767,294	69768,295	69771,098	69771,299	69771,299	69771,325	0,000	0,000	0,000	0,000	-13,440	13,440	NaN	NaN	1,000	986,000	653,000	571,022	215,467
300,000	1130,000	1430,000	0,982	22,124	24,248	10,000	52,923	15,437	13,621	3,544	56,568	250,000	192110,190	192254,918	192255,918	192259,649	192259,954	192260,204	192301,095	69670,190	69774,918	69775,918	69779,649	69779,954	69780,204	69781,095	11,044	11,091	2,882	2,249	-13,440	13,440	8,423	16,592	1,000	586,000	247,000	571,022	215,467
130,000	1300,000	1430,000	0,485	29,231	18,072	11,000	52,101	15,652	14,088	3,077	56,272	380,000	192110,190	192304,506	192305,506	192308,118	192308,318	192308,698	192309,625	69670,190	69784,506	69785,506	69788,118	69788,318	69788,698	69789,626	10,890	11,696	2,486	1,961	-13,440	13,440	0,680	10,757	1,000	586,000	224,000	571,022	215,467
270,000	1160,000	1430,000	0,369	15,517	25,152	12,000	51,919	16,542	16,371	0,794	55,988	180,000	192110,190	192313,127	192314,127	192315,181	192315,455	192315,635	192316,625	69670,190	69793,127	69794,127	69795,181	69795,455	69795,635	69796,625	11,456	12,369	0,600	0,570	-13,440	13,440	6,355	3,531	1,000	581,000	224,000	571,022	215,467
220,000	1210,000	1430,000	0,370	21,488	28,438	15,000	53,595	13,035	14,014	3,151	56,702	260,000	192110,190	192319,259	192320,260	192321,663	192321,885	192322,145	192323,105	69670,190	69799,259	69800,260	69801,663	69801,885	69802,145	69803,105	9,536	9,089	2,548	2,091	-13,440	13,440	15,147	16,457	1,000	561,000	224,000	571,022	215,467
280,000	1150,000	1430,000	0,380	13,913	28,421	15,000	52,114	17,304	15,928	1,238	56,044	160,000	192110,190	192325,982	192326,982	192330,166	192330,455	192330,615	192331,615	69670,190	69805,982	69806,982	69810,166	69810,455	69810,615	69811,615	12,300	12,507	1,001	0,771	-13,440	13,440	4,853	8,239	1,000	564,000	227,000	571,022	215,467
340,000	1090,000	1430,000	0,274	22,936	29,482	9,000	52,249	16,810	13,914	3,252	56,428	250,000	192110,190	192334,520	192335,520	192338,363	192338,704	192338,954	192339,805	69670,190	69814,520	69815,520	69818,363	69818,704	69818,954	69819,805	11,905	12,211	2,764	1,933	-13,440	13,440	9,580	16,716	1,000	569,000	225,000	571,022	215,467
30,000	850,000	880,000	0,528	18,824	7,991	9,000	69,552	1,737	17,062	0,103	73,102	160,000	192110,190	192342,657	192343,658	192346,989	192347,190	192347,350	192348,044	69670,190	69822,657	69823,658	69826,989	69827,190	69827,350	69828,044	1,326	1,495	0,095	0,076	-13,440	13,440	2,386	0,176	1,000	562,000	199,000	571,022	215,467
30,000	1400,000	1430,000	0,217	14,286	21,111	14,000	51,666	17,317	16,087	1,078	56,716	200,000	192110,190	192351,415	192352,415	192355,460	192355,661	192355,861	192357,064	69670,190	69831,415	69832,415	69835,460	69835,661	69835,861	69837,064	12,071	12,913	1,065	0,484	-13,440	13,440	0,259	7,058	1,000	573,000	208,000	571,022	215,467
410,000	1020,000	1430,000	0,919	28,431	24,422	12,000	53,100	15,953	11,803	5,362	56,830	290,000	192110,190	192359,186	192400,186	192402,070	192402,484	192402,774	192403,516	69670,190	69839,186	69840,186	69842,070	69842,484	69842,774	69843,516	11,537	11,281	4,526	3,034	-13,440	13,440	14,268	22,420	1,000	585,000	245,000	571,022	215,467
160,000	1270,000	1430,000	0,944	10,236	23,972	16,000	53,357	16,272	17,126	0,040	56,812	130,000	192110,190	192407,724	192408,724	192410,397	192410,598	192410,728	192411,875	69670,190	69847,724	69848,724	69850,397	69850,598	69850,728	69851,876	11,910	11,428	0,041	0,026	-13,440	13,440	8,192	0,041	1,000	585,000	246,000	571,022	215,467
230,000	1200,000	1430,000	1,533	23,333	21,352	16,000	53,102	15,459	13,763	3,402	56,338	280,000	192110,190	192415,160	192416,160	192417,781	192418,015	192418,295	192419,225	69670,190	69855,160	69856,160	69857,781	69858,015	69858,295	69859,225	11,220	10,914	2,753	2,130	-13,440	13,440	1,860	13,727	1,000	601,000	261,000	571,022	215,467
30,000	460,000	490,000	0,349	89,130	10,802	1,000	68,843	1,842	15,349	1,816	68,815	410,000	192110,190	192423,739	192424,738	192428,329	192428,530	192428,940	192428,994	69670,190	69863,739	69864,738	69868,329	69868,530	69868,940	69868,994	1,633	0,816	1,607	0,817	-13,440	13,440	0,329	0,008	1,000	563,000	206,000	571,022	215,467
250,000	1180,000	1430,000	1,800	16,102	23,046	12,000	53,410	15,152	16,853	0,312	56,821	190,000	192110,190	192431,457	192432,457	192435,779	192436,035	192436,225	192437,225	69670,190	69871,457	69872,457	69875,779	69876,035	69876,225	69877,225	11,062	10,708	0,292	0,164	-13,440	13,440	12,518	1,706	1,000	609,000	267,000	571,022	215,467
320,000	1110,000	1430,000	1,782	38,739	32,546	9,000	52,203	15,498	9,968	7,197	54,101	430,000	192110,190	192439,910	192440,910	192444,403	192444,724	192445,154	192445,845	69670,190	69879,910	69880,910	69884,403	69884,724	69885,154	69885,845	10,897	11,398	5,083	5,313	-13,440	13,440	1,900	9,528	1,000	614,000	262,000	571,022	215,467
270,000	190,000	460,000	17,930	94,737	5,718	0,000	56,085	0,746	16,421	0,744	56,085	180,000	192110,190	192448,217	192449,219	192452,387	192452,664	192452,844	192452,864	69670,190	69888,217	69889,219	69892,387	69892,664	69892,844	69892,864	0,508	0,539	0,509	0,537	-13,440	13,440	NaN	4,551	1,000	1016,000	672,000	571,022	215,467
320,000	1110,000	1430,000	2,300	13,514	20,846	14,000	50,640	15,085	15,972	1,193	54,651	150,000	192110,190	192458,393	192459,394	192502,401	192502,725	192502,875	192503,845	69670,190	69898,393	69899,394	69902,401	69902,725	69902,875	69903,845	10,134	11,623	0,879	0,899	-13,440	13,440	3,806	7,197	1,000	626,000	276,000	571,022	215,467
280,000	1150,000	1430,000	0,175	15,652	23,354	13,000	52,269	16,817	15,236	1,929	56,572	180,000	192110,190	192508,169	192509,169	192511,848	192512,135	192512,315	192513,294	69670,190	69908,169	69909,169	69911,849	69912,135	69912,315	69913,294	11,907	12,187	1,625	1,084	-13,440	13,440	0,283	10,704	1,000	565,000	217,000	571,022	215,467
370,000	1060,000	1430,000	2,249	28,302	32,253	7,000	52,130	16,651	13,908	3,257	54,843	300,000	192110,190	192516,318	192517,318	192520,973	192521,344	192521,644	192522,414	69670,190	69916,318	69917,318	69920,973	69921,344	69921,644	69922,414	12,144	11,590	2,802	1,917	-13,440	13,440	14,948	20,828	1,000	586,000	294,000	571,022	215,467
330,000	1100,000	1430,000	0,846	13,636	24,025	10,000	52,564	15,980	16,154	1,011	56,551	150,000	192110,190	192526,473	192527,473	192529,227	192529,564	192529,714	192530,674	69670,190	69926,473	69927,473	69929,227	69929,564	69929,714	69930,675	11,291	11,663	0,832	0,579	-13,440	13,440	6,799	5,857	1,000	593,000	236,000	571,022	215,467
300,000	1130,000	1430,000	0,944	21,239	26,340	16,000	51,446	17,351	13,249	3,916	55,154	240,000	192110,190	192533,310	192534,310	192535,422	192535,724	192535,964	192536,866	69670,190	69933,310	69934,310	69935,422	69935,724	69935,964	69936,866	12,169	12,668	3,157	2,527	-13,440	13,440	8,083	17,244	1,000	585,000	246,000	571,022	215,467
100,000	20,000	120,000	18,707	0,000	0,000	0,000	56,170	0,000	17,165	0,000	56,170	0,000	192110,190	192539,295	192540,295	192542,009	192542,210	192542,210	192542,234	69670,190	69939,295	69940,295	69942,009	69942,210	69942,210	69942,234	0,000	0,000	0,000	0,000	-13,440	13,440	NaN	NaN	1,000	1034,000	693,000	571,022	215,467
270,000	1160,000	1430,000	0,914	12,931	23,554	15,000	50,222	14,846	16,257	0,908	55,853	150,000	192110,190	192548,369	192549,369	192552,095	192552,374	192552,524	192553,546	69670,190	69948,369	69949,369	69952,095	69952,374	69952,524	69953,546	9,647	11,759	0,734	0,549	-13,440	13,440	4,995	4,589	1,000	545,000	196,000	571,022	215,467
110,000	1320,000	1430,000	0,202	17,424	23,710	15,000	52,585	17,514	15,897	1,268	56,715	230,000	192110,190	192558,061	192559,061	192600,686	192600,887	192601,117	192602,215	69670,190	69958,061	69959,061	69960,686	69960,887	69961,117	69962,215	12,552	12,608	1,153	0,598	-13,440	13,440	4,496	5,918	1,000	564,000	217,000	571,022	215,467
270,000	1160,000	1430,000	2,802	16,379	17,610	12,000	53,608	13,400	15,424	1,742	55,964	190,000	192110,190	192605,202	192606,204	192609,707	192609,985	192610,175	192611,156	69670,190	69965,202	69966,204	69969,707	69969,985	69970,175	69971,156	9,682	9,525	1,148	1,404	-13,440	13,440	5,030	7,414	1,000	631,000	295,000	571,022	215,467
470,000	960,000	1430,000	4,700	25,000	23,732	11,000	52,234	12,203	15,715	1,450	55,217	240,000	192110,190	192616,112	192617,112	192619,813	192620,285	192620,525	192621,254	69670,190	69976,112	69977,112	69979,813	69980,285	69980,525	69981,254	8,628	8,943	1,252	0,764	-13,440	13,440	7,370	6,733	1,000	679,000	343,000	571,022	215,467
420,000	1010,000	1430,000	6,374	17,822	18,098	13,000	54,905	10,345	16,657	0,508	57,552	180,000	192110,190	192625,795	192626,795	192629,510	192629,934	192630,114	192630,954	69670,190	69985,795	69986,795	69989,510	69989,934	69990,114	69990,955	7,733	7,221	0,535	0,209	-13,440	13,440	14,306	3,048	1,000	731,000	376,000	571,022	215,467
480,000	950,000	1430,000	3,868	20,000	24,362	8,000	54,489	12,225	16,374	0,791	56,705	190,000	192110,190	192634,795	192635,796	192639,259	192639,744	192639,934	192640,705	69670,190	69994,795	69995,796	69999,259	69999,744	69999,934	70000,705	9,225	8,363	0,658	0,524	-13,440	13,440	13,544	4,842	1,000	658,000	322,000	571,022	215,467
430,000	1000,000	1430,000	3,270	31,000	19,868	12,000	53,183	13,875	13,545	3,621	56,166	310,000	192110,190	192645,517	192646,517	192649,692	192650,124	192650,434	192651,134	69670,190	70005,517	70006,517	70009,692	70010,124	70010,434	70011,134	10,043	9,909	2,901	2,382	-13,440	13,440	4,711	16,490	1,000	644,000	306,000	571,022	215,467
