480,000	800,000	1280,000	0,540	16,250	37,104	6,000	38,509	18,262	21,680	3,500	32,291	130,000	111154,432	111212,936	111213,936	111217,806	111218,295	111218,425	111219,104	40314,432	40332,936	40333,936	40337,806	40338,295	40338,425	40339,104	13,444	12,657	2,000	2,836	13,440	13,440	25,943	24,991	1,000	888,000	218,000	868,978	215,467
480,000	950,000	1430,000	0,170	21,053	35,257	8,000	37,713	17,947	19,711	5,469	33,001	200,000	111154,432	111220,972	111221,973	111224,553	111225,035	111225,235	111225,993	40314,432	40340,972	40341,973	40344,553	40345,036	40345,236	40345,993	13,082	12,763	3,557	4,352	13,440	13,440	25,592	27,559	1,000	873,000	220,000	868,978	215,467
450,000	840,000	1290,000	0,417	19,048	39,226	8,000	38,103	17,229	20,356	4,824	33,541	160,000	111154,432	111227,995	111228,994	111230,920	111231,374	111231,534	111232,224	40314,432	40347,995	40348,994	40350,920	40351,374	40351,534	40352,224	12,320	12,123	2,864	3,815	13,440	13,440	21,581	22,524	1,000	872,000	230,000	868,978	215,467
820,000	610,000	1430,000	0,148	26,230	39,947	6,000	48,107	11,291	20,025	5,155	49,644	160,000	111154,432	111234,485	111235,486	111237,744	111238,575	111238,735	111239,193	40314,432	40354,485	40355,486	40357,744	40358,575	40358,735	40359,193	8,042	7,701	3,931	3,423	13,440	13,440	25,476	31,679	1,000	874,000	217,000	868,978	215,467
420,000	760,000	1180,000	0,120	23,684	50,732	4,000	36,495	18,673	18,967	6,213	31,779	180,000	111154,432	111240,684	111241,684	111245,525	111245,954	111246,134	111246,724	40314,432	40360,684	40361,684	40365,525	40365,954	40366,134	40366,724	13,277	13,589	4,099	4,972	13,440	13,440	32,029	37,719	1,000	873,000	214,000	868,978	215,467
560,000	870,000	1430,000	0,240	16,092	48,821	8,000	38,028	17,384	20,645	4,535	34,325	140,000	111154,432	111249,949	111250,949	111254,658	111255,224	111255,364	111256,104	40314,432	40369,949	40370,949	40374,658	40375,224	40375,364	40376,104	12,291	12,403	2,924	3,544	13,440	13,440	30,958	29,530	1,000	870,000	207,000	868,978	215,467
540,000	660,000	1200,000	0,667	30,303	45,818	4,000	38,679	17,368	16,978	8,202	35,536	200,000	111154,432	111257,507	111258,507	111301,232	111301,773	111301,973	111302,444	40314,432	40377,507	40378,507	40381,232	40381,773	40381,973	40382,444	12,236	12,347	5,120	6,475	13,440	13,440	37,241	37,789	1,000	885,000	198,000	868,978	215,467
1320,000	110,000	1430,000	9,807	0,000	39,922	0,000	34,996	3,744	25,149	0,031	33,609	0,000	111154,432	111303,811	111304,812	111307,489	111308,815	111308,815	111308,935	40314,432	40383,811	40384,812	40387,489	40388,815	40388,815	40388,935	2,464	2,937	0,018	0,026	13,440	13,440	33,580	NaN	1,000	583,000	415,000	868,978	215,467
470,000	740,000	1210,000	0,825	25,676	42,029	6,000	36,540	19,139	20,568	4,612	31,825	190,000	111154,432	111311,020	111312,021	111313,872	111314,344	111314,534	111315,094	40314,432	40391,020	40392,021	40393,872	40394,344	40394,534	40395,094	13,560	13,953	3,015	3,708	13,440	13,440	20,576	24,333	1,000	890,000	195,000	868,978	215,467
440,000	990,000	1430,000	0,231	15,152	34,946	12,000	37,168	17,607	22,432	2,748	32,947	150,000	111154,432	111316,588	111317,589	111318,768	111319,214	111319,364	111320,215	40314,432	40396,589	40397,589	40398,768	40399,214	40399,364	40400,215	12,546	12,751	2,006	2,103	13,440	13,440	15,644	19,958	1,000	864,000	222,000	868,978	215,467
430,000	790,000	1220,000	0,328	16,456	34,847	6,000	37,648	16,845	22,140	3,040	34,540	130,000	111154,432	111321,953	111322,954	111324,219	111324,654	111324,784	111325,453	40314,432	40401,953	40402,954	40404,219	40404,654	40404,784	40405,453	11,676	12,182	2,074	2,246	13,440	13,440	17,613	20,790	1,000	864,000	226,000	868,978	215,467
460,000	890,000	1350,000	0,192	15,730	46,187	8,000	38,171	17,611	20,241	4,939	33,650	140,000	111154,432	111327,516	111328,516	111329,526	111329,994	111330,134	111330,894	40314,432	40407,516	40408,516	40409,526	40409,994	40410,134	40410,894	12,490	12,462	2,917	3,910	13,440	13,440	24,492	29,186	1,000	871,000	222,000	868,978	215,467
470,000	820,000	1290,000	0,569	18,293	33,777	6,000	37,194	17,105	21,373	3,807	33,750	150,000	111154,432	111332,416	111333,416	111336,521	111336,994	111337,144	111337,825	40314,432	40412,416	40413,416	40416,521	40416,994	40417,144	40417,825	12,068	12,296	2,694	2,796	13,440	13,440	20,759	25,358	1,000	856,000	231,000	868,978	215,467
440,000	990,000	1430,000	0,166	18,182	44,748	8,000	37,469	18,096	19,759	5,421	33,036	180,000	111154,432	111339,800	111340,801	111343,771	111344,215	111344,395	111345,214	40314,432	40419,800	40420,801	40423,771	40424,215	40424,395	40425,214	13,191	12,884	3,860	4,105	13,440	13,440	28,379	29,791	1,000	871,000	221,000	868,978	215,467
460,000	950,000	1410,000	0,170	16,842	40,926	10,000	37,218	18,316	20,819	4,361	33,838	160,000	111154,432	111346,736	111347,738	111350,043	111350,504	111350,664	111351,463	40314,432	40426,736	40427,738	40430,043	40430,504	40430,664	40431,463	12,883	13,163	3,108	3,162	13,440	13,440	20,954	20,268	1,000	875,000	216,000	868,978	215,467
430,000	920,000	1350,000	0,157	14,130	36,241	14,000	37,304	17,865	22,025	3,155	33,647	130,000	111154,432	111353,097	111354,097	111357,929	111358,365	111358,495	111359,293	40314,432	40433,097	40434,097	40437,929	40438,365	40438,495	40439,293	12,518	12,885	2,237	2,297	13,440	13,440	18,253	22,975	1,000	864,000	218,000	868,978	215,467
480,000	710,000	1190,000	0,325	16,901	43,299	8,000	39,289	16,704	21,931	3,250	36,458	120,000	111154,432	111400,876	111401,876	111404,922	111405,404	111405,524	111406,123	40314,432	40440,876	40441,876	40444,922	40445,404	40445,524	40446,123	11,645	11,926	2,107	2,479	13,440	13,440	25,552	27,499	1,000	880,000	212,000	868,978	215,467
500,000	930,000	1430,000	0,128	17,204	42,904	9,000	37,867	17,355	20,616	4,564	33,096	160,000	111154,432	111408,213	111409,214	111412,492	111412,993	111413,154	111413,934	40314,432	40448,213	40449,214	40452,492	40452,994	40453,154	40453,934	12,769	12,275	3,252	3,442	13,440	13,440	29,176	29,425	1,000	869,000	220,000	868,978	215,467
490,000	880,000	1370,000	0,470	14,773	36,910	10,000	37,259	17,475	21,572	3,608	33,001	130,000	111154,432	111415,576	111416,576	111418,598	111419,094	111419,223	111419,985	40314,432	40455,576	40456,576	40458,598	40459,094	40459,224	40459,985	12,122	12,659	2,164	2,850	13,440	13,440	22,864	27,268	1,000	856,000	226,000	868,978	215,467
430,000	680,000	1110,000	0,681	22,059	42,900	6,000	38,411	17,499	21,091	4,089	34,916	150,000	111154,432	111421,948	111422,949	111425,118	111425,554	111425,704	111426,244	40314,432	40461,949	40462,949	40465,118	40465,554	40465,704	40466,244	12,519	12,321	2,808	3,025	13,440	13,440	15,741	21,377	1,000	892,000	223,000	868,978	215,467
490,000	810,000	1300,000	0,391	34,568	36,593	6,000	38,157	16,659	17,519	7,662	35,369	280,000	111154,432	111427,875	111428,876	111430,542	111431,036	111431,316	111431,853	40314,432	40467,875	40468,876	40470,542	40471,036	40471,316	40471,853	11,843	11,984	5,097	5,945	13,440	13,440	19,976	24,650	1,000	858,000	224,000	868,978	215,467
460,000	970,000	1430,000	0,291	13,402	44,022	5,000	37,296	18,392	21,691	3,489	32,575	130,000	111154,432	111433,487	111434,487	111437,354	111437,824	111437,954	111438,803	40314,432	40473,487	40474,487	40477,354	40477,824	40477,954	40478,803	13,154	13,106	2,348	2,609	13,440	13,440	24,240	23,332	1,000	877,000	222,000	868,978	215,467
510,000	880,000	1390,000	0,278	19,318	35,987	8,000	37,549	17,559	21,203	3,977	32,747	170,000	111154,432	111440,351	111441,351	111443,372	111443,884	111444,054	111444,774	40314,432	40480,351	40481,351	40483,372	40483,884	40484,054	40484,774	12,800	12,490	2,709	3,124	13,440	13,440	19,554	24,945	1,000	864,000	224,000	868,978	215,467
430,000	1000,000	1430,000	0,488	14,000	33,189	12,000	36,678	17,555	21,418	3,762	33,671	140,000	111154,432	111446,410	111447,411	111449,361	111449,795	111449,935	111450,804	40314,432	40486,410	40487,411	40489,361	40489,795	40489,935	40490,804	11,867	12,939	2,435	2,869	13,440	13,440	22,952	24,331	1,000	856,000	227,000	868,978	215,467
500,000	870,000	1370,000	0,236	34,483	32,582	6,000	40,276	16,321	17,663	7,517	37,052	300,000	111154,432	111452,384	111453,385	111456,848	111457,353	111457,653	111458,234	40314,432	40492,384	40493,385	40496,848	40497,353	40497,653	40498,234	11,732	11,395	4,737	5,870	13,440	13,440	18,771	25,171	1,000	877,000	213,000	868,978	215,467
470,000	880,000	1350,000	0,130	21,591	42,296	8,000	37,687	17,666	21,085	4,095	33,801	190,000	111154,432	111459,830	111500,830	111503,681	111504,153	111504,343	111505,044	40314,432	40499,830	40500,830	40503,681	40504,153	40504,343	40505,044	12,713	12,604	2,954	3,079	13,440	13,440	18,957	22,785	1,000	866,000	219,000	868,978	215,467
500,000	740,000	1240,000	0,290	18,919	35,336	8,000	36,727	17,920	22,220	2,960	32,962	140,000	111154,432	111506,530	111507,530	111510,612	111511,114	111511,254	111511,863	40314,432	40506,530	40507,530	40510,612	40511,114	40511,254	40511,863	12,631	12,997	2,283	2,123	13,440	13,440	11,611	20,792	1,000	861,000	222,000	868,978	215,467
520,000	910,000	1430,000	0,257	35,165	43,900	6,000	36,953	18,165	16,921	8,259	34,592	320,000	111154,432	111513,619	111514,619	111518,163	111518,695	111519,015	111519,615	40314,432	40513,619	40514,619	40518,163	40518,695	40519,015	40519,615	13,008	13,110	6,024	6,107	13,440	13,440	21,593	27,671	1,000	878,000	217,000	868,978	215,467
310,000	1120,000	1430,000	0,336	9,821	32,180	8,000	36,452	18,941	25,104	0,076	29,439	110,000	111154,432	111521,232	111522,232	111523,711	111524,023	111524,133	111525,154	40314,432	40521,232	40522,232	40523,711	40524,023	40524,133	40525,154	13,727	13,644	0,100	0,068	13,440	13,440	5,188	0,102	1,000	879,000	222,000	868,978	215,467
340,000	1090,000	1430,000	0,013	11,927	36,087	10,000	37,020	18,232	22,646	2,534	32,602	130,000	111154,432	111526,640	111527,640	111530,033	111530,384	111530,514	111531,483	40314,432	40526,640	40527,640	40530,033	40530,384	40530,514	40531,483	12,967	13,134	1,908	1,832	13,440	13,440	19,711	19,250	1,000	869,000	215,000	868,978	215,467
390,000	800,000	1190,000	0,271	16,250	37,281	4,000	37,840	17,916	22,688	2,492	33,293	130,000	111154,432	111533,298	111534,299	111537,356	111537,754	111537,884	111538,564	40314,432	40533,298	40534,299	40537,356	40537,754	40537,884	40538,564	13,053	12,657	1,971	1,752	13,440	13,440	16,676	19,805	1,000	875,000	223,000	868,978	215,467
370,000	900,000	1270,000	0,648	17,778	34,856	12,000	37,488	18,623	21,438	3,742	32,480	160,000	111154,432	111540,397	111541,397	111544,648	111545,025	111545,185	111545,934	40314,432	40540,397	40541,397	40544,648	40545,025	40545,185	40545,934	13,530	13,222	2,576	2,890	13,440	13,440	18,757	24,650	1,000	892,000	215,000	868,978	215,467
420,000	940,000	1360,000	0,399	14,894	34,218	10,000	37,819	18,135	22,229	2,951	32,205	140,000	111154,432	111547,644	111548,644	111551,834	111552,265	111552,405	111553,214	40314,432	40547,644	40548,644	40551,834	40552,265	40552,405	40553,214	13,193	12,826	1,844	2,358	13,440	13,440	20,094	22,162	1,000	881,000	223,000	868,978	215,467
130,000	20,000	150,000	18,844	0,000	0,000	0,000	29,905	0,000	25,180	0,000	29,905	0,000	111154,432	111554,742	111555,742	111559,208	111559,409	111559,409	111559,433	40314,432	40554,742	40555,742	40559,208	40559,409	40559,409	40559,433	0,000	0,000	0,000	0,000	13,440	13,440	NaN	NaN	1,000	398,000	692,000	868,978	215,467
190,000	1240,000	1430,000	0,265	16,129	43,921	12,000	36,651	18,685	25,031	0,150	29,393	200,000	111154,432	111602,399	111603,399	111606,926	111607,127	111607,327	111608,374	40314,432	40562,399	40563,399	40566,926	40567,127	40567,327	40568,374	13,530	13,443	0,057	0,141	13,440	13,440	3,076	0,351	1,000	873,000	224,000	868,978	215,467
430,000	1000,000	1430,000	0,461	31,000	35,091	7,000	37,674	17,921	16,707	8,473	33,794	310,000	111154,432	111610,000	111611,002	111614,196	111614,633	111614,943	111615,644	40314,432	40570,000	40571,002	40574,196	40574,633	40574,943	40575,644	12,833	12,799	5,356	6,650	13,440	13,440	21,721	26,101	1,000	884,000	222,000	868,978	215,467
450,000	980,000	1430,000	0,429	13,265	37,311	15,000	36,864	17,474	22,304	2,876	32,237	130,000	111154,432	111617,288	111618,289	111621,395	111621,853	111621,983	111622,844	40314,432	40577,288	40578,289	40581,395	40581,853	40581,983	40582,844	12,348	12,678	1,897	2,244	13,440	13,440	19,397	23,558	1,000	859,000	227,000	868,978	215,467
420,000	1010,000	1430,000	0,070	25,743	38,707	9,000	36,493	18,168	18,284	6,896	33,075	260,000	111154,432	111624,681	111625,681	111626,815	111627,243	111627,503	111628,264	40314,432	40584,681	40585,681	40586,815	40587,243	40587,503	40588,264	12,776	13,241	4,580	5,368	13,440	13,440	24,911	25,980	1,000	867,000	217,000	868,978	215,467
30,000	20,000	50,000	18,805	0,000	0,000	0,000	30,082	0,000	25,180	0,000	30,082	0,000	111154,432	111630,037	111631,038	111632,694	111632,894	111632,894	111632,923	40314,432	40590,037	40591,038	40592,694	40592,894	40592,894	40592,923	0,000	0,000	0,000	0,000	13,440	13,440	NaN	NaN	1,000	402,000	694,000	868,978	215,467
270,000	890,000	1160,000	0,330	43,820	39,153	6,000	36,016	18,515	16,957	8,223	32,518	390,000	111154,432	111635,602	111636,602	111638,774	111639,054	111639,444	111639,954	40314,432	40595,602	40596,602	40598,774	40599,054	40599,444	40599,954	13,140	13,532	5,476	6,461	13,440	13,440	19,735	25,271	1,000	860,000	223,000	868,978	215,467
