720,000	710,000	1430,000	5,380	28,169	23,146	9,000	37,387	11,666	22,144	3,036	34,764	200,000	102020,323	102051,803	102052,803	102055,344	102056,070	102056,270	102056,790	37220,323	37251,803	37252,803	37255,344	37256,070	37256,270	37256,790	9,096	7,906	2,881	1,817	13,440	13,440	3,386	16,730	1,000	759,000	372,000	868,978	215,467
420,000	270,000	690,000	19,283	48,148	3,071	4,000	28,272	0,604	24,843	0,337	27,624	130,000	102020,323	102106,646	102107,646	102111,155	102111,580	102111,710	102111,860	37220,323	37266,646	37267,646	37271,155	37271,580	37271,710	37271,860	0,902	0,199	0,536	0,112	13,440	13,440	0,037	2,535	1,000	377,000	693,000	868,978	215,467
700,000	730,000	1430,000	0,197	20,548	43,633	5,000	37,461	17,173	22,292	2,888	32,016	150,000	102020,323	102115,428	102116,428	102117,833	102118,540	102118,690	102119,281	37220,323	37275,428	37276,428	37277,834	37278,540	37278,690	37279,281	12,432	12,309	1,861	2,301	13,440	13,440	8,969	21,387	1,000	862,000	216,000	868,978	215,467
660,000	770,000	1430,000	0,601	19,481	33,443	6,000	37,507	16,963	22,524	2,656	31,969	150,000	102020,323	102121,219	102122,220	102123,677	102124,340	102124,490	102125,120	37220,323	37281,219	37282,220	37283,677	37284,340	37284,490	37285,120	12,599	11,935	1,897	2,019	13,440	13,440	8,504	17,792	1,000	863,000	236,000	868,978	215,467
530,000	20,000	550,000	18,884	0,000	0,000	0,000	29,547	0,000	25,180	0,000	29,547	0,000	102020,323	102127,288	102128,288	102129,792	102130,330	102130,330	102130,361	37220,323	37287,288	37288,289	37289,792	37290,330	37290,330	37290,361	0,000	0,000	0,000	0,000	13,440	13,440	NaN	NaN	1,000	391,000	687,000	868,978	215,467
460,000	890,000	1350,000	0,593	21,348	41,229	4,000	37,425	18,955	21,986	3,194	31,080	190,000	102020,323	102133,663	102134,663	102136,848	102137,311	102137,501	102138,211	37220,323	37293,663	37294,663	37296,848	37297,311	37297,501	37298,211	14,237	13,224	2,299	2,425	13,440	13,440	12,000	17,951	1,000	890,000	217,000	868,978	215,467
490,000	940,000	1430,000	0,333	23,404	40,972	8,000	37,710	18,037	21,623	3,557	32,848	220,000	102020,323	102140,342	102141,342	102143,279	102143,771	102143,991	102144,720	37220,323	37300,342	37301,342	37303,279	37303,771	37303,991	37304,720	13,248	12,710	2,563	2,672	13,440	13,440	17,727	17,963	1,000	876,000	225,000	868,978	215,467
480,000	940,000	1420,000	1,042	24,468	44,700	5,000	38,052	19,206	21,434	3,746	31,984	230,000	102020,323	102146,954	102147,955	102149,870	102150,361	102150,591	102151,310	37220,323	37306,954	37307,955	37309,870	37310,361	37310,591	37311,310	14,627	13,247	2,764	2,831	13,440	13,440	22,658	21,588	1,000	906,000	214,000	868,978	215,467
360,000	830,000	1190,000	0,221	67,470	44,612	4,000	36,988	18,546	8,556	16,624	36,771	560,000	102020,323	102153,164	102154,164	102156,507	102156,870	102157,430	102157,710	37220,323	37313,164	37314,164	37316,507	37316,870	37317,430	37317,710	13,500	13,221	12,222	11,890	13,440	13,440	22,310	24,926	1,000	876,000	219,000	868,978	215,467
420,000	880,000	1300,000	0,360	15,909	42,900	8,000	37,666	18,304	22,619	2,561	31,522	140,000	102020,323	102159,948	102200,948	102202,655	102203,081	102203,221	102203,970	37220,323	37319,948	37320,948	37322,655	37323,081	37323,221	37323,970	13,558	12,825	1,783	1,951	13,440	13,440	15,479	20,072	1,000	880,000	222,000	868,978	215,467
610,000	820,000	1430,000	0,854	18,293	33,926	8,000	38,456	18,372	22,329	2,851	32,859	150,000	102020,323	102206,049	102207,050	102208,208	102208,820	102208,970	102209,650	37220,323	37326,049	37327,050	37328,208	37328,820	37328,970	37329,650	13,787	12,680	2,060	2,122	13,440	13,440	9,277	20,263	1,000	899,000	220,000	868,978	215,467
470,000	960,000	1430,000	0,423	22,917	34,350	8,000	36,816	18,841	21,705	3,475	31,931	220,000	102020,323	102211,784	102212,785	102214,011	102214,490	102214,711	102215,460	37220,323	37331,784	37332,785	37334,011	37334,491	37334,711	37335,460	13,637	13,502	2,559	2,581	13,440	13,440	12,749	18,384	1,000	884,000	215,000	868,978	215,467
530,000	900,000	1430,000	0,032	27,778	38,029	4,000	35,843	18,469	21,403	3,777	31,206	250,000	102020,323	102217,249	102218,249	102219,630	102220,170	102220,420	102221,080	37220,323	37337,249	37338,249	37339,630	37340,170	37340,420	37341,080	13,064	13,588	2,676	2,895	13,440	13,440	9,879	18,233	1,000	870,000	215,000	868,978	215,467
30,000	20,000	50,000	18,525	0,000	0,000	0,000	30,591	0,000	25,180	0,000	30,591	0,000	102020,323	102224,531	102225,531	102227,831	102228,032	102228,032	102228,062	37220,323	37344,531	37345,531	37347,831	37348,032	37348,032	37348,062	0,000	0,000	0,000	0,000	13,440	13,440	NaN	NaN	1,000	402,000	680,000	868,978	215,467
30,000	20,000	50,000	18,552	0,000	0,000	0,000	30,240	0,000	25,180	0,000	30,240	0,000	102020,323	102230,503	102231,504	102232,896	102233,096	102233,096	102233,120	37220,323	37350,503	37351,504	37352,896	37353,096	37353,096	37353,120	0,000	0,000	0,000	0,000	13,440	13,440	NaN	NaN	1,000	390,000	669,000	868,978	215,467
500,000	770,000	1270,000	0,760	35,065	45,179	6,000	38,375	18,092	17,522	7,659	35,514	270,000	102020,323	102236,760	102237,760	102239,544	102240,050	102240,320	102240,830	37220,323	37356,760	37357,760	37359,544	37360,050	37360,320	37360,831	13,107	12,741	5,352	5,745	13,440	13,440	32,218	30,975	1,000	896,000	216,000	868,978	215,467
510,000	790,000	1300,000	0,383	26,582	46,287	4,000	37,206	17,908	19,472	5,708	34,072	210,000	102020,323	102244,123	102245,123	102246,559	102247,070	102247,280	102247,871	37220,323	37364,123	37365,123	37366,559	37367,070	37367,280	37367,871	12,434	13,080	3,766	4,473	13,440	13,440	28,311	31,865	1,000	867,000	202,000	868,978	215,467
450,000	750,000	1200,000	0,810	16,000	42,984	4,000	37,143	18,958	22,604	2,576	31,949	120,000	102020,323	102249,741	102250,741	102254,376	102254,831	102254,951	102255,590	37220,323	37369,741	37370,741	37374,376	37374,831	37374,951	37375,590	13,531	13,643	1,729	2,022	13,440	13,440	17,398	22,722	1,000	887,000	193,000	868,978	215,467
530,000	850,000	1380,000	0,384	24,706	42,870	4,000	37,145	18,672	19,279	5,901	32,901	210,000	102020,323	102257,400	102258,400	102301,533	102302,070	102302,280	102302,930	37220,323	37377,400	37378,400	37381,533	37382,070	37382,280	37382,930	13,417	13,332	3,939	4,548	13,440	13,440	31,183	30,955	1,000	881,000	209,000	868,978	215,467
470,000	750,000	1220,000	0,285	18,667	42,251	6,000	37,035	18,579	22,156	3,024	31,463	140,000	102020,323	102304,572	102305,572	102308,862	102309,342	102309,482	102310,101	37220,323	37384,572	37385,572	37388,862	37389,342	37389,482	37390,101	13,478	13,249	2,010	2,391	13,440	13,440	17,686	20,885	1,000	879,000	217,000	868,978	215,467
330,000	930,000	1260,000	0,441	29,032	43,396	6,000	35,755	19,471	21,568	3,612	30,350	270,000	102020,323	102312,140	102313,140	102316,713	102317,050	102317,320	102317,991	37220,323	37392,140	37393,140	37396,713	37397,050	37397,320	37397,991	13,725	14,318	2,318	2,959	13,440	13,440	19,245	24,099	1,000	877,000	202,000	868,978	215,467
460,000	780,000	1240,000	1,087	47,436	47,866	4,000	37,163	19,475	14,855	10,325	34,389	370,000	102020,323	102319,638	102320,639	102322,161	102322,630	102323,000	102323,420	37220,323	37399,638	37400,639	37402,161	37402,630	37403,000	37403,420	14,037	14,007	7,142	7,934	13,440	13,440	37,642	43,717	1,000	894,000	186,000	868,978	215,467
540,000	700,000	1240,000	1,382	18,571	49,735	4,000	38,001	19,346	22,465	2,715	32,112	130,000	102020,323	102325,319	102326,319	102327,675	102328,220	102328,350	102328,930	37220,323	37405,319	37406,319	37407,675	37408,220	37408,350	37408,930	14,263	13,588	1,878	2,116	13,440	13,440	15,034	22,133	1,000	911,000	190,000	868,978	215,467
360,000	150,000	510,000	18,744	93,333	0,572	0,000	29,933	0,049	25,133	0,047	29,933	140,000	102020,323	102330,658	102331,658	102335,394	102335,760	102335,900	102335,920	37220,323	37410,658	37411,658	37415,394	37415,760	37415,900	37415,920	0,000	0,057	0,000	0,054	13,440	13,440	NaN	0,177	1,000	395,000	684,000	868,978	215,467
30,000	90,000	120,000	19,404	0,000	0,578	0,000	28,712	0,050	25,178	0,002	28,780	0,000	102020,323	102339,286	102340,286	102342,149	102342,350	102342,350	102342,450	37220,323	37419,286	37420,286	37422,149	37422,350	37422,350	37422,450	0,000	0,057	0,000	0,003	13,440	13,440	0,509	NaN	1,000	390,000	712,000	868,978	215,467
630,000	140,000	770,000	18,883	92,857	0,801	0,000	29,763	0,077	25,105	0,075	29,763	130,000	102020,323	102346,263	102347,263	102350,143	102350,780	102350,910	102350,931	37220,323	37426,263	37427,263	37430,143	37430,780	37430,910	37430,931	0,028	0,057	0,028	0,054	13,440	13,440	NaN	0,688	1,000	394,000	690,000	868,978	215,467
450,000	940,000	1390,000	0,268	25,532	51,891	5,000	36,141	19,033	21,094	4,086	30,708	240,000	102020,323	102353,729	102354,729	102357,793	102358,250	102358,490	102359,200	37220,323	37433,729	37434,729	37437,793	37438,250	37438,490	37439,200	13,530	13,894	2,572	3,366	13,440	13,440	27,035	26,189	1,000	868,000	206,000	868,978	215,467
510,000	790,000	1300,000	0,706	17,722	46,916	6,000	36,162	19,622	22,113	3,067	30,347	140,000	102020,323	102401,374	102402,374	102406,202	102406,722	102406,862	102407,520	37220,323	37441,374	37442,374	37446,202	37446,722	37446,862	37447,520	13,980	14,261	1,978	2,480	13,440	13,440	19,795	23,320	1,000	886,000	197,000	868,978	215,467
540,000	630,000	1170,000	1,686	63,492	54,539	2,000	37,801	19,854	9,572	15,609	36,399	400,000	102020,323	102410,353	102411,353	102412,769	102413,310	102413,710	102413,950	37220,323	37450,353	37451,353	37452,769	37453,310	37453,710	37453,950	14,542	13,980	11,129	11,468	13,440	13,440	33,455	40,661	1,000	920,000	184,000	868,978	215,467
440,000	670,000	1110,000	0,290	47,761	47,244	4,000	37,353	18,343	14,374	10,807	34,573	320,000	102020,323	102416,360	102417,361	102420,476	102420,920	102421,240	102421,601	37220,323	37456,360	37457,361	37460,476	37460,920	37461,240	37461,601	13,196	13,110	7,391	8,230	13,440	13,440	38,985	45,903	1,000	877,000	209,000	868,978	215,467
30,000	20,000	50,000	19,406	0,000	0,000	0,000	28,795	0,000	25,180	0,000	28,795	0,000	102020,323	102423,402	102424,402	102426,634	102426,835	102426,835	102426,860	37220,323	37463,402	37464,402	37466,634	37466,835	37466,835	37466,860	0,000	0,000	0,000	0,000	13,440	13,440	NaN	NaN	1,000	393,000	715,000	868,978	215,467
650,000	750,000	1400,000	0,128	65,333	46,171	2,000	37,077	18,004	9,559	15,621	36,113	490,000	102020,323	102429,640	102430,640	102433,483	102434,140	102434,630	102434,900	37220,323	37469,640	37470,640	37473,483	37474,140	37474,630	37474,900	12,856	12,913	10,862	11,549	13,440	13,440	18,664	23,394	1,000	869,000	220,000	868,978	215,467
600,000	750,000	1350,000	0,334	17,333	55,967	6,000	37,256	18,460	22,112	3,068	32,077	130,000	102020,323	102437,075	102438,075	102440,921	102441,530	102441,660	102442,290	37220,323	37477,075	37478,075	37480,921	37481,530	37481,660	37482,290	13,305	13,192	2,057	2,419	13,440	13,440	23,865	24,423	1,000	880,000	211,000	868,978	215,467
480,000	740,000	1220,000	0,289	79,730	61,358	3,000	36,186	18,295	7,312	17,868	36,006	590,000	102020,323	102445,633	102446,633	102448,674	102449,160	102449,750	102449,910	37220,323	37485,633	37486,633	37488,674	37489,160	37489,750	37489,910	12,716	13,475	12,351	13,232	13,440	13,440	2,903	0,072	1,000	861,000	209,000	868,978	215,467
630,000	750,000	1380,000	0,309	69,333	46,734	3,000	36,593	18,131	8,236	16,944	36,335	520,000	102020,323	102453,545	102454,545	102458,534	102459,171	102459,691	102499,931	37220,323	37493,545	37494,545	37498,534	37499,171	37499,691	37499,931	12,716	13,251	11,833	12,580	13,440	13,440	22,321	24,764	1,000	862,000	207,000	868,978	215,467
480,000	950,000	1430,000	0,270	17,895	48,061	8,000	35,395	18,956	20,392	4,788	29,625	170,000	102020,323	102502,940	102503,940	102507,287	102507,771	102507,941	102508,731	37220,323	37502,940	37503,940	37507,287	37507,771	37507,941	37508,731	13,472	13,866	2,840	3,977	13,440	13,440	31,345	31,226	1,000	863,000	223,000	868,978	215,467
570,000	650,000	1220,000	1,010	20,000	62,025	4,000	37,800	19,106	21,483	3,697	32,203	130,000	102020,323	102510,953	102511,953	102515,782	102516,361	102516,491	102517,021	37220,323	37510,953	37511,953	37515,782	37516,361	37516,491	37517,021	13,953	13,501	2,358	2,960	13,440	13,440	25,937	30,861	1,000	897,000	193,000	868,978	215,467
560,000	660,000	1220,000	0,683	21,212	51,984	2,000	38,024	18,449	21,374	3,807	32,733	140,000	102020,323	102519,493	102520,493	102522,209	102522,771	102522,911	102523,440	37220,323	37519,493	37520,494	37522,209	37522,771	37522,911	37523,440	13,477	12,999	2,446	3,042	13,440	13,440	23,975	28,679	1,000	893,000	212,000	868,978	215,467
460,000	650,000	1110,000	0,577	43,077	56,466	4,000	36,716	18,849	14,665	10,515	33,885	280,000	102020,323	102525,665	102526,665	102528,347	102528,810	102529,090	102529,470	37220,323	37525,665	37526,665	37528,347	37528,810	37529,090	37529,470	13,755	13,446	7,338	8,058	13,440	13,440	47,955	50,412	1,000	889,000	220,000	868,978	215,467
460,000	950,000	1410,000	0,186	11,579	48,340	10,000	36,652	18,678	25,106	0,074	30,160	110,000	102020,323	102531,209	102532,210	102533,736	102534,200	102534,310	102535,160	37220,323	37531,209	37532,210	37533,736	37534,200	37534,310	37535,160	13,361	13,531	0,088	0,050	13,440	13,440	7,458	0,245	1,000	868,000	222,000	868,978	215,467
