290,000	660,000	950,000	1,913	48,485	77,948	5,000	52,417	14,944	2,909	14,256	52,189	320,000	131527,702	131552,362	131553,362	131556,602	131556,897	131557,217	131557,568	47727,702	47752,363	47753,363	47756,602	47756,897	47757,217	47757,568	9,817	11,168	9,176	10,889	-13,440	13,440	2,782	2,366	1,000	633,000	245,000	571,733	215,467
240,000	480,000	720,000	1,852	79,167	90,281	2,000	53,471	17,900	0,412	17,577	53,585	380,000	131527,702	131559,233	131600,233	131602,693	131602,938	131603,318	131603,427	47727,702	47759,233	47760,233	47762,694	47762,938	47763,318	47763,427	12,995	12,323	12,825	12,118	-13,440	13,440	3,732	6,571	1,000	622,000	258,000	571,733	215,467
30,000	820,000	850,000	2,177	59,756	108,385	4,000	53,484	22,178	4,483	21,648	53,444	490,000	131527,702	131605,881	131606,881	131610,689	131610,890	131611,380	131611,717	47727,702	47765,881	47766,881	47770,689	47770,890	47771,380	47771,717	16,819	14,626	16,376	14,374	-13,440	13,440	3,532	3,602	1,000	499,000	189,000	571,733	215,467
260,000	650,000	910,000	1,096	58,462	104,610	4,000	52,284	19,534	2,039	19,204	52,203	380,000	131527,702	131613,746	131614,746	131617,014	131617,277	131617,657	131617,937	47727,702	47773,746	47774,746	47777,014	47777,277	47777,657	47777,937	13,783	13,922	13,476	13,846	-13,440	13,440	6,226	5,244	1,000	558,000	179,000	571,733	215,467
30,000	600,000	630,000	1,895	98,333	71,938	0,000	52,022	16,789	0,376	16,789	52,022	590,000	131527,702	131620,425	131621,425	131623,078	131623,279	131623,869	131623,887	47727,702	47780,425	47781,425	47783,078	47783,279	47783,869	47783,887	11,675	12,492	11,675	12,493	-13,440	13,440	NaN	4,153	1,000	629,000	251,000	571,733	215,467
250,000	470,000	720,000	2,099	80,851	93,542	2,000	51,581	16,212	0,970	16,195	51,562	380,000	131527,702	131626,821	131627,823	131629,183	131629,437	131629,817	131629,917	47727,702	47786,821	47787,823	47789,183	47789,437	47789,817	47789,917	10,633	12,628	10,606	12,632	-13,440	13,440	2,752	2,230	1,000	646,000	223,000	571,733	215,467
270,000	610,000	880,000	0,644	88,525	83,938	1,000	52,338	18,595	1,351	18,516	52,398	540,000	131527,702	131632,260	131633,260	131635,195	131635,468	131636,008	131636,087	47727,702	47792,260	47793,260	47795,195	47795,468	47796,008	47796,087	13,108	13,333	13,062	13,275	-13,440	13,440	1,107	0,390	1,000	554,000	201,000	571,733	215,467
260,000	610,000	870,000	0,205	22,951	77,046	4,000	52,112	17,790	10,646	6,519	54,737	140,000	131527,702	131638,372	131639,372	131642,922	131643,187	131643,327	131643,807	47727,702	47798,372	47799,372	47802,922	47803,187	47803,327	47803,807	12,265	12,995	4,523	5,184	-13,440	13,440	49,375	51,619	1,000	579,000	216,000	571,733	215,467
260,000	510,000	770,000	1,838	84,314	94,231	2,000	53,382	19,932	2,730	19,896	53,364	430,000	131527,702	131646,416	131647,416	131649,834	131650,098	131650,528	131650,617	47727,702	47806,416	47807,416	47809,834	47810,099	47810,529	47810,617	14,570	13,528	14,540	13,528	-13,440	13,440	1,167	1,445	1,000	515,000	183,000	571,733	215,467
210,000	470,000	680,000	1,051	68,085	75,216	2,000	51,307	18,423	1,730	15,435	52,026	320,000	131527,702	131652,853	131653,853	131657,485	131657,698	131658,018	131658,177	47727,702	47812,853	47813,853	47817,485	47817,698	47818,018	47818,177	12,408	14,098	10,547	12,058	-13,440	13,440	37,668	53,132	1,000	600,000	191,000	571,733	215,467
240,000	570,000	810,000	1,572	64,912	91,531	3,000	53,093	17,503	0,108	17,273	53,072	370,000	131527,702	131700,519	131701,519	131704,369	131704,617	131704,986	131705,198	47727,702	47820,519	47821,519	47824,369	47824,617	47824,987	47825,198	12,573	12,123	12,367	12,096	-13,440	13,440	6,024	4,839	1,000	608,000	258,000	571,733	215,467
310,000	470,000	780,000	1,104	34,043	85,438	2,000	53,714	18,693	9,206	7,959	55,068	160,000	131527,702	131707,272	131708,272	131710,076	131710,398	131710,558	131710,877	47727,702	47827,272	47828,272	47830,076	47830,398	47830,558	47830,877	13,729	12,630	5,734	6,233	-13,440	13,440	54,986	52,676	1,000	533,000	209,000	571,733	215,467
240,000	550,000	790,000	0,118	65,455	101,358	2,000	53,927	19,416	1,549	18,714	53,709	360,000	131527,702	131713,194	131714,194	131716,079	131716,327	131716,687	131716,887	47727,702	47833,194	47834,194	47836,079	47836,327	47836,687	47836,887	14,430	12,853	13,725	12,768	-13,440	13,440	3,440	3,991	1,000	574,000	219,000	571,733	215,467
250,000	540,000	790,000	2,465	98,148	67,063	0,000	50,979	16,631	0,534	16,631	50,979	530,000	131527,702	131719,464	131720,465	131724,309	131724,567	131725,097	131725,118	47727,702	47839,464	47840,465	47844,309	47844,567	47845,097	47845,118	10,579	13,418	10,580	13,420	-13,440	13,440	NaN	6,066	1,000	658,000	200,000	571,733	215,467
30,000	740,000	770,000	0,456	63,514	72,269	4,000	51,961	18,621	0,712	17,877	52,341	470,000	131527,702	131727,413	131728,413	131731,046	131731,247	131731,717	131731,998	47727,702	47847,413	47848,413	47851,046	47851,247	47851,717	47851,998	12,883	13,753	12,534	13,091	-13,440	13,440	12,626	12,104	1,000	587,000	210,000	571,733	215,467
140,000	620,000	760,000	0,811	61,290	81,831	3,000	53,008	19,750	0,970	18,135	53,299	380,000	131527,702	131734,008	131735,008	131736,014	131736,215	131736,595	131736,839	47727,702	47854,008	47855,008	47856,014	47856,215	47856,595	47856,839	14,514	13,669	13,398	12,870	-13,440	13,440	50,746	52,154	1,000	543,000	213,000	571,733	215,467
250,000	580,000	830,000	1,364	81,034	72,224	2,000	52,157	17,224	0,334	16,831	52,295	470,000	131527,702	131739,070	131740,070	131743,584	131743,838	131744,308	131744,427	47727,702	47859,070	47860,070	47863,584	47863,838	47864,308	47864,427	11,787	12,829	11,584	12,523	-13,440	13,440	1,422	4,102	1,000	618,000	230,000	571,733	215,467
250,000	520,000	770,000	0,404	80,769	87,651	2,000	53,704	18,230	0,971	18,136	53,650	420,000	131527,702	131746,809	131747,809	131749,408	131749,667	131750,087	131750,196	47727,702	47866,809	47867,809	47869,408	47869,667	47870,087	47870,197	13,390	12,347	13,300	12,345	-13,440	13,440	0,074	0,077	1,000	561,000	225,000	571,733	215,467
240,000	700,000	940,000	0,738	27,143	73,341	5,000	52,230	18,555	6,828	10,337	52,781	190,000	131527,702	131752,300	131753,300	131757,260	131757,507	131757,697	131758,217	47727,702	47872,300	47873,300	47877,260	47877,507	47877,697	47878,217	12,996	13,416	6,852	8,601	-13,440	13,440	62,983	61,603	1,000	560,000	192,000	571,733	215,467
240,000	570,000	810,000	1,473	26,316	90,538	4,000	53,434	19,993	9,930	7,235	55,002	150,000	131527,702	131800,230	131801,230	131802,960	131803,207	131803,357	131803,787	47727,702	47880,230	47881,230	47882,960	47883,207	47883,357	47883,787	14,767	13,472	5,252	5,709	-13,440	13,440	52,431	50,167	1,000	522,000	199,000	571,733	215,467
270,000	580,000	850,000	1,661	67,241	85,228	2,000	53,086	17,007	0,488	16,678	53,094	390,000	131527,702	131805,913	131806,913	131808,049	131808,328	131808,718	131808,917	47727,702	47885,913	47886,913	47888,049	47888,328	47888,718	47888,917	11,812	12,123	11,563	11,963	-13,440	13,440	0,781	0,399	1,000	625,000	241,000	571,733	215,467
230,000	560,000	790,000	0,244	80,357	86,982	2,000	52,735	17,974	0,784	17,949	52,759	450,000	131527,702	131810,616	131811,616	131813,690	131813,927	131814,377	131814,498	47727,702	47890,616	47891,616	47893,690	47893,927	47894,377	47894,498	12,684	12,769	12,687	12,724	-13,440	13,440	0,953	0,277	1,000	565,000	210,000	571,733	215,467
220,000	830,000	1050,000	1,076	49,398	77,732	6,000	52,359	17,188	0,647	16,518	52,205	410,000	131527,702	131816,550	131817,550	131818,824	131819,048	131819,458	131819,887	47727,702	47896,550	47897,550	47898,824	47899,048	47899,458	47899,887	11,701	12,797	11,100	12,490	-13,440	13,440	1,464	0,907	1,000	610,000	216,000	571,733	215,467
240,000	800,000	1040,000	1,618	16,250	76,728	6,000	50,948	18,590	12,053	5,112	54,846	130,000	131527,702	131821,611	131822,611	131826,462	131826,708	131826,838	131827,518	47727,702	47901,611	47902,611	47906,462	47906,708	47906,838	47907,518	12,095	14,654	3,352	4,461	-13,440	13,440	41,301	40,170	1,000	607,000	170,000	571,733	215,467
240,000	520,000	760,000	0,762	48,077	99,626	4,000	53,446	19,938	0,263	17,428	53,549	250,000	131527,702	131829,466	131830,467	131832,203	131832,447	131832,697	131832,978	47727,702	47909,466	47910,467	47912,203	47912,447	47912,697	47912,978	14,571	13,586	12,590	12,587	-13,440	13,440	73,867	76,145	1,000	546,000	207,000	571,733	215,467
130,000	790,000	920,000	0,667	49,367	62,806	6,000	52,686	19,304	2,069	15,097	53,008	390,000	131527,702	131834,988	131835,988	131839,264	131839,465	131839,855	131840,257	47727,702	47914,988	47915,988	47919,264	47919,465	47919,855	47920,257	13,781	13,896	10,615	11,392	-13,440	13,440	27,866	28,582	1,000	593,000	205,000	571,733	215,467
270,000	730,000	1000,000	1,359	36,986	74,686	6,000	53,351	19,121	2,884	14,281	54,248	270,000	131527,702	131842,393	131843,393	131844,517	131844,797	131845,067	131845,538	47727,702	47922,393	47923,393	47924,517	47924,797	47925,067	47925,538	14,205	12,825	10,810	9,920	-13,440	13,440	65,287	63,153	1,000	528,000	236,000	571,733	215,467
250,000	620,000	870,000	0,227	90,323	80,561	1,000	53,224	17,512	0,328	17,493	53,249	560,000	131527,702	131847,633	131848,633	131852,294	131852,547	131853,108	131853,177	47727,702	47927,633	47928,633	47932,294	47932,548	47933,108	47933,177	12,403	12,460	12,403	12,429	-13,440	13,440	0,563	0,865	1,000	565,000	211,000	571,733	215,467
250,000	670,000	920,000	0,571	20,896	68,913	5,000	52,012	18,234	11,562	5,604	54,489	140,000	131527,702	131855,162	131856,162	131900,147	131900,407	131900,547	131901,087	47727,702	47935,162	47936,162	47940,147	47940,407	47940,547	47941,087	12,545	13,445	3,715	4,759	-13,440	13,440	40,440	39,540	1,000	586,000	201,000	571,733	215,467
250,000	680,000	930,000	0,742	35,294	63,763	3,000	53,584	18,587	5,912	11,254	53,442	240,000	131527,702	131903,270	131904,270	131908,242	131908,497	131908,737	131909,187	47727,702	47943,270	47944,270	47948,242	47948,497	47948,737	47949,187	13,698	12,601	7,789	8,863	-13,440	13,440	56,318	54,212	1,000	552,000	233,000	571,733	215,467
280,000	760,000	1040,000	1,022	34,211	71,158	4,000	53,154	19,482	4,573	12,592	53,912	260,000	131527,702	131911,145	131912,145	131913,203	131913,487	131913,747	131914,258	47727,702	47951,145	47952,145	47953,203	47953,487	47953,747	47954,258	14,261	13,416	9,160	9,427	-13,440	13,440	62,286	59,870	1,000	538,000	202,000	571,733	215,467
220,000	800,000	1020,000	0,884	21,250	78,404	8,000	52,051	17,698	9,375	7,790	54,415	170,000	131527,702	131916,354	131917,354	131920,037	131920,267	131920,437	131921,077	47727,702	47956,354	47957,354	47960,037	47960,267	47960,437	47961,077	12,208	13,078	5,545	6,195	-13,440	13,440	53,172	49,742	1,000	602,000	224,000	571,733	215,467
270,000	530,000	800,000	0,365	98,113	71,152	0,000	52,942	18,309	1,141	18,307	52,942	520,000	131527,702	131922,854	131923,854	131925,814	131926,087	131926,607	131926,627	47727,702	47962,854	47963,854	47965,814	47966,087	47966,607	47966,627	13,136	12,884	13,137	12,882	-13,440	13,440	NaN	4,055	1,000	559,000	213,000	571,733	215,467
240,000	690,000	930,000	1,000	26,087	77,920	4,000	52,314	16,780	7,267	9,898	53,778	180,000	131527,702	131929,259	131930,258	131931,944	131932,188	131932,368	131932,888	47727,702	47969,260	47970,259	47971,944	47972,188	47972,368	47972,888	11,505	12,432	6,858	7,903	-13,440	13,440	62,959	61,827	1,000	607,000	220,000	571,733	215,467
230,000	550,000	780,000	0,676	25,455	80,052	4,000	51,920	17,983	10,681	6,484	54,435	140,000	131527,702	131935,130	131936,131	131937,647	131937,887	131938,027	131938,447	47727,702	47975,130	47976,131	47977,647	47977,887	47978,027	47978,447	12,265	13,360	4,307	5,439	-13,440	13,440	47,728	50,657	1,000	577,000	192,000	571,733	215,467
30,000	910,000	940,000	1,248	43,956	74,103	9,000	51,203	19,555	1,145	16,021	51,941	400,000	131527,702	131940,812	131941,812	131943,519	131943,719	131944,119	131944,637	47727,702	47980,812	47981,813	47983,519	47983,719	47984,119	47984,637	13,192	15,075	10,871	12,746	-13,440	13,440	56,879	58,042	1,000	603,000	184,000	571,733	215,467
70,000	650,000	720,000	1,483	73,846	88,428	3,000	53,282	20,288	3,024	20,189	53,261	480,000	131527,702	131946,482	131947,483	131948,805	131949,007	131949,487	131949,667	47727,702	47986,482	47987,483	47988,806	47989,007	47989,487	47989,667	14,880	13,950	14,779	13,953	-13,440	13,440	2,529	1,974	1,000	528,000	186,000	571,733	215,467
240,000	670,000	910,000	0,663	59,701	83,676	4,000	53,347	17,565	0,278	16,887	53,834	400,000	131527,702	131951,617	131952,617	131955,131	131955,378	131955,778	131956,057	47727,702	47991,617	47992,617	47995,131	47995,378	47995,778	47996,057	12,628	12,179	12,376	11,391	-13,440	13,440	2,051	1,417	1,000	573,000	239,000	571,733	215,467
190,000	570,000	760,000	0,048	98,246	74,983	0,000	52,840	18,944	1,774	18,939	52,840	560,000	131527,702	131958,255	131959,256	132003,155	132003,355	132003,915	132003,927	47727,702	47998,255	47999,256	48003,155	48003,355	48003,915	48003,927	13,702	13,420	13,702	13,418	-13,440	13,440	NaN	5,761	1,000	571,000	217,000	571,733	215,467
210,000	720,000	930,000	0,649	36,111	58,753	5,000	52,909	19,042	5,590	11,576	53,176	260,000	131527,702	132006,024	132007,024	132009,202	132009,417	132009,677	132010,147	47727,702	48006,024	48007,024	48009,202	48009,417	48009,677	48010,147	13,698	13,444	7,925	9,266	-13,440	13,440	55,346	55,222	1,000	553,000	202,000	571,733	215,467
