600,000	830,000	1430,000	0,748	14,458	29,716	9,000	38,470	15,861	22,712	2,468	34,308	120,000	124642,040	124709,464	124710,464	124713,304	124713,914	124714,034	124714,754	46002,040	46029,464	46030,464	46033,304	46033,914	46034,034	46034,755	11,435	11,326	1,681	1,869	13,440	13,440	5,526	19,502	1,000	871,000	242,000	868,978	215,467
390,000	1040,000	1430,000	0,707	12,500	30,220	12,000	37,486	16,658	22,474	2,706	33,243	130,000	124642,040	124717,030	124718,030	124721,504	124721,904	124722,034	124722,956	46002,040	46037,030	46038,030	46041,504	46041,904	46042,034	46042,956	11,690	12,077	1,699	2,140	13,440	13,440	16,296	20,378	1,000	852,000	234,000	868,978	215,467
600,000	830,000	1430,000	1,787	24,096	28,075	9,000	36,359	15,223	21,757	3,423	34,254	200,000	124642,040	124724,791	124725,792	124727,928	124728,534	124728,734	124729,376	46002,040	46044,791	46045,792	46047,928	46048,534	46048,734	46049,376	10,253	11,460	2,535	2,514	13,440	13,440	9,695	20,740	1,000	817,000	252,000	868,978	215,467
300,000	1130,000	1430,000	0,120	38,938	34,310	9,000	36,613	18,146	16,910	8,270	36,057	440,000	124642,040	124731,660	124732,660	124734,834	124735,144	124735,584	124736,287	46002,040	46051,660	46052,660	46054,834	46055,144	46055,584	46056,287	12,837	13,263	6,693	5,664	13,440	13,440	21,629	28,710	1,000	873,000	214,000	868,978	215,467
450,000	960,000	1410,000	0,085	11,458	45,233	12,000	37,466	17,450	22,619	2,561	34,255	110,000	124642,040	124738,159	124739,159	124742,755	124743,215	124743,325	124744,184	46002,040	46058,159	46059,159	46062,755	46063,215	46063,325	46064,184	12,071	12,714	1,808	1,911	13,440	13,440	21,461	23,635	1,000	866,000	216,000	868,978	215,467
430,000	1000,000	1430,000	0,246	14,000	35,091	11,000	37,786	17,391	22,465	2,715	34,193	140,000	124642,040	124745,699	124746,699	124750,097	124750,534	124750,674	124751,544	46002,040	46065,699	46066,699	46070,097	46070,534	46070,674	46071,544	12,436	12,452	2,128	1,927	13,440	13,440	16,477	19,933	1,000	867,000	224,000	868,978	215,467
480,000	950,000	1430,000	0,134	15,789	28,798	12,000	37,811	17,475	21,870	3,310	33,497	150,000	124642,040	124752,987	124753,987	124757,669	124758,154	124758,304	124759,115	46002,040	46072,987	46073,987	46077,669	46078,154	46078,304	46079,115	12,466	12,548	2,200	2,583	13,440	13,440	13,763	22,249	1,000	873,000	218,000	868,978	215,467
420,000	1010,000	1430,000	0,120	34,653	34,657	5,000	37,106	17,371	16,640	8,540	36,744	350,000	124642,040	124800,706	124801,707	124804,133	124804,554	124804,904	124805,574	46002,040	46080,706	46081,707	46084,133	46084,554	46084,904	46085,574	12,123	12,718	6,610	5,955	13,440	13,440	20,475	25,655	1,000	865,000	217,000	868,978	215,467
30,000	20,000	50,000	19,034	0,000	0,000	0,000	29,823	0,000	25,180	0,000	29,823	0,000	124642,040	124807,111	124808,111	124810,130	124810,331	124810,331	124810,355	46002,040	46087,111	46088,112	46090,130	46090,331	46090,331	46090,355	0,000	0,000	0,000	0,000	13,440	13,440	NaN	NaN	1,000	407,000	710,000	868,978	215,467
600,000	830,000	1430,000	0,447	14,458	32,917	8,000	37,144	16,746	22,779	2,401	32,912	120,000	124642,040	124817,319	124818,319	124820,470	124821,074	124821,194	124821,915	46002,040	46097,319	46098,319	46100,470	46101,074	46101,194	46101,915	11,561	12,300	1,508	1,882	13,440	13,440	15,533	20,353	1,000	855,000	223,000	868,978	215,467
570,000	860,000	1430,000	0,308	17,442	41,411	8,000	37,507	17,482	21,894	3,286	35,045	150,000	124642,040	124827,663	124828,663	124831,729	124832,305	124832,455	124833,176	46002,040	46107,663	46108,663	46111,729	46112,305	46112,455	46113,176	12,373	12,617	2,759	2,237	13,440	13,440	23,210	22,863	1,000	866,000	226,000	868,978	215,467
550,000	880,000	1430,000	0,270	18,182	38,628	10,000	37,027	17,068	21,203	3,977	34,473	160,000	124642,040	124834,635	124835,636	124838,966	124839,524	124839,684	124840,414	46002,040	46114,635	46115,636	46118,966	46119,524	46119,684	46120,414	11,657	12,616	2,845	2,927	13,440	13,440	19,450	24,935	1,000	863,000	223,000	868,978	215,467
520,000	910,000	1430,000	0,461	29,670	34,732	7,000	35,919	17,844	18,491	6,689	32,618	270,000	124642,040	124841,934	124842,934	124845,367	124845,894	124846,164	124846,814	46002,040	46121,934	46122,934	46125,367	46125,894	46126,164	46126,814	12,727	13,048	4,784	5,069	13,440	13,440	19,516	25,420	1,000	855,000	224,000	868,978	215,467
520,000	910,000	1430,000	0,290	21,978	33,645	9,000	37,392	17,039	21,220	3,960	34,129	200,000	124642,040	124848,434	124849,434	124852,011	124852,534	124852,734	124853,454	46002,040	46128,434	46129,434	46132,011	46132,534	46132,734	46133,454	11,990	12,370	2,812	2,959	13,440	13,440	15,802	22,855	1,000	861,000	222,000	868,978	215,467
540,000	890,000	1430,000	0,649	14,607	34,816	10,000	38,111	16,495	22,244	2,937	35,756	130,000	124642,040	124854,997	124855,997	124858,070	124858,615	124858,746	124859,514	46002,040	46134,997	46135,997	46138,070	46138,616	46138,746	46139,514	11,532	11,869	2,283	2,047	13,440	13,440	23,483	22,713	1,000	854,000	233,000	868,978	215,467
510,000	920,000	1430,000	0,209	15,217	39,347	10,000	37,832	17,310	21,530	3,650	34,842	140,000	124642,040	124901,844	124902,844	124905,504	124906,024	124906,164	124906,955	46002,040	46141,844	46142,844	46145,505	46146,024	46146,164	46146,955	12,228	12,472	2,718	2,672	13,440	13,440	26,224	28,458	1,000	864,000	221,000	868,978	215,467
470,000	960,000	1430,000	0,210	16,667	40,205	8,000	37,443	17,928	21,528	3,653	34,006	160,000	124642,040	124908,723	124909,723	124911,920	124912,395	124912,555	124913,364	46002,040	46148,723	46149,723	46151,920	46152,395	46152,555	46153,365	12,742	12,911	2,730	2,675	13,440	13,440	25,622	26,283	1,000	876,000	218,000	868,978	215,467
560,000	870,000	1430,000	0,197	24,138	39,981	10,000	36,942	17,720	20,005	5,175	33,913	210,000	124642,040	124915,601	124916,601	124918,925	124919,495	124919,705	124920,374	46002,040	46155,601	46156,601	46158,925	46159,495	46159,705	46160,374	12,324	12,965	3,536	3,988	13,440	13,440	26,052	26,558	1,000	862,000	215,000	868,978	215,467
560,000	870,000	1430,000	0,290	17,241	35,941	8,000	37,808	17,793	21,510	3,670	34,030	150,000	124642,040	124921,933	124922,933	124924,940	124925,505	124925,655	124926,385	46002,040	46161,933	46162,933	46164,940	46165,505	46165,655	46166,385	12,713	12,741	2,621	2,768	13,440	13,440	24,296	26,795	1,000	876,000	223,000	868,978	215,467
420,000	1010,000	1430,000	0,184	13,861	34,247	10,000	37,095	18,188	22,079	3,101	32,219	140,000	124642,040	124927,877	124928,878	124930,312	124930,736	124930,876	124931,754	46002,040	46167,877	46168,878	46170,312	46170,736	46170,876	46171,755	13,391	12,922	2,448	2,307	13,440	13,440	20,358	25,616	1,000	869,000	222,000	868,978	215,467
430,000	1000,000	1430,000	0,255	13,000	38,113	9,000	37,725	17,602	22,458	2,723	33,941	130,000	124642,040	124933,307	124934,308	124936,729	124937,166	124937,295	124938,174	46002,040	46173,307	46174,308	46176,729	46177,166	46177,296	46178,174	12,652	12,539	2,126	1,956	13,440	13,440	21,265	21,196	1,000	874,000	223,000	868,978	215,467
450,000	980,000	1430,000	0,195	20,408	34,339	14,000	37,036	18,254	21,574	3,606	33,055	200,000	124642,040	124940,006	124941,006	124942,281	124942,734	124942,934	124943,724	46002,040	46180,006	46181,006	46182,281	46182,734	46182,934	46183,724	12,979	13,194	2,613	2,717	13,440	13,440	16,787	21,849	1,000	875,000	212,000	868,978	215,467
610,000	820,000	1430,000	0,988	17,073	35,561	8,000	36,370	16,872	22,111	3,069	31,649	140,000	124642,040	124945,247	124946,247	124947,284	124947,905	124948,045	124948,735	46002,040	46185,247	46186,247	46187,284	46187,905	46188,045	46188,735	11,921	12,283	1,924	2,472	13,440	13,440	15,678	25,202	1,000	838,000	232,000	868,978	215,467
540,000	890,000	1430,000	0,835	22,472	35,932	9,000	36,652	16,957	19,873	5,307	33,247	200,000	124642,040	124950,657	124951,656	124953,716	124954,264	124954,464	124955,166	46002,040	46190,657	46191,657	46193,716	46194,264	46194,464	46195,166	11,865	12,379	3,528	4,103	13,440	13,440	14,900	23,672	1,000	845,000	233,000	868,978	215,467
550,000	880,000	1430,000	1,782	25,000	29,655	6,000	36,513	15,653	21,414	3,767	33,767	220,000	124642,040	124957,081	124958,082	125001,418	125001,974	125002,194	125002,865	46002,040	46197,081	46198,082	46201,418	46201,975	46202,195	46202,865	11,167	11,334	2,994	2,658	13,440	13,440	11,740	18,308	1,000	822,000	258,000	868,978	215,467
540,000	890,000	1430,000	0,786	15,730	32,920	9,000	36,946	16,647	22,451	2,729	32,593	140,000	124642,040	125004,642	125005,642	125007,119	125007,664	125007,804	125008,564	46002,040	46204,642	46205,642	46207,119	46207,665	46207,805	46208,564	11,850	12,025	1,809	2,103	13,440	13,440	12,859	18,951	1,000	849,000	235,000	868,978	215,467
550,000	880,000	1430,000	0,813	25,000	35,648	9,000	37,013	16,895	20,498	4,682	34,225	220,000	124642,040	125011,185	125012,185	125015,874	125016,434	125016,654	125017,325	46002,040	46211,185	46212,185	46215,874	46216,434	46216,654	46217,325	11,797	12,364	3,378	3,495	13,440	13,440	17,583	22,313	1,000	846,000	233,000	868,978	215,467
530,000	900,000	1430,000	0,357	33,333	31,978	7,000	37,662	17,323	17,866	7,315	34,856	300,000	124642,040	125019,775	125020,775	125023,799	125024,334	125024,634	125025,244	46002,040	46219,775	46220,775	46223,799	46224,334	46224,634	46225,244	12,413	12,382	5,096	5,460	13,440	13,440	26,234	27,763	1,000	867,000	228,000	868,978	215,467
540,000	890,000	1430,000	1,038	26,966	34,061	8,000	36,002	16,658	23,715	1,465	31,676	240,000	124642,040	125027,336	125028,336	125031,138	125031,685	125031,925	125032,585	46002,040	46227,336	46228,336	46231,138	46231,685	46231,925	46232,585	11,547	12,388	1,109	1,101	13,440	13,440	3,334	9,047	1,000	839,000	237,000	868,978	215,467
620,000	810,000	1430,000	0,488	18,519	35,308	10,000	37,201	17,340	22,241	2,939	33,741	150,000	124642,040	125034,393	125035,393	125038,821	125039,447	125039,596	125040,264	46002,040	46234,393	46235,393	46238,821	46239,447	46239,597	46240,264	12,085	12,656	2,108	2,203	13,440	13,440	16,725	19,691	1,000	857,000	228,000	868,978	215,467
590,000	840,000	1430,000	0,774	17,857	34,762	8,000	36,839	16,951	22,290	2,890	33,062	150,000	124642,040	125042,489	125043,489	125046,744	125047,344	125047,494	125048,195	46002,040	46242,489	46243,489	46246,744	46247,344	46247,494	46248,195	11,915	12,355	2,084	2,186	13,440	13,440	14,477	20,555	1,000	847,000	232,000	868,978	215,467
520,000	910,000	1430,000	0,215	17,582	35,777	8,000	37,291	17,310	22,220	2,960	33,485	160,000	124642,040	125050,092	125051,092	125053,068	125053,595	125053,755	125054,516	46002,040	46250,092	46251,092	46253,068	46253,596	46253,756	46254,516	12,204	12,557	2,099	2,247	13,440	13,440	19,778	19,534	1,000	865,000	222,000	868,978	215,467
550,000	880,000	1430,000	0,423	18,182	34,916	8,000	37,924	17,883	22,024	3,156	33,399	160,000	124642,040	125056,571	125057,571	125100,990	125101,546	125101,706	125102,434	46002,040	46256,571	46257,571	46260,990	46261,546	46261,706	46262,434	13,005	12,661	2,283	2,375	13,440	13,440	18,752	19,490	1,000	882,000	223,000	868,978	215,467
540,000	890,000	1430,000	0,186	20,225	47,510	7,000	38,019	17,303	19,550	5,630	34,854	180,000	124642,040	125103,744	125104,744	125105,988	125106,534	125106,714	125107,434	46002,040	46263,744	46264,744	46265,988	46266,534	46266,714	46267,434	12,454	12,275	3,934	4,251	13,440	13,440	31,932	32,348	1,000	868,000	222,000	868,978	215,467
130,000	20,000	150,000	18,506	0,000	0,000	0,000	30,729	0,000	25,180	0,000	30,729	0,000	124642,040	125109,509	125110,510	125112,924	125113,125	125113,125	125113,154	46002,040	46269,509	46270,510	46272,924	46273,125	46273,125	46273,154	0,000	0,000	0,000	0,000	13,440	13,440	NaN	NaN	1,000	406,000	683,000	868,978	215,467
180,000	20,000	200,000	18,804	0,000	0,000	0,000	29,977	0,000	25,180	0,000	29,977	0,000	124642,040	125116,041	125117,041	125118,772	125118,974	125118,974	125119,004	46002,040	46276,041	46277,041	46278,772	46278,974	46278,974	46279,005	0,000	0,000	0,000	0,000	13,440	13,440	NaN	NaN	1,000	398,000	690,000	868,978	215,467
300,000	140,000	440,000	18,626	92,857	1,571	0,000	30,267	0,131	25,052	0,128	30,267	130,000	124642,040	125121,775	125122,776	125124,106	125124,414	125124,544	125124,564	46002,040	46281,775	46282,776	46284,107	46284,414	46284,544	46284,564	0,086	0,085	0,086	0,082	13,440	13,440	NaN	0,799	1,000	405,000	688,000	868,978	215,467
520,000	910,000	1430,000	0,231	14,286	35,275	9,000	37,121	17,313	22,189	2,991	33,365	130,000	124642,040	125127,067	125128,067	125130,595	125131,125	125131,254	125132,044	46002,040	46287,067	46288,067	46290,595	46291,125	46291,255	46292,044	12,010	12,612	1,980	2,289	13,440	13,440	18,550	22,849	1,000	864,000	222,000	868,978	215,467
620,000	810,000	1430,000	1,453	23,457	36,112	6,000	36,167	15,998	21,269	3,912	33,901	190,000	124642,040	125133,904	125134,905	125138,784	125139,414	125139,604	125140,234	46002,040	46293,904	46294,905	46298,784	46299,414	46299,604	46300,234	10,698	12,051	2,681	3,011	13,440	13,440	13,109	22,044	1,000	822,000	237,000	868,978	215,467
700,000	730,000	1430,000	0,824	42,466	36,389	6,000	37,390	16,562	20,234	4,946	34,291	310,000	124642,040	125142,231	125143,232	125144,872	125145,576	125145,886	125146,315	46002,040	46302,231	46303,232	46304,872	46305,576	46305,886	46306,315	12,006	11,839	3,660	3,660	13,440	13,440	2,982	21,460	1,000	859,000	243,000	868,978	215,467
