30,000	40,000	70,000	3,644	0,000	0,297	0,000	62,607	0,013	17,164	0,001	62,685	0,000	140908,465	140930,760	140931,760	140934,912	140935,113	140935,113	140935,161	50948,465	50970,760	50971,760	50974,912	50975,113	50975,113	50975,161	0,000	0,029	0,000	0,003	-13,440	13,440	0,013	NaN	1,000	577,000	297,000	677,689	215,467
500,000	930,000	1430,000	7,351	13,978	12,586	10,000	54,339	7,662	16,518	0,647	56,924	130,000	140908,465	140939,812	140940,813	140942,352	140942,861	140942,991	140943,801	50948,465	50979,812	50980,813	50982,352	50982,861	50982,991	50983,801	5,287	5,947	0,401	0,573	-13,440	13,440	5,244	5,271	1,000	827,000	430,000	677,689	215,467
60,000	20,000	80,000	0,867	0,000	0,000	0,000	70,592	0,000	17,165	0,000	70,592	0,000	140908,465	140950,901	140951,901	140955,781	140955,981	140955,981	140956,011	50948,465	50990,901	50991,901	50995,781	50995,982	50995,982	50996,011	0,000	0,000	0,000	0,000	-13,440	13,440	NaN	NaN	1,000	650,000	229,000	677,689	215,467
920,000	20,000	940,000	16,524	0,000	0,000	0,000	57,179	0,000	17,165	0,000	57,179	0,000	140908,465	141003,261	141004,262	141007,218	141008,141	141008,141	141008,171	50948,465	51003,261	51004,262	51007,218	51008,141	51008,141	51008,171	0,000	0,000	0,000	0,000	-13,440	13,440	NaN	NaN	1,000	1045,000	674,000	677,689	215,467
630,000	800,000	1430,000	6,506	40,000	17,668	7,000	55,044	8,624	14,817	2,348	56,454	320,000	140908,465	141016,158	141017,157	141018,500	141019,131	141019,451	141019,941	50948,465	51016,158	51017,157	51018,500	51019,132	51019,452	51019,941	6,267	6,266	1,623	1,840	-13,440	13,440	10,930	6,362	1,000	793,000	416,000	677,689	215,467
160,000	50,000	210,000	16,337	0,000	0,361	0,000	56,838	0,016	17,165	0,000	56,877	0,000	140908,465	141025,913	141026,914	141028,003	141028,204	141028,204	141028,261	50948,465	51025,913	51026,914	51028,003	51028,204	51028,204	51028,261	0,000	0,029	0,000	0,000	-13,440	13,440	0,031	NaN	1,000	1033,000	675,000	677,689	215,467
290,000	20,000	310,000	16,665	0,000	0,000	0,000	57,378	0,000	17,165	0,000	57,378	0,000	140908,465	141035,364	141036,364	141037,414	141037,712	141037,712	141037,742	50948,465	51035,364	51036,364	51037,414	51037,712	51037,712	51037,742	0,000	0,000	0,000	0,000	-13,440	13,440	NaN	NaN	1,000	1053,000	674,000	677,689	215,467
30,000	1400,000	1430,000	12,756	15,000	11,225	19,000	57,720	10,026	15,237	1,928	61,840	210,000	140908,465	141039,470	141040,470	141042,702	141042,902	141043,112	141044,311	50948,465	51039,470	51040,471	51042,702	51042,902	51043,112	51044,311	7,396	7,173	1,341	1,571	-13,440	13,440	2,523	7,612	1,000	929,000	593,000	677,689	215,467
540,000	890,000	1430,000	8,239	34,831	12,607	6,000	52,930	6,906	15,778	1,388	55,371	310,000	140908,465	141055,463	141056,463	141059,668	141100,212	141100,522	141101,112	50948,465	51055,463	51056,463	51059,668	51060,212	51060,522	51061,112	4,489	5,730	0,943	1,131	-13,440	13,440	8,352	2,800	1,000	842,000	458,000	677,689	215,467
520,000	910,000	1430,000	4,815	23,077	17,310	11,000	54,162	10,456	15,699	1,467	56,674	210,000	140908,465	141106,618	141107,618	141109,598	141110,121	141110,331	141111,042	50948,465	51066,618	51067,618	51069,598	51070,121	51070,331	51071,042	7,456	7,674	1,036	1,112	-13,440	13,440	5,885	7,028	1,000	747,000	372,000	677,689	215,467
610,000	820,000	1430,000	5,107	32,927	16,383	7,000	53,939	9,905	14,136	3,029	56,469	270,000	140908,465	141120,971	141121,971	141124,523	141125,142	141125,412	141125,972	50948,465	51080,971	51081,971	51084,523	51085,142	51085,412	51085,972	6,939	7,506	2,327	2,104	-13,440	13,440	0,539	12,642	1,000	768,000	373,000	677,689	215,467
660,000	770,000	1430,000	5,613	42,857	16,810	7,000	52,703	9,561	13,689	3,476	54,835	330,000	140908,465	141133,048	141134,049	141135,533	141136,203	141136,533	141136,981	50948,465	51093,048	51094,049	51095,533	51096,203	51096,533	51096,981	6,295	7,694	2,287	2,866	-13,440	13,440	0,423	10,764	1,000	783,000	385,000	677,689	215,467
530,000	900,000	1430,000	2,520	16,667	19,450	10,000	52,765	12,564	15,926	1,239	56,982	150,000	140908,465	141146,237	141147,238	141150,679	141151,212	141151,362	141152,122	50948,465	51106,237	51107,238	51110,679	51111,212	51111,362	51112,122	8,468	9,781	0,926	0,883	-13,440	13,440	3,259	8,771	1,000	717,000	296,000	677,689	215,467
530,000	900,000	1430,000	5,765	20,000	16,807	10,000	54,821	9,944	16,158	1,008	56,911	180,000	140908,465	141200,331	141201,331	141203,278	141203,811	141203,991	141204,722	50948,465	51120,331	51121,331	51123,278	51123,811	51123,991	51124,722	7,272	7,047	0,685	0,837	-13,440	13,440	6,353	5,607	1,000	769,000	399,000	677,689	215,467
470,000	960,000	1430,000	2,588	32,292	18,870	10,000	52,493	12,337	12,951	4,214	55,358	310,000	140908,465	141212,912	141213,911	141216,704	141217,181	141217,491	141218,152	50948,465	51132,912	51133,911	51136,704	51137,181	51137,491	51138,152	8,385	9,480	2,997	3,207	-13,440	13,440	7,322	14,734	1,000	699,000	305,000	677,689	215,467
240,000	20,000	260,000	5,491	0,000	0,000	0,000	65,038	0,000	17,165	0,000	65,038	0,000	140908,465	141231,467	141232,467	141233,842	141234,092	141234,092	141234,122	50948,465	51151,467	51152,467	51153,842	51154,092	51154,092	51154,122	0,000	0,000	0,000	0,000	-13,440	13,440	NaN	NaN	1,000	797,000	370,000	677,689	215,467
900,000	530,000	1430,000	8,257	52,830	16,702	3,000	54,061	6,881	14,099	3,067	55,741	280,000	140908,465	141241,360	141242,360	141243,624	141244,531	141244,811	141245,073	50948,465	51161,360	51162,360	51163,624	51164,531	51164,811	51165,073	4,669	5,468	2,169	2,377	-13,440	13,440	1,747	12,754	1,000	846,000	456,000	677,689	215,467
530,000	900,000	1430,000	3,995	27,778	17,337	6,000	53,894	11,406	14,229	2,937	56,095	250,000	140908,465	141252,595	141253,595	141255,555	141256,091	141256,341	141257,001	50948,465	51172,595	51173,595	51175,555	51176,091	51176,341	51177,001	8,036	8,424	2,016	2,356	-13,440	13,440	4,405	11,301	1,000	736,000	345,000	677,689	215,467
410,000	1020,000	1430,000	1,947	15,686	28,264	8,000	53,466	16,449	15,892	1,273	57,264	160,000	140908,465	141303,758	141304,758	141306,835	141307,252	141307,412	141308,283	50948,465	51183,758	51184,758	51186,835	51187,252	51187,412	51188,283	11,790	11,879	0,942	0,972	-13,440	13,440	0,570	8,586	1,000	609,000	224,000	677,689	215,467
280,000	1150,000	1430,000	2,085	13,043	19,620	10,000	51,467	13,629	17,089	0,076	56,252	150,000	140908,465	141314,270	141315,270	141318,554	141318,842	141318,992	141320,001	50948,465	51194,270	51195,270	51198,554	51198,842	51198,992	51200,001	8,982	10,852	0,069	0,062	-13,440	13,440	6,953	0,473	1,000	706,000	284,000	677,689	215,467
350,000	1080,000	1430,000	2,864	17,593	16,997	12,000	52,926	13,351	15,937	1,228	56,253	190,000	140908,465	141324,939	141325,939	141328,048	141328,402	141328,592	141329,491	50948,465	51204,939	51205,939	51208,048	51208,402	51208,592	51209,491	9,376	9,895	0,886	0,958	-13,440	13,440	2,008	7,421	1,000	694,000	316,000	677,689	215,467
500,000	930,000	1430,000	4,358	30,108	19,652	8,000	54,943	11,235	15,635	1,530	56,559	280,000	140908,465	141335,325	141336,325	141337,731	141338,241	141338,521	141339,182	50948,465	51215,325	51216,325	51217,731	51218,241	51218,521	51219,182	8,485	7,592	1,028	1,237	-13,440	13,440	15,824	2,923	1,000	710,000	367,000	677,689	215,467
30,000	1400,000	1430,000	0,139	22,143	7,178	14,000	67,267	3,676	16,775	0,391	68,878	310,000	140908,465	141347,444	141348,444	141350,260	141350,461	141350,771	141351,871	50948,465	51227,444	51228,444	51230,260	51230,461	51230,771	51231,871	3,152	2,025	0,290	0,495	-13,440	13,440	0,802	0,419	1,000	673,000	217,000	677,689	215,467
530,000	900,000	1430,000	1,525	15,556	22,429	10,000	52,193	13,518	16,029	1,136	56,991	140,000	140908,465	141356,317	141357,317	141358,472	141359,013	141359,153	141399,921	50948,465	51236,317	51237,317	51238,472	51239,013	51239,153	51239,921	8,860	10,846	0,803	0,896	-13,440	13,440	2,597	8,276	1,000	710,000	259,000	677,689	215,467
560,000	870,000	1430,000	1,533	24,138	23,033	10,000	52,363	13,967	14,659	2,506	56,535	210,000	140908,465	141405,958	141406,958	141409,284	141409,851	141410,061	141410,731	50948,465	51245,958	51246,958	51249,284	51249,851	51250,061	51250,731	9,211	11,206	1,699	2,079	-13,440	13,440	2,835	13,209	1,000	719,000	251,000	677,689	215,467
250,000	1180,000	1430,000	2,056	11,864	17,639	10,000	51,780	13,499	17,110	0,055	56,566	140,000	140908,465	141417,235	141418,236	141420,924	141421,181	141421,321	141422,371	50948,465	51257,235	51258,236	51260,924	51261,181	51261,321	51262,371	8,909	10,756	0,059	0,028	-13,440	13,440	13,032	0,100	1,000	708,000	282,000	677,689	215,467
1180,000	20,000	1200,000	16,544	0,000	0,000	0,000	56,425	0,000	17,165	0,000	56,425	0,000	140908,465	141426,834	141427,834	141428,850	141430,042	141430,042	141430,071	50948,465	51266,834	51267,834	51268,850	51270,042	51270,042	51270,071	0,000	0,000	0,000	0,000	-13,440	13,440	NaN	NaN	1,000	1032,000	685,000	677,689	215,467
740,000	690,000	1430,000	1,030	23,188	4,516	6,000	69,874	1,153	16,847	0,319	70,613	160,000	140908,465	141431,435	141432,435	141436,030	141436,773	141436,933	141437,473	50948,465	51271,435	51272,435	51276,030	51276,773	51276,933	51277,473	0,956	0,591	0,259	0,152	-13,440	13,440	0,933	0,851	1,000	645,000	232,000	677,689	215,467
410,000	1020,000	1430,000	0,884	27,451	21,914	9,000	50,924	15,535	13,622	3,543	56,212	280,000	140908,465	141442,009	141443,010	141445,328	141445,741	141446,021	141446,771	50948,465	51282,010	51283,010	51285,328	51285,741	51286,021	51286,771	9,732	13,084	2,339	3,074	-13,440	13,440	9,280	16,601	1,000	691,000	187,000	677,689	215,467
30,000	1140,000	1170,000	0,793	9,649	27,361	12,000	50,514	15,296	17,099	0,067	56,597	110,000	140908,465	141451,281	141452,281	141455,077	141455,278	141455,388	141456,422	50948,465	51291,281	51292,281	51295,077	51295,278	51295,388	51296,422	9,595	12,718	0,042	0,078	-13,440	13,440	5,826	0,334	1,000	698,000	235,000	677,689	215,467
140,000	20,000	160,000	16,668	0,000	0,000	0,000	56,131	0,000	17,165	0,000	56,131	0,000	140908,465	141502,666	141503,666	141505,585	141505,786	141505,786	141505,812	50948,465	51302,666	51303,666	51305,585	51305,786	51305,786	51305,812	0,000	0,000	0,000	0,000	-13,440	13,440	NaN	NaN	1,000	1030,000	692,000	677,689	215,467
510,000	920,000	1430,000	0,269	35,870	23,238	9,000	51,320	14,305	13,215	3,951	55,146	330,000	140908,465	141512,925	141513,925	141515,608	141516,121	141516,451	141517,052	50948,465	51312,925	51313,925	51315,608	51316,121	51316,451	51317,052	9,244	11,756	2,622	3,378	-13,440	13,440	2,631	14,216	1,000	677,000	225,000	677,689	215,467
540,000	890,000	1430,000	7,161	21,348	14,907	9,000	53,164	7,845	15,869	1,296	55,529	190,000	140908,465	141522,911	141523,911	141525,152	141525,702	141525,892	141526,601	50948,465	51322,911	51323,911	51325,152	51325,702	51325,892	51326,602	5,160	6,373	0,825	1,128	-13,440	13,440	3,262	6,515	1,000	810,000	433,000	677,689	215,467
510,000	920,000	1430,000	2,752	16,304	24,164	7,000	52,004	12,982	15,449	1,716	55,877	150,000	140908,465	141533,707	141534,707	141538,000	141538,512	141538,662	141539,441	50948,465	51333,707	51334,707	51338,000	51338,512	51338,662	51339,441	8,692	10,087	1,229	1,321	-13,440	13,440	4,582	12,301	1,000	703,000	310,000	677,689	215,467
910,000	520,000	1430,000	6,487	42,308	20,249	6,000	53,542	8,015	13,860	3,305	55,362	220,000	140908,465	141555,277	141556,278	141558,818	141559,731	141559,951	141600,262	50948,465	51355,277	51356,278	51358,818	51359,731	51359,951	51360,262	5,322	6,428	2,265	2,612	-13,440	13,440	4,410	17,654	1,000	800,000	411,000	677,689	215,467
430,000	990,000	1420,000	0,950	17,172	28,090	8,000	51,612	16,232	14,199	2,966	55,929	170,000	140908,465	141606,744	141607,744	141609,493	141609,932	141610,101	141610,931	50948,465	51366,744	51367,744	51369,493	51369,932	51370,102	51370,931	10,774	12,714	2,068	2,428	-13,440	13,440	16,803	16,916	1,000	644,000	213,000	677,689	215,467
30,000	170,000	200,000	16,647	88,235	0,909	1,000	57,074	0,079	17,100	0,066	57,074	150,000	140908,465	141615,933	141616,933	141618,027	141618,228	141618,378	141618,401	50948,465	51375,933	51376,933	51378,027	51378,228	51378,378	51378,401	0,058	0,057	0,054	0,047	-13,440	13,440	NaN	0,040	1,000	1047,000	678,000	677,689	215,467
120,000	20,000	140,000	16,216	0,000	0,000	0,000	57,443	0,000	17,165	0,000	57,443	0,000	140908,465	141618,989	141619,989	141623,977	141624,178	141624,178	141624,202	50948,465	51378,989	51379,989	51383,977	51384,178	51384,178	51384,202	0,000	0,000	0,000	0,000	-13,440	13,440	NaN	NaN	1,000	1040,000	664,000	677,689	215,467
380,000	840,000	1220,000	0,222	16,667	5,392	11,000	54,816	2,275	16,923	0,242	61,474	140,000	140908,465	141653,322	141654,321	141655,966	141656,351	141656,492	141657,201	50948,465	51413,322	51414,321	51415,966	51416,352	51416,492	51417,201	0,395	3,713	0,058	0,408	-13,440	13,440	1,373	1,366	1,000	672,000	210,000	677,689	215,467
480,000	950,000	1430,000	0,749	23,158	31,529	8,000	51,392	18,141	14,689	2,476	55,658	220,000	140908,465	141701,092	141702,093	141703,590	141704,074	141704,294	141705,031	50948,465	51421,092	51422,093	51423,590	51424,074	51424,294	51425,031	12,418	13,786	1,811	1,897	-13,440	13,440	0,068	13,498	1,000	574,000	189,000	571,022	215,467
