360,000	790,000	1150,000	1,196	39,241	62,709	4,000	53,088	18,927	3,696	13,469	53,722	310,000	104400,871	104443,816	104444,816	104447,444	104447,807	104448,117	104448,608	38640,872	38683,816	38684,816	38687,444	38687,807	38688,117	38688,608	13,783	12,914	9,762	9,577	-13,440	13,440	39,420	41,363	1,000	529,000	222,000	571,022	215,467
320,000	820,000	1140,000	0,269	30,488	56,352	7,000	53,241	17,470	6,421	10,744	55,163	250,000	104400,871	104451,072	104452,072	104455,287	104455,617	104455,867	104456,447	38640,872	38691,072	38692,072	38695,287	38695,617	38695,867	38696,447	12,377	12,376	7,921	7,510	-13,440	13,440	48,138	47,469	1,000	578,000	222,000	571,022	215,467
330,000	830,000	1160,000	0,509	18,072	54,690	7,000	53,099	18,085	12,921	4,244	56,327	150,000	104400,871	104457,666	104458,666	104501,429	104501,768	104501,918	104502,608	38640,872	38697,666	38698,666	38701,429	38701,768	38701,918	38702,608	12,938	12,714	3,162	3,081	-13,440	13,440	28,193	26,499	1,000	553,000	214,000	571,022	215,467
270,000	610,000	880,000	1,063	40,984	61,695	4,000	53,088	19,183	6,743	10,422	54,968	250,000	104400,871	104503,683	104504,684	104507,261	104507,537	104507,787	104508,157	38640,872	38703,684	38704,684	38707,261	38707,537	38707,787	38708,157	13,925	13,333	7,848	7,438	-13,440	13,440	52,830	54,867	1,000	535,000	204,000	571,022	215,467
30,000	960,000	990,000	0,451	25,000	53,421	7,000	53,439	18,452	12,294	4,871	56,003	240,000	104400,871	104509,533	104510,534	104513,224	104513,425	104513,665	104514,390	38640,872	38709,533	38710,535	38713,225	38713,425	38713,665	38714,390	13,641	12,685	3,804	3,552	-13,440	13,440	28,681	27,785	1,000	561,000	228,000	571,022	215,467
280,000	1120,000	1400,000	0,469	14,286	50,982	8,000	53,264	17,977	12,724	4,441	55,282	160,000	104400,871	104515,467	104516,468	104519,898	104520,187	104520,347	104521,317	38640,872	38715,467	38716,468	38719,898	38720,187	38720,347	38721,317	13,079	12,489	3,109	3,584	-13,440	13,440	26,462	26,277	1,000	560,000	228,000	571,022	215,467
270,000	610,000	880,000	1,912	77,049	83,627	2,000	53,733	20,010	2,533	19,699	53,813	470,000	104400,871	104522,428	104523,429	104525,683	104525,957	104526,427	104526,578	38640,872	38722,428	38723,429	38725,683	38725,957	38726,427	38726,578	15,245	13,107	15,035	12,934	-13,440	13,440	3,057	4,003	1,000	504,000	204,000	571,022	215,467
270,000	690,000	960,000	0,846	24,638	55,673	5,000	53,234	18,289	11,096	6,069	54,868	170,000	104400,871	104527,899	104528,899	104531,199	104531,477	104531,647	104532,177	38640,872	38727,899	38728,899	38731,199	38731,477	38731,647	38732,177	13,137	12,881	4,089	5,080	-13,440	13,440	39,665	38,949	1,000	549,000	195,000	571,022	215,467
300,000	600,000	900,000	1,057	26,667	63,317	2,000	52,765	18,394	11,512	5,654	54,655	160,000	104400,871	104533,580	104534,580	104538,319	104538,627	104538,787	104539,239	38640,872	38733,580	38734,581	38738,319	38738,627	38738,787	38739,239	13,277	12,769	3,982	4,452	-13,440	13,440	36,786	34,972	1,000	534,000	222,000	571,022	215,467
310,000	450,000	760,000	1,527	97,778	85,805	0,000	50,890	18,381	1,214	18,380	50,890	440,000	104400,871	104540,553	104541,553	104543,418	104543,739	104544,178	104544,197	38640,872	38740,554	38741,553	38743,418	38743,739	38744,179	38744,197	12,094	14,316	12,094	14,316	-13,440	13,440	NaN	5,002	1,000	585,000	163,000	571,022	215,467
260,000	750,000	1010,000	1,868	41,333	66,428	3,000	53,023	19,637	3,488	13,677	53,931	310,000	104400,871	104545,689	104546,689	104549,125	104549,387	104549,697	104550,148	38640,872	38745,689	38746,689	38749,125	38749,388	38749,698	38750,148	14,231	13,641	9,967	9,877	-13,440	13,440	50,658	49,333	1,000	512,000	185,000	571,022	215,467
350,000	880,000	1230,000	0,190	17,045	69,769	10,000	52,329	18,117	12,806	4,359	55,260	150,000	104400,871	104552,567	104553,567	104554,616	104554,977	104555,127	104555,867	38640,872	38752,567	38753,567	38754,616	38754,977	38755,127	38755,867	12,799	13,023	3,070	3,540	-13,440	13,440	27,513	29,305	1,000	573,000	209,000	571,022	215,467
420,000	670,000	1090,000	1,214	37,313	73,891	4,000	53,673	19,550	6,094	11,072	54,898	250,000	104400,871	104557,524	104558,524	104601,155	104601,577	104601,827	104602,257	38640,872	38757,524	38758,524	38761,155	38761,577	38761,827	38762,257	14,431	13,331	8,266	8,148	-13,440	13,440	57,430	58,436	1,000	530,000	202,000	571,022	215,467
80,000	770,000	850,000	1,504	15,584	69,781	4,000	53,670	19,853	17,081	0,084	57,570	120,000	104400,871	104603,866	104604,866	104606,599	104606,800	104606,920	104607,577	38640,872	38763,866	38764,866	38766,599	38766,800	38766,920	38767,577	14,740	13,586	0,131	0,037	-13,440	13,440	2,956	0,260	1,000	524,000	190,000	571,022	215,467
400,000	720,000	1120,000	0,301	45,833	61,144	4,000	52,401	17,673	3,404	13,762	52,731	330,000	104400,871	104609,107	104610,108	104612,230	104612,637	104612,967	104613,368	38640,872	38769,108	38770,108	38772,230	38772,637	38772,967	38773,368	12,349	12,825	9,470	10,522	-13,440	13,440	43,575	45,338	1,000	566,000	206,000	571,022	215,467
440,000	800,000	1240,000	0,905	62,500	77,020	5,000	53,762	18,531	0,193	17,358	53,862	500,000	104400,871	104614,987	104615,988	104618,590	104619,037	104619,537	104619,847	38640,872	38774,987	38775,988	38778,590	38779,037	38779,537	38779,847	13,669	12,516	12,755	11,828	-13,440	13,440	0,227	0,564	1,000	541,000	227,000	571,022	215,467
270,000	570,000	840,000	0,865	26,316	52,291	4,000	51,118	18,079	13,051	4,114	54,763	150,000	104400,871	104622,874	104623,874	104625,923	104626,197	104626,347	104626,779	38640,872	38782,874	38783,874	38785,923	38786,197	38786,347	38786,779	12,125	13,842	2,793	3,439	-13,440	13,440	18,330	27,197	1,000	594,000	195,000	571,022	215,467
390,000	460,000	850,000	1,117	32,609	79,274	2,000	52,277	19,060	12,112	5,053	55,762	150,000	104400,871	104628,597	104629,598	104631,228	104631,627	104631,777	104632,097	38640,872	38788,597	38789,598	38791,228	38791,627	38791,777	38792,097	13,446	13,648	3,829	3,716	-13,440	13,440	15,682	31,836	1,000	537,000	195,000	571,022	215,467
360,000	590,000	950,000	1,162	50,847	57,846	4,000	52,379	18,505	5,119	12,047	53,340	300,000	104400,871	104633,996	104634,996	104636,151	104636,519	104636,819	104637,117	38640,872	38793,996	38794,996	38796,151	38796,520	38796,820	38797,117	13,081	13,304	8,483	9,103	-13,440	13,440	38,247	46,935	1,000	537,000	192,000	571,022	215,467
30,000	1090,000	1120,000	0,404	58,716	49,672	3,000	51,593	18,716	1,559	15,606	51,632	640,000	104400,871	104639,215	104640,216	104642,480	104642,681	104643,321	104643,777	38640,872	38799,215	38800,216	38802,480	38802,681	38803,321	38803,778	13,052	13,838	10,625	12,131	-13,440	13,440	21,906	20,817	1,000	576,000	202,000	571,022	215,467
320,000	710,000	1030,000	0,182	18,310	66,776	6,000	51,510	17,448	12,735	4,431	55,396	130,000	104400,871	104645,557	104646,557	104650,390	104650,717	104650,847	104651,437	38640,872	38805,557	38806,557	38810,390	38810,717	38810,847	38811,437	11,786	13,024	3,152	3,308	-13,440	13,440	31,344	33,984	1,000	571,000	209,000	571,022	215,467
380,000	750,000	1130,000	0,875	41,333	52,665	2,000	52,480	18,418	6,254	10,911	53,823	310,000	104400,871	104653,254	104654,254	104656,437	104656,827	104657,137	104657,587	38640,872	38813,254	38814,254	38816,437	38816,827	38817,137	38817,587	12,940	13,416	7,687	8,396	-13,440	13,440	43,757	43,175	1,000	561,000	186,000	571,022	215,467
300,000	600,000	900,000	0,134	98,333	53,486	0,000	52,087	17,869	0,704	17,869	52,087	590,000	104400,871	104659,230	104700,230	104703,448	104703,758	104704,348	104704,368	38640,872	38819,230	38820,230	38823,448	38823,758	38824,348	38824,368	12,489	12,968	12,490	12,966	-13,440	13,440	NaN	7,575	1,000	567,000	218,000	571,022	215,467
360,000	850,000	1210,000	0,477	18,824	60,127	5,000	53,136	17,616	12,566	4,600	55,661	160,000	104400,871	104705,719	104706,719	104710,190	104710,558	104710,718	104711,418	38640,872	38825,719	38826,719	38830,191	38830,558	38830,718	38831,418	12,742	12,291	3,290	3,573	-13,440	13,440	31,608	30,907	1,000	557,000	225,000	571,022	215,467
320,000	770,000	1090,000	0,598	35,065	48,021	4,000	52,606	18,458	7,600	9,566	53,456	270,000	104400,871	104713,049	104714,049	104717,493	104717,819	104718,089	104718,597	38640,872	38833,049	38834,050	38837,493	38837,819	38838,089	38838,597	13,136	13,163	6,490	7,649	-13,440	13,440	38,138	40,394	1,000	552,000	206,000	571,022	215,467
310,000	1120,000	1430,000	0,310	24,107	48,472	10,000	51,394	17,828	7,963	9,203	52,439	270,000	104400,871	104720,012	104721,012	104723,973	104724,287	104724,557	104725,417	38640,872	38840,012	38841,012	38843,973	38844,287	38844,557	38845,417	12,175	13,331	5,978	7,645	-13,440	13,440	44,044	44,707	1,000	578,000	224,000	571,022	215,467
430,000	680,000	1110,000	1,908	20,588	78,873	6,000	53,768	20,555	13,189	3,977	56,071	140,000	104400,871	104727,090	104728,090	104729,243	104729,677	104729,817	104730,367	38640,872	38847,090	38848,090	38849,243	38849,677	38849,817	38850,367	15,470	13,501	2,999	2,946	-13,440	13,440	28,629	29,276	1,000	507,000	193,000	571,022	215,467
340,000	720,000	1060,000	0,484	19,444	50,999	6,000	53,094	18,117	13,776	3,389	56,298	140,000	104400,871	104732,204	104733,205	104735,193	104735,538	104735,678	104736,267	38640,872	38852,204	38853,205	38855,193	38855,538	38855,678	38856,267	12,885	13,024	2,365	2,751	-13,440	13,440	19,677	24,117	1,000	576,000	199,000	571,022	215,467
370,000	840,000	1210,000	0,406	28,571	42,669	6,000	52,866	18,108	9,757	7,409	54,749	240,000	104400,871	104741,613	104742,613	104744,469	104744,847	104745,087	104745,697	38640,872	38861,613	38862,613	38864,469	38864,847	38865,087	38865,697	12,939	12,855	5,240	5,668	-13,440	13,440	33,035	35,518	1,000	557,000	212,000	571,022	215,467
340,000	770,000	1110,000	0,253	25,974	51,546	6,000	51,947	17,960	11,438	5,728	54,667	200,000	104400,871	104747,388	104748,388	104750,178	104750,529	104750,729	104751,308	38640,872	38867,388	38868,388	38870,179	38870,529	38870,729	38871,308	12,493	13,194	3,999	4,521	-13,440	13,440	26,906	33,094	1,000	568,000	207,000	571,022	215,467
390,000	870,000	1260,000	0,429	13,793	49,242	8,000	52,884	17,779	13,855	3,310	54,976	120,000	104400,871	104753,291	104754,291	104757,561	104757,958	104758,078	104758,837	38640,872	38873,291	38874,291	38877,561	38877,958	38878,078	38878,837	12,769	12,434	2,047	2,893	-13,440	13,440	26,608	27,018	1,000	560,000	226,000	571,022	215,467
430,000	740,000	1170,000	0,691	25,676	64,027	6,000	53,264	18,319	11,430	5,735	55,372	190,000	104400,871	104800,484	104801,485	104805,190	104805,627	104805,817	104806,377	38640,872	38880,484	38881,485	38885,190	38885,627	38885,817	38886,377	13,391	12,632	4,210	4,420	-13,440	13,440	28,538	33,711	1,000	548,000	224,000	571,022	215,467
440,000	730,000	1170,000	1,228	20,548	40,068	6,000	52,647	18,572	13,631	3,534	55,301	150,000	104400,871	104808,255	104809,255	104811,098	104811,549	104811,699	104812,287	38640,872	38888,255	38889,255	38891,098	38891,549	38891,699	38892,287	13,304	13,163	2,412	2,881	-13,440	13,440	24,075	22,547	1,000	533,000	194,000	571,022	215,467
390,000	660,000	1050,000	0,586	37,879	48,052	4,000	52,952	18,282	9,616	7,550	54,747	250,000	104400,871	104814,135	104815,135	104816,703	104817,099	104817,349	104817,767	38640,872	38894,135	38895,135	38896,703	38897,099	38897,349	38897,767	13,136	12,967	5,386	5,854	-13,440	13,440	28,125	34,471	1,000	553,000	205,000	571,022	215,467
450,000	640,000	1090,000	0,519	64,062	48,474	2,000	52,241	17,889	3,286	13,880	53,239	410,000	104400,871	104819,953	104820,953	104822,147	104822,607	104823,017	104823,257	38640,872	38899,953	38900,953	38902,147	38902,607	38903,017	38903,257	12,433	13,194	9,807	10,321	-13,440	13,440	26,347	31,699	1,000	577,000	198,000	571,022	215,467
310,000	1030,000	1340,000	0,111	23,301	44,353	9,000	52,914	18,327	10,855	6,310	55,768	240,000	104400,871	104825,099	104826,098	104827,700	104828,017	104828,257	104829,058	38640,872	38905,099	38906,099	38907,700	38908,017	38908,257	38909,058	13,248	12,998	4,855	4,507	-13,440	13,440	30,822	30,818	1,000	568,000	218,000	571,022	215,467
360,000	990,000	1350,000	0,552	28,283	46,854	8,000	51,216	18,237	9,092	8,073	54,387	280,000	104400,871	104830,686	104831,687	104833,678	104834,048	104834,328	104835,046	38640,872	38910,687	38911,687	38913,678	38914,048	38914,328	38915,047	12,347	13,980	5,890	6,130	-13,440	13,440	33,174	33,558	1,000	580,000	198,000	571,022	215,467
290,000	1010,000	1300,000	0,058	13,861	37,432	12,000	52,793	17,971	13,937	3,228	56,138	140,000	104400,871	104837,091	104838,091	104841,958	104842,258	104842,398	104843,277	38640,872	38917,091	38918,091	38921,958	38922,258	38922,398	38923,277	12,827	12,855	2,419	2,434	-13,440	13,440	22,714	24,494	1,000	569,000	215,000	571,022	215,467
280,000	1060,000	1340,000	0,313	23,585	36,436	8,000	53,509	18,063	10,997	6,168	55,478	250,000	104400,871	104844,904	104845,904	104848,248	104848,538	104848,788	104849,607	38640,872	38924,904	38925,904	38928,248	38928,538	38928,788	38929,607	13,192	12,544	4,483	4,610	-13,440	13,440	25,602	24,803	1,000	562,000	222,000	571,022	215,467
350,000	1080,000	1430,000	0,184	29,630	34,164	10,000	52,463	18,121	10,192	6,973	54,774	320,000	104400,871	104851,625	104852,627	104854,184	104854,537	104854,857	104855,627	38640,872	38931,626	38932,627	38934,184	38934,537	38934,857	38935,627	12,881	13,015	5,059	5,183	-13,440	13,440	26,480	27,487	1,000	571,000	222,000	571,022	215,467
