760,000	1170,000	1930,000	0,612	22,222	29,338	16,000	53,723	18,442	14,619	2,546	56,675	260,000	110643,776	110711,837	110712,838	110716,285	110717,047	110717,307	110718,226	40003,776	40031,837	40032,838	40036,285	40037,047	40037,307	40038,226	13,695	12,576	2,026	1,695	-13,440	13,440	9,230	14,864	1,000	552,000	226,000	571,022	215,467
580,000	1350,000	1930,000	0,437	16,296	24,470	13,000	54,171	17,372	13,855	3,311	56,756	220,000	110643,776	110720,291	110721,290	110724,383	110724,967	110725,187	110726,326	40003,776	40040,291	40041,290	40044,383	40044,967	40045,187	40046,326	12,925	11,773	2,509	2,350	-13,440	13,440	13,333	18,646	1,000	571,000	231,000	571,022	215,467
350,000	1580,000	1930,000	0,680	11,392	24,268	14,000	53,442	18,005	16,487	0,678	56,579	180,000	110643,776	110728,502	110729,503	110732,388	110732,746	110732,926	110734,337	40003,776	40048,502	40049,503	40052,388	40052,746	40052,926	40054,337	13,386	12,275	0,592	0,399	-13,440	13,440	2,411	4,453	1,000	560,000	237,000	571,022	215,467
80,000	20,000	100,000	18,804	0,000	0,000	0,000	56,513	0,000	17,165	0,000	56,513	0,000	110643,776	110736,798	110737,798	110739,982	110740,183	110740,183	110740,206	40003,776	40056,798	40057,798	40059,982	40060,183	40060,183	40060,206	0,000	0,000	0,000	0,000	-13,440	13,440	NaN	NaN	1,000	1042,000	690,000	571,022	215,467
490,000	1440,000	1930,000	0,837	15,972	24,885	18,000	53,256	18,891	13,799	3,366	56,249	230,000	110643,776	110744,307	110745,307	110747,077	110747,576	110747,806	110749,026	40003,776	40064,307	40065,307	40067,077	40067,576	40067,806	40069,026	13,841	13,123	2,563	2,450	-13,440	13,440	12,963	19,530	1,000	544,000	203,000	571,022	215,467
590,000	1340,000	1930,000	1,164	16,418	22,057	19,000	52,848	19,516	14,929	2,236	56,321	220,000	110643,776	110750,765	110751,766	110754,623	110755,216	110755,436	110756,567	40003,776	40070,766	40071,766	40074,623	40075,216	40075,436	40076,567	14,199	13,744	1,723	1,561	-13,440	13,440	1,752	12,086	1,000	541,000	187,000	571,022	215,467
350,000	1440,000	1790,000	0,930	7,639	23,570	18,000	53,201	19,558	16,671	0,494	56,603	110,000	110643,776	110758,525	110759,525	110802,098	110802,457	110802,567	110803,905	40003,776	40078,525	40079,525	40082,099	40082,457	40082,567	40083,905	14,344	13,558	0,335	0,423	-13,440	13,440	4,072	4,471	1,000	540,000	204,000	571,022	215,467
1000,000	930,000	1930,000	1,313	15,054	22,541	12,000	53,489	15,300	15,662	1,504	57,678	140,000	110643,776	110806,140	110807,140	110810,439	110811,446	110811,586	110812,386	40003,776	40086,140	40087,140	40090,439	40091,446	40091,586	40092,386	10,806	11,254	1,208	0,986	-13,440	13,440	0,374	11,394	1,000	616,000	228,000	571,022	215,467
550,000	1380,000	1930,000	0,245	21,014	26,132	10,000	52,435	19,014	13,363	3,802	55,643	290,000	110643,776	110814,383	110815,382	110819,345	110819,896	110820,186	110821,286	40003,776	40094,383	40095,382	40099,345	40099,896	40100,186	40101,286	13,516	13,718	2,781	2,814	-13,440	13,440	9,962	13,997	1,000	569,000	207,000	571,022	215,467
530,000	1320,000	1850,000	0,971	20,455	24,433	12,000	53,059	19,492	13,658	3,507	56,029	270,000	110643,776	110822,900	110823,900	110827,037	110827,577	110827,847	110828,905	40003,776	40102,900	40103,900	40107,037	40107,577	40107,847	40108,905	14,178	13,674	2,592	2,638	-13,440	13,440	10,171	17,084	1,000	544,000	194,000	571,022	215,467
60,000	20,000	80,000	19,241	0,000	0,000	0,000	56,410	0,000	17,165	0,000	56,410	0,000	110643,776	110830,596	110831,597	110835,303	110835,504	110835,504	110835,527	40003,776	40110,596	40111,597	40115,303	40115,504	40115,504	40115,527	0,000	0,000	0,000	0,000	-13,440	13,440	NaN	NaN	1,000	1054,000	700,000	571,022	215,467
400,000	1530,000	1930,000	1,825	15,686	24,512	22,000	52,079	20,380	15,570	1,595	56,218	240,000	110643,776	110838,619	110839,619	110842,337	110842,748	110842,988	110844,286	40003,776	40118,619	40119,619	40122,337	40122,748	40122,988	40124,286	14,458	14,739	1,220	1,140	-13,440	13,440	5,983	7,329	1,000	529,000	166,000	571,022	215,467
500,000	1430,000	1930,000	0,532	22,378	25,779	14,000	52,518	19,314	13,713	3,453	55,705	320,000	110643,776	110846,369	110847,369	110850,536	110851,046	110851,366	110852,487	40003,776	40126,369	40127,369	40130,536	40131,046	40131,366	40132,487	13,895	13,766	2,590	2,594	-13,440	13,440	12,252	14,353	1,000	556,000	204,000	571,022	215,467
580,000	1350,000	1930,000	0,510	11,852	25,299	12,000	52,619	19,338	16,056	1,109	56,296	160,000	110643,776	110853,942	110854,942	110857,554	110858,137	110858,297	110859,495	40003,776	40133,942	40134,942	40137,554	40138,137	40138,297	40139,495	13,954	13,711	0,811	0,879	-13,440	13,440	0,731	7,421	1,000	555,000	207,000	571,022	215,467
1130,000	720,000	1850,000	1,306	20,833	44,999	10,000	52,863	19,489	12,915	4,250	55,941	150,000	110643,776	110900,872	110901,873	110903,813	110904,947	110905,097	110905,676	40003,776	40140,872	40141,873	40143,813	40144,947	40145,097	40145,676	13,728	13,951	2,835	3,356	-13,440	13,440	26,757	27,739	1,000	545,000	177,000	571,022	215,467
540,000	1330,000	1870,000	1,284	30,827	31,248	10,000	52,611	19,309	8,562	8,604	53,616	410,000	110643,776	110907,257	110908,256	110909,921	110910,466	110910,876	110911,805	40003,776	40147,257	40148,256	40149,922	40150,466	40150,876	40151,805	13,870	13,758	5,864	6,861	-13,440	13,440	23,165	27,323	1,000	537,000	185,000	571,022	215,467
620,000	1290,000	1910,000	0,364	9,302	24,675	20,000	52,421	19,693	15,622	1,543	56,207	120,000	110643,776	110913,673	110914,673	110915,787	110916,416	110916,536	110917,716	40003,776	40153,673	40154,673	40155,787	40156,416	40156,536	40157,716	14,006	14,091	1,092	1,185	-13,440	13,440	10,888	12,592	1,000	565,000	204,000	571,022	215,467
490,000	1400,000	1890,000	1,363	26,429	33,467	9,000	53,107	20,194	9,572	7,594	54,204	370,000	110643,776	110919,133	110920,133	110923,835	110924,327	110924,697	110925,735	40003,776	40159,133	40160,133	40163,835	40164,327	40164,697	40165,735	14,711	14,147	5,162	6,161	-13,440	13,440	26,402	25,368	1,000	538,000	180,000	571,022	215,467
400,000	1450,000	1850,000	0,423	22,069	25,755	16,000	53,004	18,780	13,207	3,958	55,324	320,000	110643,776	110927,597	110928,597	110931,005	110931,405	110931,725	110932,866	40003,776	40167,597	40168,597	40171,005	40171,405	40171,725	40172,866	13,643	13,191	2,755	3,158	-13,440	13,440	12,387	15,902	1,000	557,000	210,000	571,022	215,467
630,000	1300,000	1930,000	0,423	21,538	25,333	14,000	52,585	18,269	13,337	3,829	55,839	280,000	110643,776	110934,277	110935,277	110937,603	110938,237	110938,517	110939,546	40003,776	40174,277	40175,278	40177,603	40178,237	40178,517	40179,546	13,004	13,191	2,871	2,806	-13,440	13,440	12,940	14,277	1,000	586,000	217,000	571,022	215,467
540,000	1390,000	1930,000	0,168	12,950	29,829	14,000	52,849	18,547	14,365	2,801	56,060	180,000	110643,776	110941,061	110942,061	110943,453	110943,996	110944,176	110945,395	40003,776	40181,061	40182,061	40183,453	40183,996	40184,176	40185,395	13,277	13,219	1,999	2,168	-13,440	13,440	12,423	13,405	1,000	575,000	211,000	571,022	215,467
630,000	810,000	1440,000	0,993	34,568	38,244	6,000	53,380	18,329	9,760	7,405	55,308	280,000	110643,776	110955,615	110956,615	110958,306	110958,947	110959,227	110959,766	40003,776	40195,615	40196,615	40198,306	40198,947	40199,227	40199,766	13,303	12,714	5,321	5,429	-13,440	13,440	27,800	29,907	1,000	537,000	206,000	571,022	215,467
730,000	1200,000	1930,000	1,064	18,333	24,143	13,000	52,734	19,342	14,063	3,103	55,774	220,000	110643,776	111001,506	111002,506	111005,745	111006,476	111006,696	111007,686	40003,776	40201,506	40202,506	40205,745	40206,476	40206,696	40207,686	13,899	13,745	2,166	2,453	-13,440	13,440	7,377	14,641	1,000	544,000	189,000	571,022	215,467
470,000	1370,000	1840,000	0,410	18,978	28,381	12,000	52,855	18,583	13,764	3,402	55,633	260,000	110643,776	111009,603	111010,605	111011,864	111012,337	111012,597	111013,716	40003,776	40209,603	40210,605	40211,864	40212,337	40212,597	40213,717	13,305	13,331	2,232	2,920	-13,440	13,440	17,206	17,374	1,000	580,000	204,000	571,022	215,467
380,000	1470,000	1850,000	1,175	19,048	24,593	18,000	52,084	19,635	14,461	2,704	55,326	280,000	110643,776	111015,053	111016,053	111019,733	111020,116	111020,396	111021,595	40003,776	40215,053	40216,053	40219,733	40220,116	40220,396	40221,595	13,899	14,235	1,823	2,253	-13,440	13,440	7,013	12,866	1,000	546,000	182,000	571,022	215,467
380,000	1400,000	1780,000	1,041	11,429	28,248	18,000	52,268	19,756	15,480	1,686	55,851	160,000	110643,776	111022,876	111023,876	111025,104	111025,486	111025,646	111026,897	40003,776	40222,876	40223,876	40225,104	40225,486	40225,646	40226,897	14,034	14,232	1,123	1,418	-13,440	13,440	8,040	10,019	1,000	550,000	185,000	571,022	215,467
370,000	1390,000	1760,000	0,786	23,741	26,701	12,000	53,279	19,060	13,362	3,803	56,307	330,000	110643,776	111028,558	111029,558	111033,551	111033,928	111034,258	111035,326	40003,776	40228,558	40229,559	40233,551	40233,928	40234,258	40235,326	13,867	13,390	2,822	2,812	-13,440	13,440	10,409	13,214	1,000	552,000	195,000	571,022	215,467
420,000	1510,000	1930,000	0,378	7,947	21,116	19,000	52,884	18,645	16,265	0,901	56,653	120,000	110643,776	111037,095	111038,095	111041,853	111042,276	111042,396	111043,797	40003,776	40237,095	40238,095	40241,853	40242,276	40242,396	40243,797	13,416	13,277	0,640	0,739	-13,440	13,440	7,176	7,856	1,000	564,000	204,000	571,022	215,467
360,000	1350,000	1710,000	0,770	15,556	24,226	18,000	53,225	19,052	14,844	2,321	56,780	210,000	110643,776	111044,887	111045,887	111048,547	111048,918	111049,128	111050,275	40003,776	40244,887	40245,887	40248,547	40248,918	40249,128	40250,275	13,727	13,538	1,672	1,772	-13,440	13,440	6,465	12,848	1,000	564,000	189,000	571,022	215,467
440,000	1490,000	1930,000	0,976	16,779	30,639	12,000	53,200	19,965	12,985	4,180	55,962	250,000	110643,776	111051,556	111052,556	111054,069	111054,518	111054,768	111056,016	40003,776	40251,556	40252,556	40254,069	40254,518	40254,768	40256,016	14,597	13,870	3,095	3,112	-13,440	13,440	18,472	19,168	1,000	543,000	195,000	571,022	215,467
30,000	1710,000	1740,000	1,025	7,602	23,714	14,000	52,300	19,604	17,106	0,059	56,774	130,000	110643,776	111057,415	111058,416	111101,372	111101,573	111101,704	111103,287	40003,776	40257,415	40258,416	40261,372	40261,574	40261,704	40263,287	13,952	14,175	0,064	0,031	-13,440	13,440	0,445	0,476	1,000	551,000	185,000	571,022	215,467
410,000	1400,000	1810,000	0,746	20,000	35,029	10,000	53,287	19,825	13,685	3,481	56,685	280,000	110643,776	111104,598	111105,599	111107,495	111107,905	111108,186	111109,318	40003,776	40264,599	40265,599	40267,495	40267,906	40268,186	40269,318	14,458	13,837	2,722	2,385	-13,440	13,440	15,756	16,536	1,000	553,000	196,000	571,022	215,467
150,000	1480,000	1630,000	18,891	10,811	34,468	17,000	54,926	22,785	14,127	3,038	67,791	160,000	110643,776	111110,721	111111,722	111113,053	111113,254	111113,413	111114,738	40003,776	40270,721	40271,722	40273,053	40273,254	40273,414	40274,738	16,486	17,104	2,576	2,205	-13,440	13,440	20,137	20,489	1,000	1059,000	677,000	571,022	215,467
440,000	790,000	1230,000	2,429	25,316	47,970	8,000	53,268	20,800	13,725	3,440	56,037	200,000	110643,776	111117,032	111118,032	111119,655	111120,108	111120,308	111120,905	40003,776	40277,032	40278,032	40279,655	40280,108	40280,308	40280,905	15,219	14,404	2,427	2,761	-13,440	13,440	9,881	18,082	1,000	504,000	161,000	571,022	215,467
600,000	1100,000	1700,000	0,402	22,727	40,577	8,000	52,635	19,687	12,258	4,908	55,681	250,000	110643,776	111122,114	111123,114	111126,999	111127,605	111127,855	111128,717	40003,776	40282,114	40283,114	40286,999	40287,605	40287,855	40288,717	13,867	14,374	3,435	3,909	-13,440	13,440	22,969	23,813	1,000	564,000	203,000	571,022	215,467
30,000	20,000	50,000	19,086	0,000	0,000	0,000	57,153	0,000	17,165	0,000	57,153	0,000	110643,776	111130,022	111131,022	111132,417	111132,619	111132,619	111132,645	40003,776	40290,022	40291,022	40292,417	40292,619	40292,619	40292,645	0,000	0,000	0,000	0,000	-13,440	13,440	NaN	NaN	1,000	1061,000	685,000	571,022	215,467
30,000	110,000	140,000	18,923	0,000	0,915	0,000	56,689	0,040	17,165	0,000	56,702	0,000	110643,776	111135,010	111136,010	111139,136	111139,337	111139,337	111139,457	40003,776	40295,010	40296,010	40299,137	40299,337	40299,337	40299,457	0,030	0,029	0,000	0,000	-13,440	13,440	0,088	NaN	1,000	1048,000	690,000	571,022	215,467
30,000	80,000	110,000	19,026	0,000	2,490	0,000	56,197	0,144	17,162	0,004	56,291	0,000	110643,776	111141,994	111142,995	111146,013	111146,214	111146,214	111146,296	40003,776	40301,994	40302,995	40306,013	40306,214	40306,214	40306,296	0,087	0,087	0,003	0,003	-13,440	13,440	1,598	NaN	1,000	1040,000	703,000	571,022	215,467
350,000	970,000	1320,000	1,191	20,619	34,418	8,000	53,407	20,060	13,877	3,288	56,376	200,000	110643,776	111148,746	111149,746	111153,656	111154,015	111154,215	111154,995	40003,776	40308,746	40309,746	40313,656	40314,015	40314,215	40314,995	14,769	13,757	2,480	2,320	-13,440	13,440	11,696	17,928	1,000	532,000	199,000	571,022	215,467
390,000	1050,000	1440,000	0,361	27,619	41,320	7,000	52,538	19,080	13,769	3,396	56,399	290,000	110643,776	111156,139	111157,139	111159,022	111159,417	111159,707	111200,476	40003,776	40316,139	40317,139	40319,022	40319,417	40319,707	40320,476	13,612	13,726	2,667	2,374	-13,440	13,440	17,162	16,140	1,000	568,000	203,000	571,022	215,467
