710,000	1220,000	1930,000	3,966	10,656	17,033	15,000	39,531	12,721	24,707	0,473	33,109	130,000	123006,406	123027,625	123028,625	123032,100	123032,817	123032,947	123034,046	45006,406	45027,625	45028,625	45032,100	45032,817	45032,947	45034,046	10,465	8,225	0,713	0,144	13,440	13,440	7,136	3,333	1,000	811,000	344,000	868,978	215,467
720,000	1210,000	1930,000	1,979	17,355	26,594	16,000	36,970	15,586	24,532	0,648	30,903	210,000	123006,406	123038,286	123039,286	123042,723	123043,446	123043,656	123044,667	45006,406	45038,286	45039,286	45042,723	45043,446	45043,656	45044,667	11,407	11,128	0,509	0,424	13,440	13,440	9,310	1,508	1,000	820,000	266,000	868,978	215,467
440,000	1490,000	1930,000	0,986	17,450	18,447	18,000	38,491	16,426	23,792	1,388	33,492	260,000	123006,406	123046,778	123047,778	123050,246	123050,697	123050,957	123052,195	45006,406	45046,778	45047,778	45050,246	45050,697	45050,957	45052,195	12,532	11,279	1,528	0,724	13,440	13,440	3,085	5,234	1,000	863,000	250,000	868,978	215,467
30,000	30,000	60,000	19,827	0,000	0,000	0,000	26,924	0,000	25,180	0,000	26,924	0,000	123006,406	123054,372	123055,374	123056,574	123056,774	123056,774	123056,805	45006,406	45054,372	45055,374	45056,574	45056,775	45056,775	45056,805	0,000	0,000	0,000	0,000	13,440	13,440	NaN	NaN	1,000	356,000	699,000	868,978	215,467
350,000	1580,000	1930,000	1,214	7,595	21,596	24,000	37,039	19,712	24,332	0,848	29,820	120,000	123006,406	123101,219	123102,219	123103,887	123104,246	123104,366	123105,836	45006,406	45061,219	45062,219	45063,887	45064,246	45064,366	45065,836	14,498	14,039	0,638	0,630	13,440	13,440	2,224	6,798	1,000	910,000	202,000	868,978	215,467
30,000	20,000	50,000	19,109	0,000	0,000	0,000	28,798	0,000	25,180	0,000	28,798	0,000	123006,406	123107,540	123108,539	123111,376	123111,577	123111,577	123111,608	45006,406	45067,540	45068,539	45071,376	45071,577	45071,577	45071,608	0,000	0,000	0,000	0,000	13,440	13,440	NaN	NaN	1,000	376,000	683,000	868,978	215,467
350,000	1520,000	1870,000	0,592	14,474	19,571	16,000	37,585	18,579	23,096	2,084	32,906	220,000	123006,406	123115,122	123116,123	123118,460	123118,816	123119,036	123120,346	45006,406	45075,122	45076,123	45078,460	45078,816	45079,036	45080,346	13,444	13,248	1,731	1,398	13,440	13,440	6,073	5,949	1,000	889,000	209,000	868,978	215,467
420,000	1510,000	1930,000	0,230	8,609	20,125	24,000	39,373	17,140	24,593	0,587	32,732	130,000	123006,406	123122,126	123123,126	123125,183	123125,606	123125,736	123127,125	45006,406	45082,126	45083,126	45085,183	45085,606	45085,736	45087,125	13,111	11,632	0,522	0,382	13,440	13,440	3,360	4,020	1,000	875,000	221,000	868,978	215,467
400,000	1530,000	1930,000	0,921	20,915	21,532	15,000	38,287	18,174	22,251	2,930	32,247	320,000	123006,406	123130,423	123131,423	123133,535	123133,946	123134,266	123135,488	45006,406	45090,423	45091,423	45093,535	45093,946	45094,266	45095,488	13,792	12,586	2,322	2,004	13,440	13,440	1,093	9,245	1,000	900,000	205,000	868,978	215,467
420,000	1510,000	1930,000	1,625	18,543	23,339	14,000	38,293	19,528	22,473	2,707	32,928	280,000	123006,406	123137,017	123138,016	123140,534	123140,957	123141,237	123142,476	45006,406	45097,017	45098,016	45100,534	45100,957	45101,237	45102,476	14,623	13,632	2,267	1,854	13,440	13,440	1,811	7,933	1,000	923,000	195,000	868,978	215,467
420,000	1460,000	1880,000	1,212	16,438	20,539	14,000	39,534	18,618	21,916	3,264	33,200	240,000	123006,406	123144,000	123145,000	123147,309	123147,735	123147,975	123149,205	45006,406	45104,000	45105,000	45107,309	45107,735	45107,975	45109,205	14,487	12,460	2,456	2,359	13,440	13,440	11,549	14,006	1,000	912,000	213,000	868,978	215,467
70,000	1760,000	1830,000	0,621	10,227	22,897	20,000	38,333	18,998	25,053	0,127	29,499	180,000	123006,406	123150,585	123151,585	123153,894	123154,095	123154,275	123155,855	45006,406	45110,585	45111,585	45113,894	45114,095	45114,275	45115,855	14,683	12,966	0,117	0,112	13,440	13,440	0,167	0,269	1,000	891,000	217,000	868,978	215,467
30,000	20,000	50,000	19,473	0,000	0,000	0,000	27,506	0,000	25,180	0,000	27,506	0,000	123006,406	123157,410	123158,411	123201,272	123201,472	123201,472	123201,496	45006,406	45117,410	45118,411	45121,272	45121,472	45121,472	45121,496	0,000	0,000	0,000	0,000	13,440	13,440	NaN	NaN	1,000	352,000	676,000	868,978	215,467
270,000	20,000	290,000	18,945	0,000	0,000	0,000	29,374	0,000	25,180	0,000	29,374	0,000	123006,406	123204,761	123205,762	123209,693	123209,965	123209,965	123209,996	45006,406	45124,761	45125,762	45129,693	45129,965	45129,965	45129,996	0,000	0,000	0,000	0,000	13,440	13,440	NaN	NaN	1,000	385,000	684,000	868,978	215,467
440,000	1490,000	1930,000	1,154	12,081	18,225	23,000	40,393	17,945	22,866	2,314	32,665	180,000	123006,406	123213,215	123214,215	123218,132	123218,577	123218,757	123220,076	45006,406	45133,215	45134,215	45138,132	45138,577	45138,757	45140,076	14,398	11,707	1,744	1,664	13,440	13,440	6,142	13,105	1,000	910,000	214,000	868,978	215,467
500,000	1430,000	1930,000	0,849	8,392	21,376	16,000	37,436	19,136	24,369	0,811	30,671	120,000	123006,406	123224,630	123225,631	123227,652	123228,155	123228,275	123229,596	45006,406	45144,630	45145,631	45147,652	45148,155	45148,275	45149,596	14,036	13,556	0,604	0,602	13,440	13,440	3,900	6,492	1,000	896,000	202,000	868,978	215,467
440,000	20,000	460,000	19,048	0,000	0,000	0,000	28,682	0,000	25,180	0,000	28,682	0,000	123006,406	123230,983	123231,983	123235,114	123235,555	123235,555	123235,586	45006,406	45150,983	45151,983	45155,114	45155,555	45155,555	45155,586	0,000	0,000	0,000	0,000	13,440	13,440	NaN	NaN	1,000	366,000	669,000	868,978	215,467
390,000	1460,000	1850,000	0,397	13,014	23,495	20,000	38,831	17,969	23,481	1,699	33,192	190,000	123006,406	123241,180	123242,182	123245,581	123245,975	123246,165	123247,447	45006,406	45161,180	45162,182	45165,581	45165,975	45166,165	45167,447	13,586	12,319	1,499	1,079	13,440	13,440	4,931	7,807	1,000	883,000	217,000	868,978	215,467
390,000	1540,000	1930,000	0,450	11,688	23,762	18,000	38,184	18,350	22,493	2,687	31,709	180,000	123006,406	123249,014	123250,014	123252,920	123253,318	123253,497	123254,865	45006,406	45169,014	45170,014	45172,920	45173,318	45173,498	45174,865	13,793	12,715	1,801	2,072	13,440	13,440	8,215	12,574	1,000	884,000	210,000	868,978	215,467
380,000	1490,000	1870,000	0,503	14,094	21,838	14,000	39,003	17,948	22,216	2,964	33,423	210,000	123006,406	123256,543	123257,543	123259,014	123259,395	123259,605	123300,896	45006,406	45176,543	45177,543	45179,014	45179,395	45179,605	45180,896	13,587	12,292	2,195	2,150	13,440	13,440	8,137	9,418	1,000	886,000	210,000	868,978	215,467
580,000	1350,000	1930,000	1,179	18,519	23,056	16,000	38,404	18,371	22,142	3,038	33,736	250,000	123006,406	123302,591	123303,592	123306,222	123306,806	123307,056	123308,167	45006,406	45182,591	45183,592	45186,222	45186,806	45187,056	45188,167	13,614	12,890	2,406	2,093	13,440	13,440	6,523	14,537	1,000	909,000	203,000	868,978	215,467
400,000	1440,000	1840,000	1,118	18,750	24,664	12,000	40,081	18,028	21,403	3,777	35,194	270,000	123006,406	123310,090	123311,090	123314,993	123315,396	123315,666	123316,847	45006,406	45190,090	45191,090	45194,993	45195,396	45195,666	45196,847	14,064	11,953	3,025	2,547	13,440	13,440	12,704	13,315	1,000	908,000	223,000	868,978	215,467
500,000	1430,000	1930,000	0,291	9,790	23,644	15,000	36,787	18,414	24,199	0,981	29,407	140,000	123006,406	123318,281	123319,282	123321,339	123321,846	123321,986	123323,286	45006,406	45198,281	45199,282	45201,339	45201,846	45201,986	45203,286	13,652	13,064	0,722	0,725	13,440	13,440	5,934	6,973	1,000	879,000	218,000	868,978	215,467
350,000	1320,000	1670,000	1,233	15,152	26,972	12,000	38,586	19,130	22,361	2,819	32,544	200,000	123006,406	123324,834	123325,834	123326,891	123327,247	123327,447	123328,576	45006,406	45204,834	45205,834	45206,891	45207,247	45207,447	45208,576	14,599	13,079	2,275	1,941	13,440	13,440	8,552	10,812	1,000	912,000	207,000	868,978	215,467
380,000	1550,000	1930,000	1,239	10,323	24,960	20,000	38,190	19,421	22,831	2,349	32,050	160,000	123006,406	123329,948	123330,949	123333,398	123333,786	123333,946	123335,346	45006,406	45209,948	45210,949	45213,398	45213,786	45213,946	45215,347	14,635	13,444	1,903	1,628	13,440	13,440	13,902	13,851	1,000	912,000	206,000	868,978	215,467
30,000	60,000	90,000	19,207	0,000	0,581	0,000	28,459	0,025	25,180	0,000	28,494	0,000	123006,406	123336,690	123337,691	123339,335	123339,536	123339,536	123339,607	45006,406	45216,690	45217,691	45219,335	45219,536	45219,536	45219,607	0,000	0,029	0,000	0,000	13,440	13,440	0,056	NaN	1,000	375,000	687,000	868,978	215,467
430,000	1440,000	1870,000	0,481	9,722	24,348	16,000	37,603	17,989	23,956	1,224	31,930	140,000	123006,406	123342,518	123343,519	123345,383	123345,816	123345,956	123347,266	45006,406	45222,518	45223,519	45225,383	45225,816	45225,956	45227,266	13,249	12,712	1,042	0,873	13,440	13,440	8,238	10,337	1,000	878,000	230,000	868,978	215,467
420,000	1510,000	1930,000	1,029	12,583	22,032	20,000	39,115	18,688	23,289	1,891	32,720	190,000	123006,406	123348,713	123349,714	123350,888	123351,318	123351,508	123352,836	45006,406	45228,713	45229,714	45230,888	45231,318	45231,508	45232,836	14,291	12,712	1,536	1,283	13,440	13,440	2,262	7,713	1,000	905,000	209,000	868,978	215,467
350,000	1580,000	1930,000	1,410	10,759	31,862	20,000	39,170	20,836	21,975	3,205	32,784	170,000	123006,406	123354,261	123355,261	123357,152	123357,507	123357,677	123359,097	45006,406	45234,261	45235,261	45237,152	45237,507	45237,677	45239,097	15,735	14,374	2,278	2,429	13,440	13,440	11,108	22,548	1,000	830,000	247,000	868,978	215,467
380,000	1530,000	1910,000	1,130	12,418	24,345	16,000	39,057	18,540	22,610	2,570	32,279	190,000	123006,406	123400,213	123401,214	123405,191	123405,576	123405,766	123407,115	45006,406	45240,213	45241,214	45245,191	45245,576	45245,766	45247,115	14,401	12,460	1,955	1,847	13,440	13,440	8,824	10,094	1,000	908,000	225,000	868,978	215,467
340,000	1460,000	1800,000	0,651	12,329	20,697	16,000	38,336	18,292	22,610	2,570	32,726	180,000	123006,406	123408,562	123409,562	123410,759	123411,108	123411,288	123412,576	45006,406	45248,562	45249,562	45250,759	45251,108	45251,288	45252,576	13,584	12,741	1,835	1,910	13,440	13,440	14,285	14,022	1,000	892,000	218,000	868,978	215,467
390,000	1350,000	1740,000	1,296	22,963	35,553	14,000	38,260	19,419	21,548	3,632	32,764	310,000	123006,406	123414,096	123415,098	123418,472	123418,867	123419,177	123420,226	45006,406	45254,096	45255,098	45258,472	45258,867	45259,177	45260,226	14,711	13,416	2,893	2,567	13,440	13,440	9,292	12,722	1,000	912,000	199,000	868,978	215,467
430,000	1420,000	1850,000	0,202	11,972	28,668	13,000	37,882	18,347	22,514	2,666	32,100	170,000	123006,406	123422,275	123423,276	123426,360	123426,795	123426,965	123428,226	45006,406	45262,275	45263,276	45266,360	45266,795	45266,965	45268,226	13,783	12,741	2,087	1,916	13,440	13,440	14,152	14,212	1,000	876,000	214,000	868,978	215,467
530,000	1400,000	1930,000	0,425	15,714	26,797	15,000	39,590	17,974	21,652	3,528	35,562	220,000	123006,406	123429,501	123430,500	123433,630	123434,167	123434,387	123435,576	45006,406	45269,501	45270,500	45273,630	45274,167	45274,387	45275,577	13,642	12,210	3,006	2,303	13,440	13,440	16,608	17,144	1,000	884,000	214,000	868,978	215,467
450,000	1330,000	1780,000	1,481	18,045	30,545	14,000	38,654	19,422	21,589	3,591	32,449	240,000	123006,406	123437,303	123438,304	123440,396	123440,856	123441,096	123442,195	45006,406	45277,303	45278,304	45280,396	45280,856	45281,096	45282,195	14,825	13,306	2,631	2,683	13,440	13,440	12,212	17,117	1,000	919,000	199,000	868,978	215,467
360,000	1230,000	1590,000	0,428	19,512	25,755	12,000	36,360	19,251	21,216	3,964	31,880	240,000	123006,406	123443,458	123444,458	123446,233	123446,595	123446,835	123447,835	45006,406	45283,458	45284,458	45286,233	45286,595	45286,835	45287,835	13,896	13,869	3,070	2,856	13,440	13,440	12,250	15,228	1,000	879,000	204,000	868,978	215,467
470,000	1460,000	1930,000	2,372	19,178	27,763	13,000	38,451	19,356	21,667	3,513	33,309	280,000	123006,406	123448,960	123449,960	123453,295	123453,766	123454,046	123455,236	45006,406	45288,960	45289,960	45293,295	45293,766	45294,046	45295,236	14,598	13,544	3,047	2,312	13,440	13,440	13,763	16,266	1,000	803,000	268,000	868,978	215,467
410,000	1320,000	1730,000	1,136	13,636	25,312	14,000	39,158	18,830	22,225	2,955	33,259	180,000	123006,406	123456,647	123457,646	123500,071	123500,486	123500,666	123501,815	45006,406	45296,647	45297,646	45300,071	45300,486	45300,666	45301,815	14,488	12,717	2,370	2,058	13,440	13,440	9,440	15,296	1,000	908,000	205,000	868,978	215,467
300,000	20,000	320,000	19,284	0,000	0,000	0,000	28,518	0,000	25,180	0,000	28,518	0,000	123006,406	123503,788	123504,788	123507,537	123507,846	123507,846	123507,876	45006,406	45303,788	45304,788	45307,537	45307,846	45307,846	45307,876	0,000	0,000	0,000	0,000	13,440	13,440	NaN	NaN	1,000	376,000	692,000	868,978	215,467
30,000	120,000	150,000	1,927	91,667	3,085	0,000	71,218	0,198	24,981	0,199	71,218	110,000	123006,406	123514,047	123515,047	123516,455	123516,656	123516,766	123516,786	45006,406	45314,047	45315,047	45316,455	45316,656	45316,766	45316,786	0,169	0,113	0,171	0,111	13,440	13,440	NaN	2,860	1,000	841,000	278,000	868,978	215,467
