320,000	1380,000	1700,000	19,286	14,493	24,043	12,000	64,001	17,536	20,717	4,464	72,544	200,000	111708,662	111731,506	111732,506	111735,246	111735,575	111735,775	111736,967	40628,662	40651,506	40652,506	40655,246	40655,575	40655,775	40656,967	13,837	11,897	3,779	2,520	13,440	13,440	19,994	21,435	1,000	360,000	675,000	868,978	215,467
100,000	20,000	120,000	3,761	0,000	0,000	0,000	69,212	0,000	25,180	0,000	69,212	0,000	111708,662	111737,828	111738,828	111740,656	111740,857	111740,857	111740,885	40628,662	40657,828	40658,828	40660,656	40660,857	40660,857	40660,885	0,000	0,000	0,000	0,000	13,440	13,440	NaN	NaN	1,000	756,000	287,000	868,978	215,467
550,000	1380,000	1930,000	0,827	22,464	19,801	16,000	37,297	16,888	21,527	3,653	33,835	310,000	111708,662	111743,223	111744,222	111746,869	111747,425	111747,735	111748,816	40628,662	40663,223	40664,222	40666,869	40667,426	40667,736	40668,816	12,437	11,939	3,155	2,351	13,440	13,440	9,712	14,984	1,000	847,000	235,000	868,978	215,467
640,000	1290,000	1930,000	2,421	12,403	14,881	18,000	37,649	14,658	23,734	1,446	33,079	160,000	111708,662	111752,274	111753,274	111756,856	111757,507	111757,667	111758,805	40628,662	40672,275	40673,274	40676,856	40677,507	40677,667	40678,805	10,891	10,276	1,234	0,942	13,440	13,440	1,068	10,176	1,000	812,000	280,000	868,978	215,467
380,000	1550,000	1930,000	0,656	9,677	17,711	23,000	36,030	17,682	24,044	1,136	31,003	150,000	111708,662	111802,683	111803,683	111806,253	111806,636	111806,786	111808,195	40628,662	40682,683	40683,683	40686,253	40686,636	40686,786	40688,195	12,638	12,865	1,124	0,678	13,440	13,440	0,331	6,970	1,000	850,000	229,000	868,978	215,467
500,000	1430,000	1930,000	1,621	9,790	18,352	23,000	36,960	16,036	24,153	1,027	32,020	140,000	111708,662	111810,862	111811,862	111814,465	111814,978	111815,118	111816,416	40628,662	40690,862	40691,862	40694,465	40694,978	40695,118	40696,416	11,636	11,483	1,031	0,576	13,440	13,440	1,068	7,699	1,000	829,000	257,000	868,978	215,467
620,000	1310,000	1930,000	1,725	18,321	18,573	13,000	36,288	16,287	22,539	2,641	32,056	240,000	111708,662	111818,980	111819,981	111823,747	111824,376	111824,616	111825,695	40628,662	40698,980	40699,981	40703,747	40704,376	40704,616	40705,695	11,663	11,796	2,077	1,851	13,440	13,440	5,038	11,284	1,000	819,000	251,000	868,978	215,467
600,000	1330,000	1930,000	0,085	25,564	23,233	12,000	36,748	18,206	20,509	4,671	32,486	340,000	111708,662	111828,305	111829,305	111832,478	111833,086	111833,426	111834,425	40628,662	40708,305	40709,305	40712,478	40713,086	40713,426	40714,425	13,119	13,113	3,446	3,413	13,440	13,440	5,960	14,775	1,000	866,000	215,000	868,978	215,467
380,000	20,000	400,000	19,222	0,000	0,000	0,000	29,020	0,000	25,180	0,000	29,020	0,000	111708,662	111836,413	111837,413	111839,336	111839,727	111839,727	111839,756	40628,662	40716,413	40717,413	40719,336	40719,727	40719,727	40719,756	0,000	0,000	0,000	0,000	13,440	13,440	NaN	NaN	1,000	390,000	703,000	868,978	215,467
620,000	1310,000	1930,000	1,291	10,687	18,239	16,000	36,326	16,649	24,011	1,169	29,933	140,000	111708,662	111843,029	111844,028	111847,111	111847,735	111847,875	111849,055	40628,662	40723,029	40724,028	40727,111	40727,735	40727,875	40729,055	12,105	11,970	0,805	0,889	13,440	13,440	1,910	7,306	1,000	829,000	238,000	868,978	215,467
550,000	1380,000	1930,000	0,606	15,217	19,176	20,000	36,886	17,543	21,970	3,210	34,250	210,000	111708,662	111851,303	111852,304	111855,588	111856,145	111856,355	111857,536	40628,662	40731,303	40732,304	40735,588	40736,145	40736,355	40737,536	12,265	12,802	2,677	2,111	13,440	13,440	11,619	15,689	1,000	853,000	201,000	868,978	215,467
390,000	1540,000	1930,000	0,397	12,338	20,380	16,000	36,592	18,412	22,246	2,934	32,681	190,000	111708,662	111900,629	111901,628	111903,949	111904,346	111904,536	111905,896	40628,662	40740,629	40741,628	40743,949	40744,346	40744,536	40745,896	13,078	13,351	2,434	1,993	13,440	13,440	16,686	16,577	1,000	857,000	208,000	868,978	215,467
420,000	1510,000	1930,000	1,542	11,258	19,790	20,000	36,757	16,324	23,833	1,347	31,834	170,000	111708,662	111907,485	111908,485	111911,693	111912,118	111912,288	111913,637	40628,662	40747,485	40748,485	40751,693	40752,118	40752,288	40753,637	11,822	11,735	1,181	0,887	13,440	13,440	1,665	8,064	1,000	830,000	254,000	868,978	215,467
370,000	1280,000	1650,000	0,252	10,937	26,172	14,000	37,786	17,796	23,311	1,869	33,570	140,000	111708,662	111916,800	111917,800	111919,231	111919,606	111919,746	111920,896	40628,662	40756,800	40757,800	40759,231	40759,606	40759,746	40760,896	12,771	12,714	1,556	1,250	13,440	13,440	13,000	14,290	1,000	866,000	207,000	868,978	215,467
350,000	1410,000	1760,000	0,717	14,894	21,592	11,000	36,870	18,840	21,885	3,295	32,374	210,000	111708,662	111922,366	111923,365	111926,858	111927,215	111927,425	111928,635	40628,662	40762,366	40763,365	40766,858	40767,215	40767,425	40768,635	13,500	13,557	2,511	2,345	13,440	13,440	13,587	14,157	1,000	870,000	190,000	868,978	215,467
380,000	1370,000	1750,000	1,067	13,139	22,942	14,000	37,727	18,662	22,423	2,757	33,298	180,000	111708,662	111930,693	111931,693	111934,530	111934,917	111935,097	111936,296	40628,662	40770,693	40771,693	40774,530	40774,917	40775,097	40776,296	13,418	13,334	2,139	1,951	13,440	13,440	8,604	14,875	1,000	875,000	178,000	868,978	215,467
120,000	20,000	140,000	19,583	0,000	0,000	0,000	27,735	0,000	25,180	0,000	27,735	0,000	111708,662	111938,097	111939,097	111940,455	111940,656	111940,656	111940,686	40628,662	40778,097	40779,097	40780,455	40780,656	40780,656	40780,686	0,000	0,000	0,000	0,000	13,440	13,440	NaN	NaN	1,000	367,000	698,000	868,978	215,467
390,000	1450,000	1840,000	0,554	13,103	23,494	20,000	37,547	18,854	22,788	2,392	31,929	190,000	111708,662	111944,870	111945,871	111948,800	111949,196	111949,386	111950,655	40628,662	40784,870	40785,871	40788,800	40789,196	40789,386	40790,655	13,923	13,275	1,975	1,615	13,440	13,440	13,578	13,939	1,000	885,000	204,000	868,978	215,467
450,000	1410,000	1860,000	0,643	12,057	21,923	22,000	37,600	18,702	22,790	2,390	32,325	170,000	111708,662	111952,200	111953,200	111956,641	111957,097	111957,267	111958,516	40628,662	40792,200	40793,200	40796,641	40797,097	40797,267	40798,516	13,673	13,224	1,853	1,691	13,440	13,440	8,918	13,562	1,000	881,000	196,000	868,978	215,467
510,000	1420,000	1930,000	0,737	19,718	21,889	17,000	38,195	18,472	21,765	3,415	34,203	280,000	111708,662	112000,035	112001,035	112004,176	112004,695	112004,975	112006,126	40628,662	40800,035	40801,035	40804,176	40804,695	40804,975	40806,127	13,522	12,991	2,730	2,296	13,440	13,440	6,628	10,249	1,000	893,000	205,000	868,978	215,467
510,000	1280,000	1790,000	0,746	14,062	26,206	14,000	38,081	18,430	22,634	2,546	33,786	180,000	111708,662	112007,658	112008,658	112012,616	112013,136	112013,316	112014,427	40628,662	40807,658	40808,658	40812,616	40813,136	40813,316	40814,427	13,333	13,080	2,031	1,744	13,440	13,440	8,846	13,840	1,000	887,000	196,000	868,978	215,467
400,000	1350,000	1750,000	0,368	8,889	26,410	16,000	37,214	18,361	24,067	1,113	30,918	120,000	111708,662	112015,787	112016,787	112019,595	112020,005	112020,125	112021,365	40628,662	40815,787	40816,787	40819,596	40820,005	40820,125	40821,366	13,338	13,082	0,779	0,845	13,440	13,440	2,519	9,348	1,000	865,000	203,000	868,978	215,467
460,000	940,000	1400,000	0,698	15,957	32,392	10,000	37,281	18,731	22,155	3,025	32,821	150,000	111708,662	112023,242	112024,241	112025,386	112025,858	112026,008	112026,807	40628,662	40823,242	40824,241	40825,386	40825,858	40826,008	40826,807	13,164	13,503	2,015	2,267	13,440	13,440	14,358	19,300	1,000	877,000	192,000	868,978	215,467
370,000	1090,000	1460,000	0,463	16,514	28,042	15,000	36,767	18,570	22,211	2,970	32,009	180,000	111708,662	112028,115	112029,115	112032,769	112033,146	112033,326	112034,245	40628,662	40828,115	40829,115	40832,769	40833,146	40833,326	40834,245	13,140	13,478	2,038	2,282	13,440	13,440	11,553	16,101	1,000	869,000	199,000	868,978	215,467
620,000	900,000	1520,000	1,761	36,667	35,684	8,000	36,132	20,419	16,913	8,267	32,547	330,000	111708,662	112041,115	112042,115	112043,385	112044,006	112044,336	112044,916	40628,662	40841,115	40842,115	40843,385	40844,006	40844,336	40844,916	14,402	14,936	5,630	6,352	13,440	13,440	16,266	22,880	1,000	898,000	160,000	868,978	215,467
350,000	1390,000	1740,000	1,283	11,511	24,545	16,000	37,367	19,308	21,945	3,235	33,185	160,000	111708,662	112046,492	112047,492	112050,954	112051,306	112051,466	112052,706	40628,662	40846,492	40847,492	40850,954	40851,306	40851,466	40852,706	13,725	13,896	2,404	2,346	13,440	13,440	15,219	18,622	1,000	895,000	178,000	868,978	215,467
360,000	1250,000	1610,000	0,697	12,800	25,571	11,000	37,084	18,557	22,289	2,891	33,191	160,000	111708,662	112054,799	112055,799	112057,700	112058,067	112058,227	112059,325	40628,662	40854,799	40855,800	40857,700	40858,067	40858,227	40859,325	13,051	13,472	2,189	2,093	13,440	13,440	19,909	19,648	1,000	873,000	191,000	868,978	215,467
370,000	1310,000	1680,000	1,423	11,450	23,945	16,000	38,432	19,202	22,459	2,721	33,268	150,000	111708,662	112100,994	112101,994	112103,803	112104,176	112104,326	112105,496	40628,662	40860,994	40861,994	40863,803	40864,176	40864,326	40865,496	14,036	13,500	1,975	2,010	13,440	13,440	13,168	17,035	1,000	903,000	178,000	868,978	215,467
360,000	1220,000	1580,000	1,253	13,115	25,589	14,000	38,734	18,793	22,351	2,829	33,910	160,000	111708,662	112107,233	112108,232	112109,817	112110,186	112110,346	112111,415	40628,662	40867,233	40868,233	40869,817	40870,186	40870,346	40871,415	13,840	13,108	2,116	2,056	13,440	13,440	10,967	18,225	1,000	908,000	194,000	868,978	215,467
430,000	1300,000	1730,000	0,297	16,923	26,484	16,000	37,282	17,959	22,425	2,755	32,410	220,000	111708,662	112113,008	112114,008	112116,233	112116,667	112116,886	112117,976	40628,662	40873,008	40874,008	40876,233	40876,667	40876,887	40877,976	13,051	12,799	2,104	1,985	13,440	13,440	12,671	15,027	1,000	859,000	212,000	868,978	215,467
260,000	1400,000	1660,000	0,686	11,429	27,890	16,000	37,041	19,289	23,695	1,485	29,948	160,000	111708,662	112119,413	112120,414	112123,344	112123,606	112123,766	112125,016	40628,662	40879,413	40880,414	40883,344	40883,606	40883,766	40885,016	14,205	13,699	1,024	1,181	13,440	13,440	8,792	11,572	1,000	886,000	198,000	868,978	215,467
30,000	60,000	90,000	19,182	0,000	0,578	0,000	29,006	0,025	25,180	0,000	29,041	0,000	111708,662	112126,880	112127,879	112129,658	112129,858	112129,858	112129,925	40628,662	40886,880	40887,879	40889,658	40889,858	40889,858	40889,925	0,000	0,029	0,000	0,000	13,440	13,440	0,056	NaN	1,000	387,000	698,000	868,978	215,467
340,000	1400,000	1740,000	0,298	14,286	27,376	16,000	37,537	18,392	22,073	3,107	32,576	200,000	111708,662	112132,656	112133,655	112134,885	112135,237	112135,437	112136,646	40628,662	40892,656	40893,655	40894,885	40895,237	40895,437	40896,646	13,473	13,022	2,317	2,282	13,440	13,440	12,346	12,981	1,000	879,000	212,000	868,978	215,467
210,000	1590,000	1800,000	1,303	17,610	33,791	17,000	36,749	20,110	23,662	1,518	30,044	280,000	111708,662	112137,885	112138,885	112141,002	112141,215	112141,495	112142,816	40628,662	40897,885	40898,885	40901,002	40901,215	40901,495	40902,816	14,597	14,457	1,107	1,160	13,440	13,440	7,296	7,087	1,000	903,000	184,000	868,978	215,467
80,000	1040,000	1120,000	0,090	10,577	32,579	10,000	37,454	18,350	25,102	0,079	30,352	110,000	111708,662	112144,512	112145,512	112147,484	112147,685	112147,795	112148,725	40628,662	40904,512	40905,512	40907,484	40907,685	40907,795	40908,725	13,506	12,997	0,087	0,065	13,440	13,440	6,251	0,166	1,000	871,000	213,000	868,978	215,467
430,000	1090,000	1520,000	0,975	17,431	30,661	12,000	37,807	18,985	22,508	2,672	32,731	190,000	111708,662	112149,804	112150,806	112154,493	112154,926	112155,116	112156,026	40628,662	40909,804	40910,806	40914,493	40914,926	40915,116	40916,026	13,927	13,389	2,104	1,870	13,440	13,440	9,939	14,892	1,000	900,000	200,000	868,978	215,467
520,000	940,000	1460,000	2,014	27,660	39,835	6,000	38,326	20,152	21,825	3,356	34,286	260,000	111708,662	112157,470	112158,470	112201,251	112201,776	112202,036	112202,725	40628,662	40917,470	40918,470	40921,251	40921,776	40922,036	40922,725	14,968	14,123	3,087	2,165	13,440	13,440	17,835	23,344	1,000	913,000	159,000	868,978	215,467
410,000	1520,000	1930,000	0,948	12,500	28,292	14,000	37,876	21,134	22,397	2,783	31,896	190,000	111708,662	112204,085	112205,086	112208,546	112208,966	112209,156	112210,495	40628,662	40924,085	40925,086	40928,546	40928,966	40929,156	40930,495	15,624	14,925	2,183	1,984	13,440	13,440	10,103	12,561	1,000	847,000	241,000	868,978	215,467
390,000	1160,000	1550,000	1,005	12,069	32,914	12,000	39,210	18,507	23,200	1,981	33,203	140,000	111708,662	112211,688	112212,690	112216,179	112216,576	112216,716	112217,746	40628,662	40931,688	40932,690	40936,179	40936,576	40936,716	40937,746	14,013	12,661	1,550	1,413	13,440	13,440	7,800	15,214	1,000	895,000	191,000	868,978	215,467
430,000	1500,000	1930,000	0,848	18,667	30,233	15,000	38,465	20,550	21,225	3,955	32,016	280,000	111708,662	112222,989	112223,989	112226,058	112226,495	112226,775	112228,006	40628,662	40942,989	40943,989	40946,058	40946,495	40946,775	40948,006	15,500	14,239	2,793	2,997	13,440	13,440	15,605	16,040	1,000	892,000	196,000	868,978	215,467
