400,000	1390,000	1790,000	0,775	28,058	25,051	16,000	50,783	19,670	13,645	3,521	54,527	390,000	122056,423	122115,973	122116,973	122120,549	122120,956	122121,346	122122,355	44456,423	44475,973	44476,973	44480,549	44480,956	44481,346	44482,355	13,614	14,548	2,653	2,512	-13,440	13,440	9,278	15,310	1,000	547,000	202,000	571,022	215,467
520,000	1410,000	1930,000	0,329	17,021	24,794	17,000	53,549	17,193	16,385	0,780	57,046	240,000	122056,423	122124,216	122125,216	122128,530	122129,056	122129,296	122130,477	44456,423	44484,216	44485,216	44488,530	44489,056	44489,296	44490,477	12,644	11,992	0,651	0,542	-13,440	13,440	1,135	4,654	1,000	573,000	227,000	571,022	215,467
30,000	60,000	90,000	19,898	0,000	0,815	0,000	56,458	0,040	17,163	0,002	56,550	0,000	122056,423	122132,513	122133,513	122135,445	122135,646	122135,646	122135,715	44456,423	44492,513	44493,513	44495,445	44495,646	44495,646	44495,715	0,000	0,029	0,000	0,000	-13,440	13,440	0,240	NaN	1,000	1075,000	712,000	571,022	215,467
30,000	160,000	190,000	20,331	93,750	55,706	0,000	54,272	5,038	12,132	5,033	54,272	150,000	122056,423	122136,302	122137,302	122140,173	122140,374	122140,524	122140,537	44456,423	44496,302	44497,302	44500,173	44500,374	44500,524	44500,537	3,219	3,535	3,224	3,532	-13,440	13,440	NaN	29,348	1,000	1051,000	756,000	571,022	215,467
530,000	880,000	1410,000	0,538	22,727	39,143	8,000	52,341	18,650	14,034	3,131	55,708	200,000	122056,423	122141,129	122142,129	122143,891	122144,427	122144,627	122145,316	44456,423	44501,129	44502,129	44503,891	44504,427	44504,627	44505,316	13,276	13,390	2,315	2,360	-13,440	13,440	16,678	20,428	1,000	555,000	205,000	571,022	215,467
430,000	1500,000	1930,000	0,472	34,000	27,937	14,000	52,683	19,288	10,006	7,159	54,803	510,000	122056,423	122146,681	122147,681	122151,134	122151,566	122152,076	122153,075	44456,423	44506,681	44507,681	44511,134	44511,566	44512,076	44513,075	13,924	13,644	5,241	5,263	-13,440	13,440	15,999	21,623	1,000	556,000	208,000	571,022	215,467
240,000	20,000	260,000	19,381	0,000	0,000	0,000	56,210	0,000	17,165	0,000	56,210	0,000	122056,423	122154,527	122155,527	122159,203	122159,446	122159,446	122159,476	44456,423	44514,527	44515,527	44519,203	44519,446	44519,446	44519,476	0,000	0,000	0,000	0,000	-13,440	13,440	NaN	NaN	1,000	1055,000	706,000	571,022	215,467
220,000	20,000	240,000	18,744	0,000	0,000	0,000	56,603	0,000	17,165	0,000	56,603	0,000	122056,423	122202,234	122203,234	122204,610	122204,836	122204,836	122204,867	44456,423	44522,234	44523,234	44524,611	44524,836	44524,836	44524,867	0,000	0,000	0,000	0,000	-13,440	13,440	NaN	NaN	1,000	1042,000	687,000	571,022	215,467
370,000	1480,000	1850,000	0,237	23,649	29,756	16,000	52,033	18,668	13,569	3,596	54,737	350,000	122056,423	122207,663	122208,664	122211,381	122211,755	122212,105	122213,247	44456,423	44527,663	44528,664	44531,381	44531,755	44532,105	44533,247	13,276	13,472	2,635	2,708	-13,440	13,440	18,644	20,071	1,000	563,000	218,000	571,022	215,467
340,000	1390,000	1730,000	1,209	10,072	28,561	14,000	51,745	19,675	16,637	0,529	55,855	140,000	122056,423	122214,415	122215,415	122219,017	122219,366	122219,506	122220,767	44456,423	44534,415	44535,415	44539,017	44539,366	44539,506	44540,767	13,922	14,233	0,388	0,394	-13,440	13,440	1,109	4,000	1,000	535,000	192,000	571,022	215,467
340,000	1450,000	1790,000	0,406	20,000	22,569	16,000	52,205	19,253	13,376	3,789	55,089	290,000	122056,423	122222,197	122223,196	122226,645	122226,997	122227,287	122228,456	44456,423	44542,197	44543,196	44546,645	44546,997	44547,287	44548,456	13,755	13,784	2,725	2,886	-13,440	13,440	11,860	12,951	1,000	557,000	212,000	571,022	215,467
350,000	1360,000	1710,000	0,460	11,029	30,419	12,000	51,932	19,376	16,714	0,451	55,781	150,000	122056,423	122229,675	122230,675	122233,047	122233,406	122233,556	122234,775	44456,423	44549,675	44550,675	44553,047	44553,406	44553,556	44554,775	13,725	14,010	0,260	0,421	-13,440	13,440	2,178	2,451	1,000	556,000	209,000	571,022	215,467
450,000	1480,000	1930,000	0,988	13,514	22,008	14,000	52,643	19,291	15,624	1,542	56,438	200,000	122056,423	122236,216	122237,218	122240,200	122240,657	122240,857	122242,146	44456,423	44556,216	44557,218	44560,200	44560,657	44560,857	44562,146	13,871	13,729	1,190	1,103	-13,440	13,440	3,123	8,751	1,000	544,000	193,000	571,022	215,467
30,000	20,000	50,000	19,104	0,000	0,000	0,000	56,108	0,000	17,165	0,000	56,108	0,000	122056,423	122243,714	122244,716	122248,225	122248,426	122248,426	122248,456	44456,423	44563,714	44564,716	44568,225	44568,426	44568,426	44568,456	0,000	0,000	0,000	0,000	-13,440	13,440	NaN	NaN	1,000	1045,000	702,000	571,022	215,467
420,000	1420,000	1840,000	0,633	18,310	24,356	14,000	52,646	18,989	14,287	2,879	56,273	260,000	122056,423	122257,786	122258,786	122301,354	122301,778	122302,038	122303,205	44456,423	44577,786	44578,786	44581,354	44581,778	44582,038	44583,205	13,642	13,529	2,229	1,962	-13,440	13,440	10,578	14,700	1,000	553,000	202,000	571,022	215,467
380,000	1420,000	1800,000	0,071	19,014	32,788	14,000	52,333	18,509	13,480	3,685	55,363	270,000	122056,423	122304,517	122305,518	122306,809	122307,197	122307,467	122308,625	44456,423	44584,517	44585,518	44586,809	44587,197	44587,467	44588,625	13,164	13,304	2,651	2,831	-13,440	13,440	15,899	17,471	1,000	571,000	218,000	571,022	215,467
390,000	1270,000	1660,000	0,976	12,598	28,538	10,000	52,609	18,976	15,377	1,788	56,230	160,000	122056,423	122309,588	122310,589	122312,164	122312,557	122312,717	122313,837	44456,423	44589,589	44590,589	44592,164	44592,557	44592,717	44593,837	13,586	13,502	1,308	1,286	-13,440	13,440	7,149	11,232	1,000	543,000	195,000	571,022	215,467
450,000	1370,000	1820,000	0,434	18,978	30,102	14,000	52,710	18,674	14,464	2,701	56,195	260,000	122056,423	122315,293	122316,293	122319,341	122319,796	122320,056	122321,177	44456,423	44595,293	44596,293	44599,341	44599,796	44600,056	44601,177	13,473	13,221	2,107	1,880	-13,440	13,440	11,334	13,030	1,000	556,000	212,000	571,022	215,467
470,000	1460,000	1930,000	0,601	8,219	23,773	12,000	52,539	18,931	16,752	0,413	56,474	120,000	122056,423	122322,432	122323,432	122325,336	122325,816	122325,936	122327,286	44456,423	44602,432	44603,432	44605,336	44605,816	44605,936	44607,286	13,585	13,501	0,297	0,325	-13,440	13,440	2,329	3,457	1,000	553,000	204,000	571,022	215,467
30,000	20,000	50,000	19,322	0,000	0,000	0,000	56,072	0,000	17,165	0,000	56,072	0,000	122056,423	122328,471	122329,471	122332,771	122332,972	122332,972	122332,995	44456,423	44608,471	44609,471	44612,771	44612,972	44612,972	44612,995	0,000	0,000	0,000	0,000	-13,440	13,440	NaN	NaN	1,000	1051,000	707,000	571,022	215,467
400,000	1390,000	1790,000	0,492	28,058	29,098	10,000	51,736	19,552	13,126	4,039	55,222	390,000	122056,423	122335,780	122336,780	122338,588	122338,996	122339,386	122340,396	44456,423	44615,780	44616,780	44618,588	44618,996	44619,386	44620,396	13,839	14,175	3,118	2,842	-13,440	13,440	16,828	18,698	1,000	557,000	205,000	571,022	215,467
470,000	1240,000	1710,000	0,751	23,387	31,527	10,000	52,269	19,034	13,510	3,656	55,774	290,000	122056,423	122342,049	122343,049	122346,316	122346,796	122347,086	122348,045	44456,423	44622,049	44623,049	44626,316	44626,796	44627,086	44628,045	13,556	13,697	2,789	2,637	-13,440	13,440	13,744	14,835	1,000	550,000	199,000	571,022	215,467
420,000	1090,000	1510,000	0,804	26,606	32,142	8,000	52,102	19,165	13,316	3,849	55,186	290,000	122056,423	122349,337	122350,337	122351,851	122352,276	122352,566	122353,376	44456,423	44629,337	44630,337	44631,851	44632,276	44632,566	44633,376	13,557	13,783	2,733	2,909	-13,440	13,440	13,911	16,518	1,000	547,000	200,000	571,022	215,467
390,000	1290,000	1680,000	0,590	10,853	27,359	18,000	51,816	18,637	15,357	1,809	55,831	140,000	122056,423	122354,682	122355,682	122357,021	122357,417	122357,557	122358,715	44456,423	44634,682	44635,682	44637,021	44637,417	44637,557	44638,715	13,023	13,641	1,360	1,287	-13,440	13,440	11,434	13,200	1,000	558,000	199,000	571,022	215,467
30,000	1750,000	1780,000	0,726	8,000	24,661	28,000	52,604	19,328	17,048	0,118	56,550	140,000	122056,423	122359,807	122400,807	122404,232	122404,433	122404,573	122406,186	44456,423	44639,807	44640,807	44644,232	44644,433	44644,573	44646,186	13,978	13,670	0,133	0,026	-13,440	13,440	2,521	0,387	1,000	547,000	206,000	571,022	215,467
330,000	1480,000	1810,000	0,349	14,189	26,758	16,000	52,117	18,344	14,328	2,837	55,712	210,000	122056,423	122407,546	122408,546	122409,777	122410,115	122410,325	122411,606	44456,423	44647,546	44648,546	44649,777	44650,115	44650,325	44651,606	12,883	13,361	2,056	2,066	-13,440	13,440	12,015	13,823	1,000	563,000	206,000	571,022	215,467
370,000	1330,000	1700,000	0,905	10,526	23,207	14,000	52,188	19,074	15,174	1,991	55,969	140,000	122056,423	122412,933	122413,933	122417,142	122417,516	122417,656	122418,856	44456,423	44652,933	44653,933	44657,142	44657,516	44657,656	44658,856	13,534	13,704	1,493	1,395	-13,440	13,440	8,001	15,389	1,000	544,000	198,000	571,022	215,467
430,000	1480,000	1910,000	0,522	14,189	23,672	15,000	52,157	18,519	13,901	3,264	55,905	210,000	122056,423	122420,431	122421,431	122423,424	122423,856	122424,066	122425,347	44456,423	44660,431	44661,431	44663,424	44663,856	44664,066	44665,347	13,134	13,304	2,560	2,165	-13,440	13,440	17,044	17,490	1,000	553,000	211,000	571,022	215,467
250,000	1680,000	1930,000	1,117	9,524	22,262	20,000	52,012	19,803	16,784	0,381	56,184	160,000	122056,423	122426,448	122427,448	122429,815	122430,067	122430,227	122431,757	44456,423	44666,448	44667,448	44669,815	44670,067	44670,227	44671,757	14,119	14,202	0,327	0,213	-13,440	13,440	1,293	2,156	1,000	537,000	195,000	571,022	215,467
110,000	1530,000	1640,000	0,172	7,843	25,420	20,000	52,310	18,534	17,090	0,075	56,508	120,000	122056,423	122433,169	122434,170	122435,641	122435,841	122435,961	122437,377	44456,423	44673,169	44674,170	44675,641	44675,841	44675,961	44677,377	13,192	13,390	0,080	0,072	-13,440	13,440	2,080	0,412	1,000	566,000	212,000	571,022	215,467
30,000	1840,000	1870,000	0,837	9,239	21,264	22,000	51,992	19,748	17,095	0,071	56,165	170,000	122056,423	122438,641	122439,641	122440,980	122441,181	122441,351	122443,026	44456,423	44678,642	44679,642	44680,980	44681,181	44681,351	44683,026	14,091	14,179	0,103	0,022	-13,440	13,440	6,052	0,137	1,000	545,000	201,000	571,022	215,467
30,000	20,000	50,000	18,665	0,000	0,000	0,000	56,374	0,000	17,165	0,000	56,374	0,000	122056,423	122444,826	122445,827	122447,999	122448,199	122448,199	122448,225	44456,423	44684,826	44685,827	44687,999	44688,199	44688,199	44688,225	0,000	0,000	0,000	0,000	-13,440	13,440	NaN	NaN	1,000	1036,000	689,000	571,022	215,467
30,000	20,000	50,000	19,184	0,000	0,000	0,000	56,020	0,000	17,165	0,000	56,020	0,000	122056,423	122450,749	122451,749	122455,741	122455,942	122455,942	122455,965	44456,423	44690,749	44691,749	44695,741	44695,942	44695,942	44695,965	0,000	0,000	0,000	0,000	-13,440	13,440	NaN	NaN	1,000	1046,000	705,000	571,022	215,467
640,000	1290,000	1930,000	2,202	13,178	33,549	13,000	52,071	20,926	13,837	3,328	56,009	170,000	122056,423	122458,478	122459,477	122500,610	122501,258	122501,428	122502,557	44456,423	44698,478	44699,477	44700,610	44701,258	44701,428	44702,557	14,874	15,123	2,520	2,399	-13,440	13,440	5,171	18,755	1,000	623,000	274,000	571,022	215,467
240,000	1500,000	1740,000	0,090	20,000	25,359	14,000	52,166	19,014	13,577	3,588	56,082	300,000	122056,423	122503,224	122504,224	122506,271	122506,515	122506,815	122508,027	44456,423	44703,224	44704,224	44706,271	44706,515	44706,815	44708,027	13,530	13,727	2,738	2,613	-13,440	13,440	16,174	18,222	1,000	569,000	213,000	571,022	215,467
400,000	1530,000	1930,000	0,729	18,301	25,704	19,000	52,480	19,047	13,389	3,776	55,654	280,000	122056,423	122509,189	122510,191	122511,684	122512,086	122512,366	122513,626	44456,423	44709,189	44710,191	44711,684	44712,086	44712,366	44713,626	13,587	13,616	2,758	2,742	-13,440	13,440	10,254	14,383	1,000	551,000	199,000	571,022	215,467
440,000	1280,000	1720,000	1,305	20,312	30,848	13,000	52,088	19,290	13,741	3,425	55,679	260,000	122056,423	122514,818	122515,817	122519,582	122520,025	122520,285	122521,315	44456,423	44714,818	44715,817	44719,582	44720,025	44720,285	44721,315	13,726	13,838	2,642	2,381	-13,440	13,440	16,842	16,596	1,000	531,000	192,000	571,022	215,467
30,000	20,000	50,000	18,767	0,000	0,000	0,000	56,055	0,000	17,165	0,000	56,055	0,000	122056,423	122522,515	122523,515	122525,905	122526,106	122526,106	122526,137	44456,423	44722,515	44723,515	44725,905	44726,106	44726,106	44726,137	0,000	0,000	0,000	0,000	-13,440	13,440	NaN	NaN	1,000	1034,000	696,000	571,022	215,467
250,000	140,000	390,000	18,869	0,000	0,372	0,000	55,789	0,032	17,165	0,000	55,865	0,000	122056,423	122529,383	122530,383	122532,852	122533,106	122533,106	122533,256	44456,423	44729,383	44730,383	44732,852	44733,106	44733,106	44733,256	0,000	0,057	0,000	0,000	-13,440	13,440	0,347	NaN	1,000	1034,000	701,000	571,022	215,467
30,000	20,000	50,000	18,346	0,000	0,000	0,000	56,671	0,000	17,165	0,000	56,671	0,000	122056,423	122536,524	122537,524	122540,323	122540,524	122540,524	122540,545	44456,423	44736,524	44737,524	44740,323	44740,524	44740,524	44740,545	0,000	0,000	0,000	0,000	-13,440	13,440	NaN	NaN	1,000	1031,000	678,000	571,022	215,467
