490,000	940,000	1430,000	7,209	12,766	17,601	12,000	36,099	9,727	24,779	0,401	30,699	120,000	112547,935	112623,537	112624,539	112626,224	112626,717	112626,837	112627,667	41147,935	41183,537	41184,539	41186,224	41186,717	41186,837	41187,667	7,393	6,832	0,183	0,363	13,440	13,440	14,886	2,306	1,000	687,000	396,000	868,978	215,467
2240,000	670,000	2910,000	8,482	32,836	14,558	5,000	69,597	6,254	24,370	0,810	75,302	220,000	112547,935	112631,816	112632,816	112636,121	112638,366	112638,586	112639,046	41147,935	41191,816	41192,816	41196,121	41198,366	41198,586	41199,046	5,098	4,941	0,738	0,578	13,440	13,440	8,167	3,948	1,000	654,000	427,000	868,978	215,467
410,000	1020,000	1430,000	6,613	40,196	17,838	11,000	36,051	10,530	22,978	2,202	32,162	410,000	112547,935	112639,892	112640,891	112642,080	112642,498	112642,908	112643,528	41147,935	41199,892	41200,892	41202,080	41202,498	41202,908	41203,528	7,821	7,514	1,561	1,678	13,440	13,440	4,554	9,832	1,000	701,000	380,000	868,978	215,467
30,000	680,000	710,000	0,229	38,235	4,704	8,000	69,380	2,243	24,169	1,011	70,398	260,000	112547,935	112647,736	112648,736	112650,407	112650,608	112650,868	112651,298	41147,935	41207,736	41208,736	41210,407	41210,608	41210,868	41211,298	1,801	1,632	0,811	0,846	13,440	13,440	3,530	4,383	1,000	877,000	214,000	868,978	215,467
30,000	740,000	770,000	0,164	39,189	3,592	7,000	75,019	0,542	24,773	0,407	75,668	290,000	112547,935	112654,474	112655,474	112657,045	112657,245	112657,535	112657,988	41147,935	41214,475	41215,475	41217,045	41217,245	41217,535	41217,988	0,366	0,648	0,309	0,329	13,440	13,440	0,104	0,071	1,000	867,000	210,000	868,978	215,467
510,000	20,000	530,000	0,269	0,000	0,000	0,000	75,558	0,000	25,180	0,000	75,558	0,000	112547,935	112701,005	112702,005	112705,747	112706,267	112706,267	112706,297	41147,935	41221,005	41222,005	41225,748	41226,267	41226,267	41226,297	0,000	0,000	0,000	0,000	13,440	13,440	NaN	NaN	1,000	862,000	222,000	868,978	215,467
360,000	20,000	380,000	18,128	0,000	0,000	0,000	31,588	0,000	25,180	0,000	31,588	0,000	112547,935	112710,136	112711,136	112714,534	112714,896	112714,896	112714,927	41147,935	41230,136	41231,136	41234,534	41234,896	41234,896	41234,927	0,000	0,000	0,000	0,000	13,440	13,440	NaN	NaN	1,000	412,000	670,000	868,978	215,467
30,000	1160,000	1190,000	0,085	12,069	4,162	12,000	72,263	1,387	25,109	0,071	73,521	140,000	112547,935	112722,675	112723,676	112725,778	112725,978	112726,118	112727,147	41147,935	41242,675	41243,676	41245,778	41245,978	41246,118	41247,147	1,182	0,873	0,070	0,060	13,440	13,440	0,524	0,238	1,000	866,000	215,000	868,978	215,467
60,000	120,000	180,000	0,564	91,667	3,048	0,000	75,426	0,228	24,954	0,226	75,426	110,000	112547,935	112732,997	112733,997	112737,540	112737,741	112737,851	112737,867	41147,935	41252,997	41253,998	41257,540	41257,741	41257,851	41257,867	0,171	0,142	0,171	0,140	13,440	13,440	NaN	2,721	1,000	850,000	209,000	868,978	215,467
490,000	500,000	990,000	0,485	40,000	1,847	6,000	74,055	0,483	25,052	0,128	74,477	200,000	112547,935	112741,845	112742,845	112746,266	112746,767	112746,967	112747,277	41147,935	41261,845	41262,845	41266,266	41266,767	41266,967	41267,277	0,423	0,282	0,120	0,095	13,440	13,440	0,659	0,028	1,000	854,000	224,000	868,978	215,467
30,000	20,000	50,000	0,877	0,000	0,000	0,000	75,052	0,000	25,180	0,000	75,052	0,000	112547,935	112750,750	112751,750	112754,434	112754,634	112754,634	112754,657	41147,935	41270,750	41271,750	41274,434	41274,634	41274,634	41274,657	0,000	0,000	0,000	0,000	13,440	13,440	NaN	NaN	1,000	839,000	224,000	868,978	215,467
30,000	20,000	50,000	17,988	0,000	0,000	0,000	31,936	0,000	25,180	0,000	31,936	0,000	112547,935	112759,876	112800,875	112804,617	112804,819	112804,819	112804,848	41147,935	41279,876	41280,875	41284,618	41284,819	41284,819	41284,848	0,000	0,000	0,000	0,000	13,440	13,440	NaN	NaN	1,000	418,000	669,000	868,978	215,467
550,000	880,000	1430,000	3,375	37,500	9,500	5,000	73,839	2,398	24,746	0,434	76,640	330,000	112547,935	112809,783	112810,783	112814,538	112815,097	112815,427	112815,986	41147,935	41289,783	41290,783	41294,539	41295,097	41295,427	41295,986	1,987	2,212	0,399	0,282	13,440	13,440	6,955	0,770	1,000	805,000	317,000	868,978	215,467
700,000	380,000	1080,000	0,299	55,263	3,404	3,000	76,735	0,710	24,741	0,439	76,860	210,000	112547,935	112817,445	112818,444	112821,677	112822,387	112822,597	112822,778	41147,935	41297,445	41298,445	41301,677	41302,387	41302,597	41302,778	0,622	0,339	0,389	0,208	13,440	13,440	0,718	0,803	1,000	879,000	219,000	868,978	215,467
30,000	940,000	970,000	0,476	26,596	25,245	10,000	52,107	10,145	20,357	4,823	52,653	250,000	112547,935	112825,699	112826,699	112827,798	112827,999	112828,249	112828,947	41147,935	41305,699	41306,699	41307,798	41307,999	41308,249	41308,947	7,509	6,779	3,482	3,488	13,440	13,440	19,723	18,940	1,000	883,000	206,000	868,978	215,467
30,000	1400,000	1430,000	0,777	12,143	14,964	22,000	43,136	13,626	23,631	1,549	40,289	170,000	112547,935	112832,571	112833,572	112835,317	112835,518	112835,688	112836,927	41147,935	41312,571	41313,572	41315,317	41315,518	41315,688	41316,927	10,049	9,252	0,973	1,201	13,440	13,440	3,209	9,413	1,000	853,000	238,000	868,978	215,467
320,000	20,000	340,000	1,659	0,000	0,000	0,000	77,977	0,000	25,180	0,000	77,977	0,000	112547,935	112841,440	112842,440	112845,650	112845,976	112845,976	112846,008	41147,935	41321,440	41322,440	41325,650	41325,976	41325,976	41326,008	0,000	0,000	0,000	0,000	13,440	13,440	NaN	NaN	1,000	925,000	197,000	868,978	215,467
480,000	950,000	1430,000	10,928	16,842	17,182	12,000	68,433	9,178	24,507	0,674	76,062	160,000	112547,935	112850,413	112851,413	112854,150	112854,637	112854,797	112855,597	41147,935	41330,413	41331,413	41334,150	41334,637	41334,797	41335,597	7,530	6,885	0,626	0,489	13,440	13,440	11,828	4,614	1,000	594,000	490,000	868,978	215,467
30,000	280,000	310,000	0,634	39,286	10,188	2,000	70,505	1,520	24,317	0,863	71,397	110,000	112547,935	112856,457	112857,458	112858,694	112858,894	112859,004	112859,177	41147,935	41336,457	41337,458	41338,694	41338,894	41339,004	41339,177	1,212	0,986	0,757	0,535	13,440	13,440	5,116	7,882	1,000	870,000	238,000	868,978	215,467
440,000	170,000	610,000	0,250	94,118	2,233	0,000	76,695	0,178	25,005	0,175	76,695	160,000	112547,935	112900,977	112901,977	112904,788	112905,238	112905,398	112905,418	41147,935	41340,977	41341,977	41344,788	41345,238	41345,398	41345,418	0,170	0,056	0,169	0,056	13,440	13,440	NaN	0,539	1,000	876,000	210,000	868,978	215,467
30,000	640,000	670,000	0,318	35,937	3,291	5,000	73,935	0,889	24,773	0,408	74,518	230,000	112547,935	112907,799	112908,800	112910,587	112910,788	112911,018	112911,438	41147,935	41347,799	41348,800	41350,587	41350,788	41351,018	41351,438	0,761	0,478	0,349	0,194	13,440	13,440	0,076	0,279	1,000	880,000	218,000	868,978	215,467
30,000	20,000	50,000	0,766	0,000	0,000	0,000	76,749	0,000	25,180	0,000	76,749	0,000	112547,935	112914,194	112915,194	112916,805	112917,006	112917,006	112917,026	41147,935	41354,194	41355,194	41356,805	41357,006	41357,006	41357,026	0,000	0,000	0,000	0,000	13,440	13,440	NaN	NaN	1,000	896,000	212,000	868,978	215,467
600,000	830,000	1430,000	0,242	16,867	4,553	8,000	69,798	1,789	25,044	0,136	71,352	140,000	112547,935	112921,034	112922,033	112924,861	112925,467	112925,607	112926,307	41147,935	41361,034	41362,033	41364,861	41365,467	41365,607	41366,307	1,437	1,327	0,115	0,143	13,440	13,440	1,326	0,777	1,000	868,000	224,000	868,978	215,467
30,000	1400,000	1430,000	0,409	10,000	12,202	22,000	49,845	10,894	24,143	1,037	49,481	140,000	112547,935	112929,320	112930,322	112931,346	112931,547	112931,687	112932,957	41147,935	41369,320	41370,322	41371,346	41371,547	41371,687	41372,957	8,387	6,923	0,770	0,705	13,440	13,440	2,735	6,820	1,000	869,000	230,000	868,978	215,467
200,000	1230,000	1430,000	1,958	18,699	18,906	15,000	38,885	14,366	23,994	1,187	34,557	230,000	112547,935	112938,305	112939,305	112940,376	112940,587	112940,817	112941,827	41147,935	41378,305	41379,305	41380,376	41380,587	41380,817	41381,827	10,518	10,122	0,857	0,889	13,440	13,440	0,340	8,654	1,000	827,000	271,000	868,978	215,467
520,000	90,000	610,000	2,419	0,000	0,641	0,000	75,935	0,028	25,180	0,000	75,921	0,000	112547,935	112945,471	112946,473	112950,253	112950,778	112950,778	112950,876	41147,935	41385,471	41386,473	41390,253	41390,778	41390,778	41390,876	0,030	0,000	0,000	0,000	13,440	13,440	0,062	NaN	1,000	952,000	238,000	868,978	215,467
440,000	740,000	1180,000	0,647	24,324	2,571	6,000	72,314	0,671	25,091	0,089	73,056	180,000	112547,935	112956,929	112957,929	113000,489	113000,937	113001,117	113001,687	41147,935	41396,929	41397,929	41400,489	41400,937	41401,117	41401,687	0,536	0,536	0,082	0,057	13,440	13,440	1,226	0,207	1,000	853,000	232,000	868,978	215,467
30,000	1020,000	1050,000	0,202	11,765	5,884	13,000	70,952	1,887	25,022	0,158	72,095	120,000	112547,935	113004,590	113005,590	113007,204	113007,405	113007,525	113008,428	41147,935	41404,590	41405,590	41407,204	41407,405	41407,525	41408,428	1,605	1,069	0,134	0,047	13,440	13,440	1,139	1,211	1,000	866,000	222,000	868,978	215,467
100,000	60,000	160,000	0,997	0,000	0,757	0,000	74,532	0,036	25,178	0,002	74,811	0,000	112547,935	113011,021	113012,021	113014,615	113014,816	113014,816	113014,877	41147,935	41411,021	41412,021	41414,616	41414,816	41414,816	41414,877	0,000	0,029	0,000	0,000	13,440	13,440	0,254	NaN	1,000	887,000	246,000	868,978	215,467
30,000	1400,000	1430,000	0,192	17,857	5,837	15,000	64,882	3,931	23,934	1,246	66,848	250,000	112547,935	113018,277	113019,278	113021,651	113021,852	113022,102	113023,257	41147,935	41418,278	41419,278	41421,651	41421,852	41422,102	41423,257	3,162	2,524	1,071	0,699	13,440	13,440	4,215	4,543	1,000	867,000	222,000	868,978	215,467
30,000	1400,000	1430,000	2,526	10,714	12,519	19,000	46,222	10,008	23,804	1,376	45,892	150,000	112547,935	113026,959	113027,958	113031,870	113032,071	113032,221	113033,477	41147,935	41426,959	41427,958	41431,870	41432,071	41432,221	41433,477	7,437	6,700	1,096	0,884	13,440	13,440	3,901	9,163	1,000	822,000	292,000	868,978	215,467
30,000	1400,000	1430,000	1,108	28,571	21,262	13,000	37,973	16,286	20,027	5,153	33,723	400,000	112547,935	113043,774	113044,774	113046,157	113046,357	113046,757	113047,767	41147,935	41443,774	41444,774	41446,157	41446,357	41446,757	41447,767	11,820	11,584	3,387	3,998	13,440	13,440	12,852	17,558	1,000	836,000	237,000	868,978	215,467
270,000	1160,000	1430,000	13,753	13,793	23,003	13,000	67,502	11,647	24,982	0,198	77,783	160,000	112547,935	113052,082	113053,082	113056,655	113056,927	113057,087	113058,099	41147,935	41452,082	41453,082	41456,655	41456,927	41457,087	41458,099	9,449	9,108	0,181	0,175	13,440	13,440	21,348	1,483	1,000	519,000	557,000	868,978	215,467
30,000	680,000	710,000	0,273	26,471	7,802	8,000	67,985	2,908	24,087	1,093	69,468	180,000	112547,935	113058,694	113059,695	113100,718	113100,919	113101,099	113101,607	41147,935	41458,694	41459,695	41460,718	41460,919	41461,099	41461,607	2,306	1,885	0,839	0,808	13,440	13,440	4,424	5,040	1,000	878,000	219,000	868,978	215,467
30,000	740,000	770,000	0,555	36,486	7,382	6,000	75,155	0,986	25,071	0,109	76,422	270,000	112547,935	113103,980	113104,980	113106,532	113106,734	113107,004	113107,477	41147,935	41463,980	41464,980	41466,532	41466,734	41467,004	41467,478	0,873	0,565	0,131	0,112	13,440	13,440	0,320	0,076	1,000	885,000	227,000	868,978	215,467
30,000	330,000	360,000	0,676	60,606	3,491	2,000	74,576	0,405	25,051	0,129	74,728	200,000	112547,935	113111,851	113112,852	113115,752	113115,953	113116,153	113116,287	41147,935	41471,851	41472,852	41475,752	41475,953	41476,153	41476,287	0,395	0,085	0,148	0,038	13,440	13,440	2,138	0,115	1,000	855,000	235,000	868,978	215,467
30,000	120,000	150,000	1,226	0,000	0,699	0,000	74,443	0,043	25,179	0,001	74,545	0,000	112547,935	113120,609	113121,610	113122,674	113122,875	113122,875	113122,998	41147,935	41480,609	41481,610	41482,674	41482,875	41482,875	41482,998	0,030	0,057	0,000	0,003	13,440	13,440	0,214	NaN	1,000	898,000	248,000	868,978	215,467
660,000	770,000	1430,000	5,098	50,649	20,559	8,000	36,543	11,457	20,039	5,141	33,975	390,000	112547,935	113127,575	113128,575	113132,046	113132,708	113133,098	113133,487	41147,935	41487,575	41488,575	41492,046	41492,708	41493,098	41493,487	8,127	8,337	3,390	3,980	13,440	13,440	1,702	14,343	1,000	731,000	333,000	868,978	215,467
30,000	1110,000	1140,000	0,192	31,532	3,794	10,000	72,102	1,318	24,545	0,635	72,750	350,000	112547,935	113138,923	113139,923	113142,240	113142,441	113142,791	113143,557	41147,935	41498,923	41499,923	41502,240	41502,441	41502,791	41503,557	1,098	0,816	0,535	0,340	13,440	13,440	0,120	0,180	1,000	867,000	222,000	868,978	215,467
70,000	20,000	90,000	0,478	0,000	0,000	0,000	75,837	0,000	25,180	0,000	75,837	0,000	112547,935	113152,360	113153,360	113157,159	113157,359	113157,359	113157,387	41147,935	41512,360	41513,360	41517,159	41517,359	41517,359	41517,387	0,000	0,000	0,000	0,000	13,440	13,440	NaN	NaN	1,000	852,000	215,000	868,978	215,467
