690,000	100,000	790,000	16,737	0,000	3,366	0,000	57,403	0,234	17,163	0,002	57,299	0,000	105134,351	105304,771	105305,772	105308,090	105308,788	105308,788	105308,898	39094,351	39184,771	39185,772	39188,090	39188,788	39188,788	39188,898	0,230	0,029	0,003	0,000	-13,440	13,440	2,583	NaN	1,000	986,000	642,000	571,022	215,467
30,000	1400,000	1430,000	10,516	10,000	15,883	18,000	59,721	8,995	16,260	0,906	54,949	140,000	105134,351	105600,915	105601,915	105605,463	105605,665	105605,805	105607,067	39094,351	39360,915	39361,915	39365,464	39365,665	39365,805	39367,067	9,398	2,164	0,990	0,112	-13,440	13,440	3,426	6,237	1,000	529,000	587,000	571,022	215,467
30,000	1400,000	1430,000	8,063	12,143	15,290	23,000	56,418	5,760	15,090	2,075	57,110	170,000	105134,351	105738,547	105739,547	105742,747	105742,948	105743,118	105744,357	39094,351	39458,547	39459,547	39462,747	39462,948	39463,118	39464,357	5,126	2,675	2,184	0,616	-13,440	13,440	11,562	11,676	1,000	660,000	488,000	571,022	215,467
60,000	260,000	320,000	6,988	38,462	5,550	2,000	50,306	0,655	17,059	0,106	49,479	100,000	105134,351	105913,675	105914,675	105917,641	105917,842	105917,942	105918,107	39094,351	39553,675	39554,675	39557,641	39557,842	39557,942	39558,107	0,733	0,113	0,121	0,026	-13,440	13,440	3,222	0,832	1,000	505,000	455,000	571,022	215,467
600,000	830,000	1430,000	9,111	20,482	23,392	13,000	60,427	13,292	15,264	1,901	54,677	170,000	105134,351	110132,985	110133,985	110136,466	110137,067	110137,237	110137,908	39094,351	39692,985	39693,985	39696,466	39697,067	39697,237	39697,908	13,053	4,215	1,277	1,562	-13,440	13,440	1,467	13,154	1,000	512,000	534,000	571,022	215,467
30,000	1050,000	1080,000	9,850	15,238	15,121	11,000	57,235	7,100	15,858	1,307	56,054	160,000	105134,351	110323,654	110324,654	110327,196	110327,397	110327,557	110328,457	39094,351	39803,654	39804,654	39807,196	39807,397	39807,557	39808,457	6,469	2,926	1,225	0,447	-13,440	13,440	6,936	7,290	1,000	695,000	543,000	571,022	215,467
30,000	430,000	460,000	10,966	44,186	3,886	3,000	49,894	0,912	16,760	0,405	49,989	190,000	105134,351	110455,887	110456,888	110500,444	110500,644	110500,834	110501,077	39094,351	39895,887	39896,888	39900,444	39900,645	39900,835	39901,077	0,594	0,678	0,227	0,349	-13,440	13,440	0,912	1,088	1,000	704,000	582,000	571,022	215,467
370,000	150,000	520,000	16,070	93,333	2,768	0,000	42,728	0,256	16,911	0,255	42,728	140,000	105134,351	110615,878	110616,879	110620,461	110620,837	110620,977	110620,997	39094,351	39975,878	39976,879	39980,461	39980,837	39980,977	39980,998	0,254	0,113	0,255	0,111	-13,440	13,440	NaN	2,379	1,000	696,000	773,000	571,022	215,467
360,000	1070,000	1430,000	7,285	13,084	19,827	14,000	55,352	10,062	16,545	0,621	55,250	140,000	105134,351	111006,497	111007,498	111011,083	111011,448	111011,588	111012,528	39094,351	40206,497	40207,498	40211,083	40211,448	40211,588	40212,528	8,252	5,727	0,477	0,368	-13,440	13,440	6,567	3,947	1,000	662,000	458,000	571,022	215,467
30,000	370,000	400,000	14,282	40,541	6,823	4,000	59,615	1,947	16,332	0,833	59,102	150,000	105134,351	111027,844	111028,844	111029,912	111030,112	111030,262	111030,487	39094,351	40227,844	40228,844	40229,912	40230,112	40230,262	40230,487	2,117	0,170	0,975	0,028	-13,440	13,440	0,962	5,348	1,000	898,000	604,000	571,022	215,467
310,000	1120,000	1430,000	9,811	24,107	16,561	13,000	58,331	8,134	15,328	1,837	55,588	270,000	105134,351	111042,498	111043,498	111045,878	111046,197	111046,467	111047,327	39094,351	40242,498	40243,498	40245,878	40246,198	40246,468	40247,327	7,076	4,092	0,769	2,226	-13,440	13,440	2,011	3,673	1,000	777,000	497,000	571,022	215,467
300,000	1130,000	1430,000	8,925	17,699	26,637	17,000	61,231	13,403	15,700	1,466	55,948	200,000	105134,351	111056,051	111057,052	111100,191	111100,498	111100,698	111101,637	39094,351	40256,051	40257,052	40260,191	40260,498	40260,698	40261,637	13,275	3,849	1,156	0,910	-13,440	13,440	7,267	7,307	1,000	516,000	528,000	571,022	215,467
70,000	1360,000	1430,000	9,756	11,029	17,753	11,000	55,311	14,670	16,802	0,363	51,271	150,000	105134,351	111150,822	111151,822	111154,523	111154,723	111154,874	111156,087	39094,351	40310,822	40311,822	40314,523	40314,724	40314,874	40316,087	13,454	6,490	0,315	0,145	-13,440	13,440	4,517	0,839	1,000	380,000	505,000	571,022	215,467
370,000	1060,000	1430,000	5,923	19,811	17,912	13,000	56,368	11,285	15,910	1,255	57,362	210,000	105134,351	111158,592	111159,592	111201,373	111201,748	111201,958	111202,817	39094,351	40318,592	40319,592	40321,373	40321,748	40321,958	40322,817	9,319	6,542	1,299	0,409	-13,440	13,440	10,712	6,526	1,000	644,000	413,000	571,022	215,467
120,000	1310,000	1430,000	6,650	32,061	15,697	19,000	56,488	11,887	14,291	2,874	56,550	420,000	105134,351	111206,153	111207,153	111208,535	111208,736	111209,156	111210,047	39094,351	40326,153	40327,153	40328,535	40328,736	40329,156	40330,047	10,117	6,466	2,662	1,355	-13,440	13,440	4,907	9,237	1,000	619,000	447,000	571,022	215,467
70,000	1360,000	1430,000	5,253	11,029	17,008	15,000	52,087	12,682	17,099	0,067	52,080	150,000	105134,351	111213,074	111214,074	111215,693	111215,894	111216,044	111217,258	39094,351	40333,074	40334,074	40335,693	40335,894	40336,044	40337,258	9,904	8,013	0,019	0,096	-13,440	13,440	10,612	0,461	1,000	502,000	389,000	571,022	215,467
30,000	1400,000	1430,000	11,445	13,571	11,420	16,000	57,970	7,822	16,758	0,407	55,201	190,000	105134,351	111219,400	111220,400	111222,775	111222,976	111223,166	111224,378	39094,351	40339,400	40340,400	40342,775	40342,976	40343,166	40344,378	7,736	2,482	0,485	0,056	-13,440	13,440	1,982	1,844	1,000	692,000	604,000	571,022	215,467
280,000	1150,000	1430,000	6,905	18,261	16,583	14,000	57,619	11,513	16,154	1,011	55,507	210,000	105134,351	111228,558	111229,558	111231,816	111232,107	111232,317	111233,267	39094,351	40348,558	40349,558	40351,816	40352,107	40352,317	40353,267	10,275	5,402	0,673	0,841	-13,440	13,440	6,970	4,884	1,000	602,000	459,000	571,022	215,467
80,000	1350,000	1430,000	9,732	24,444	11,983	19,000	56,763	8,316	16,682	0,483	55,523	330,000	105134,351	111236,301	111237,301	111239,877	111240,078	111240,408	111241,438	39094,351	40356,301	40357,301	40359,877	40360,078	40360,408	40361,438	7,209	4,237	0,253	0,500	-13,440	13,440	3,846	1,777	1,000	739,000	518,000	571,022	215,467
30,000	1400,000	1430,000	10,528	22,857	18,105	12,000	61,478	12,261	15,789	1,376	56,062	320,000	105134,351	111244,740	111245,741	111248,048	111248,249	111248,569	111249,657	39094,351	40364,740	40365,741	40368,048	40368,249	40368,569	40369,657	12,727	2,855	1,450	0,471	-13,440	13,440	0,762	6,355	1,000	500,000	583,000	571,022	215,467
120,000	1310,000	1430,000	7,195	9,924	20,008	15,000	57,504	13,405	16,786	0,380	55,142	130,000	105134,351	111253,452	111254,452	111257,081	111257,282	111257,412	111258,596	39094,351	40373,452	40374,452	40377,081	40377,282	40377,412	40378,596	12,120	6,055	0,353	0,182	-13,440	13,440	3,523	2,142	1,000	537,000	469,000	571,022	215,467
30,000	1400,000	1430,000	9,500	12,143	14,380	18,000	58,016	11,321	16,187	0,978	54,909	170,000	105134,351	111301,971	111302,972	111304,352	111304,553	111304,723	111305,958	39094,351	40381,971	40382,972	40384,353	40384,553	40384,723	40385,958	11,037	3,942	1,249	0,087	-13,440	13,440	0,844	5,834	1,000	532,000	551,000	571,022	215,467
380,000	1050,000	1430,000	11,181	21,905	12,330	11,000	59,336	8,179	15,940	1,225	55,497	230,000	105134,351	111309,456	111310,455	111314,446	111314,827	111315,057	111315,887	39094,351	40389,456	40390,455	40394,446	40394,827	40395,057	40395,887	8,362	2,159	1,117	0,568	-13,440	13,440	0,615	4,884	1,000	664,000	602,000	571,022	215,467
190,000	20,000	210,000	17,897	0,000	0,000	0,000	54,771	0,000	17,165	0,000	54,771	0,000	105134,351	111319,564	111320,564	111322,613	111322,813	111322,813	111322,837	39094,351	40399,564	40400,564	40402,613	40402,813	40402,813	40402,837	0,000	0,000	0,000	0,000	-13,440	13,440	NaN	NaN	1,000	987,000	697,000	571,022	215,467
30,000	440,000	470,000	15,151	34,091	4,413	5,000	47,066	0,659	17,083	0,082	47,255	150,000	105134,351	111328,799	111329,799	111332,127	111332,328	111332,478	111332,777	39094,351	40408,799	40409,800	40412,127	40412,328	40412,478	40412,777	0,425	0,510	0,076	0,048	-13,440	13,440	1,982	0,390	1,000	780,000	712,000	571,022	215,467
110,000	1320,000	1430,000	13,064	14,394	13,845	14,000	61,753	8,944	17,103	0,062	54,606	190,000	105134,351	111340,076	111341,076	111342,443	111342,643	111342,833	111343,967	39094,351	40420,076	40421,076	40422,443	40422,643	40422,833	40423,967	10,106	0,843	0,067	0,028	-13,440	13,440	8,367	0,084	1,000	601,000	679,000	571,022	215,467
30,000	1400,000	1430,000	12,254	11,429	14,204	14,000	60,016	10,382	17,123	0,043	52,345	160,000	105134,351	111350,114	111351,114	111354,841	111355,042	111355,202	111356,447	39094,351	40430,114	40431,114	40434,841	40435,042	40435,202	40436,447	11,401	1,745	0,057	0,000	-13,440	13,440	7,993	0,086	1,000	498,000	645,000	571,022	215,467
240,000	1190,000	1430,000	9,978	18,487	11,977	15,000	55,711	8,941	16,425	0,740	54,581	220,000	105134,351	111401,685	111402,685	111403,883	111404,127	111404,347	111405,328	39094,351	40441,685	40442,685	40443,883	40444,127	40444,347	40445,328	7,662	4,719	0,485	0,653	-13,440	13,440	3,489	4,490	1,000	737,000	529,000	571,022	215,467
590,000	60,000	650,000	17,897	0,000	0,378	0,000	55,143	0,016	17,165	0,000	55,182	0,000	105134,351	111414,224	111415,225	111416,302	111416,897	111416,897	111416,969	39094,351	40454,225	40455,225	40456,302	40456,897	40456,897	40456,969	0,000	0,029	0,000	0,000	-13,440	13,440	0,036	NaN	1,000	995,000	690,000	571,022	215,467
170,000	20,000	190,000	18,997	0,000	0,000	0,000	54,718	0,000	17,165	0,000	54,718	0,000	105134,351	111453,187	111454,187	111456,439	111456,639	111456,639	111456,667	39094,351	40493,187	40494,187	40496,439	40496,639	40496,639	40496,667	0,000	0,000	0,000	0,000	-13,440	13,440	NaN	NaN	1,000	1019,000	721,000	571,022	215,467
550,000	330,000	880,000	15,606	60,606	21,166	3,000	56,488	2,738	16,058	1,107	56,908	200,000	105134,351	111522,119	111523,119	111527,114	111527,977	111528,177	111528,458	39094,351	40522,119	40523,119	40527,114	40527,977	40528,177	40528,458	2,273	1,515	1,141	0,433	-13,440	13,440	9,132	3,999	1,000	941,000	629,000	571,022	215,467
240,000	1190,000	1430,000	17,045	21,849	13,562	13,000	54,237	4,374	16,778	0,387	53,616	260,000	105134,351	111545,339	111546,339	111548,177	111548,428	111548,688	111549,627	39094,351	40545,339	40546,339	40548,177	40548,428	40548,688	40549,627	3,746	2,337	0,254	0,319	-13,440	13,440	11,507	1,234	1,000	878,000	738,000	571,022	215,467
30,000	1400,000	1430,000	9,758	11,429	7,130	19,000	53,079	5,247	16,581	0,584	52,948	160,000	105134,351	111554,750	111555,750	111559,534	111559,735	111559,895	111601,137	39094,351	40554,750	40555,750	40559,534	40559,735	40559,895	40561,137	4,307	3,004	0,523	0,288	-13,440	13,440	1,705	3,102	1,000	691,000	541,000	571,022	215,467
400,000	1030,000	1430,000	14,357	17,476	7,889	12,000	58,687	3,892	17,009	0,156	55,660	180,000	105134,351	111604,265	111605,265	111608,683	111609,087	111609,267	111610,127	39094,351	40564,265	40565,265	40568,683	40569,087	40569,267	40570,127	4,189	0,845	0,088	0,151	-13,440	13,440	6,808	0,436	1,000	834,000	653,000	571,022	215,467
180,000	80,000	260,000	19,484	0,000	0,817	0,000	55,848	0,048	17,165	0,000	55,798	0,000	105134,351	111616,267	111617,267	111620,619	111620,820	111620,820	111620,909	39094,351	40576,267	40577,267	40580,619	40580,820	40580,820	40580,909	0,058	0,000	0,003	0,000	-13,440	13,440	0,423	NaN	1,000	1051,000	715,000	571,022	215,467
30,000	1400,000	1430,000	17,649	10,714	8,979	19,000	60,095	7,375	16,880	0,285	58,500	150,000	105134,351	111627,972	111628,972	111631,286	111631,486	111631,636	111632,897	39094,351	40587,972	40588,972	40591,286	40591,486	40591,636	40592,897	6,901	2,885	0,193	0,257	-13,440	13,440	4,953	1,191	1,000	994,000	679,000	571,022	215,467
420,000	1010,000	1430,000	15,023	32,673	15,967	8,000	60,658	9,233	15,791	1,375	55,963	330,000	105134,351	111636,426	111637,426	111640,499	111640,926	111641,256	111641,947	39094,351	40596,426	40597,426	40600,499	40600,926	40601,256	40601,947	9,927	1,674	1,547	0,283	-13,440	13,440	3,008	6,362	1,000	633,000	746,000	571,022	215,467
30,000	20,000	50,000	18,784	0,000	0,000	0,000	56,463	0,000	17,165	0,000	56,463	0,000	105134,351	111645,016	111646,016	111647,273	111647,475	111647,475	111647,497	39094,351	40605,016	40606,016	40607,274	40607,475	40607,475	40607,497	0,000	0,000	0,000	0,000	-13,440	13,440	NaN	NaN	1,000	1041,000	690,000	571,022	215,467
510,000	920,000	1430,000	13,660	14,130	18,690	10,000	62,669	9,113	16,894	0,271	57,189	130,000	105134,351	111651,893	111652,893	111656,063	111656,577	111656,707	111657,508	39094,351	40611,893	40612,893	40616,063	40616,577	40616,707	40617,508	9,802	1,418	0,312	0,028	-13,440	13,440	9,347	1,925	1,000	654,000	694,000	571,022	215,467
530,000	900,000	1430,000	13,717	46,667	21,652	4,000	62,541	8,706	15,646	1,520	57,685	420,000	105134,351	111700,756	111701,756	111704,196	111704,727	111705,147	111705,637	39094,351	40620,756	40621,756	40624,196	40624,727	40625,147	40625,637	9,575	1,187	1,762	0,228	-13,440	13,440	8,774	6,870	1,000	617,000	701,000	571,022	215,467
