400,000	1030,000	1430,000	8,021	24,272	14,469	14,000	35,632	8,992	23,577	1,603	32,788	250,000	122313,580	122347,531	122348,532	122351,060	122351,467	122351,717	122352,506	44593,580	44627,531	44628,532	44631,060	44631,467	44631,717	44632,506	6,307	6,603	1,063	1,216	13,440	13,440	4,506	4,624	1,000	655,000	404,000	868,978	215,467
460,000	970,000	1430,000	1,862	15,464	9,455	14,000	54,066	6,711	24,468	0,712	55,451	150,000	122313,580	122407,422	122408,422	122411,451	122411,917	122412,067	122412,897	44593,580	44647,422	44648,422	44651,451	44651,917	44652,067	44652,897	5,074	4,473	0,562	0,465	13,440	13,440	0,338	5,114	1,000	820,000	260,000	868,978	215,467
430,000	1000,000	1430,000	11,200	27,000	17,217	10,000	33,507	6,513	24,369	0,811	30,170	270,000	122313,580	122419,802	122420,802	122422,017	122422,457	122422,727	122423,467	44593,580	44659,802	44660,802	44662,017	44662,457	44662,727	44663,467	4,759	4,757	0,545	0,628	13,440	13,440	11,323	0,979	1,000	574,000	483,000	868,978	215,467
610,000	820,000	1430,000	6,262	15,854	18,436	9,000	37,326	10,054	24,319	0,862	33,444	130,000	122313,580	122433,012	122434,012	122437,331	122437,948	122438,078	122438,779	44593,580	44673,012	44674,012	44677,331	44677,948	44678,078	44678,779	7,510	7,053	0,716	0,583	13,440	13,440	10,466	7,518	1,000	704,000	365,000	868,978	215,467
30,000	1400,000	1430,000	3,463	9,286	14,089	16,000	39,628	12,039	25,008	0,172	36,542	130,000	122313,580	122443,772	122444,774	122446,111	122446,312	122446,442	122447,717	44593,580	44683,772	44684,774	44686,111	44686,312	44686,442	44687,717	8,616	8,583	0,136	0,124	13,440	13,440	7,299	1,350	1,000	775,000	295,000	868,978	215,467
410,000	1020,000	1430,000	4,190	19,608	11,904	14,000	48,782	6,507	24,495	0,685	49,725	200,000	122313,580	122452,583	122453,584	122456,297	122456,716	122456,916	122457,747	44593,580	44692,584	44693,584	44696,297	44696,716	44696,916	44697,747	4,697	4,567	0,512	0,445	13,440	13,440	3,673	2,823	1,000	747,000	301,000	868,978	215,467
370,000	1060,000	1430,000	8,284	19,811	14,008	12,000	36,869	8,171	24,869	0,312	32,496	210,000	122313,580	122503,284	122504,284	122507,637	122508,017	122508,227	122509,087	44593,580	44703,284	44704,284	44707,637	44708,017	44708,227	44709,087	6,267	5,677	0,207	0,247	13,440	13,440	10,566	1,806	1,000	658,000	421,000	868,978	215,467
370,000	20,000	390,000	18,526	0,000	0,000	0,000	30,488	0,000	25,180	0,000	30,488	0,000	122313,580	122513,974	122514,974	122516,165	122516,537	122516,537	122516,568	44593,580	44713,974	44714,974	44716,165	44716,537	44716,537	44716,568	0,000	0,000	0,000	0,000	13,440	13,440	NaN	NaN	1,000	398,000	676,000	868,978	215,467
350,000	1080,000	1430,000	4,568	20,370	19,944	12,000	36,539	12,513	24,141	1,039	31,699	220,000	122313,580	122523,324	122524,325	122527,842	122528,197	122528,417	122529,287	44593,580	44723,324	44724,325	44727,843	44728,197	44728,417	44729,287	9,192	8,947	0,768	0,777	13,440	13,440	10,950	4,775	1,000	743,000	318,000	868,978	215,467
30,000	1180,000	1210,000	0,189	13,559	4,930	14,000	68,800	2,495	24,924	0,256	71,053	160,000	122313,580	122533,275	122534,275	122537,213	122537,413	122537,573	122538,598	44593,580	44733,275	44734,275	44737,213	44737,413	44737,573	44738,598	1,970	1,801	0,222	0,172	13,440	13,440	1,181	0,833	1,000	874,000	211,000	868,978	215,467
340,000	1090,000	1430,000	3,050	11,009	19,618	14,000	35,362	14,567	24,508	0,672	31,269	120,000	122313,580	122541,689	122542,689	122543,718	122544,068	122544,188	122545,167	44593,580	44741,689	44742,689	44743,718	44744,068	44744,188	44745,167	9,855	10,978	0,457	0,526	13,440	13,440	2,922	5,783	1,000	779,000	276,000	868,978	215,467
360,000	820,000	1180,000	0,172	28,049	6,254	7,000	71,880	1,469	24,668	0,512	72,793	230,000	122313,580	122551,877	122552,876	122555,977	122556,347	122556,577	122557,176	44593,580	44751,877	44752,877	44755,977	44756,347	44756,577	44757,176	1,184	1,043	0,395	0,367	13,440	13,440	1,623	0,603	1,000	874,000	212,000	868,978	215,467
390,000	1040,000	1430,000	5,736	11,538	20,302	15,000	35,226	11,422	24,695	0,485	31,513	120,000	122313,580	122602,270	122603,270	122605,730	122606,129	122606,249	122607,177	44593,580	44762,270	44763,270	44765,730	44766,129	44766,249	44767,177	7,845	8,562	0,326	0,375	13,440	13,440	15,921	4,160	1,000	703,000	334,000	868,978	215,467
380,000	1050,000	1430,000	4,965	15,238	18,272	12,000	35,188	12,509	24,300	0,880	31,488	160,000	122313,580	122612,262	122613,262	122615,926	122616,307	122616,467	122617,366	44593,580	44772,262	44773,262	44775,926	44776,307	44776,467	44777,366	8,462	9,436	0,539	0,710	13,440	13,440	8,798	5,254	1,000	726,000	319,000	868,978	215,467
30,000	370,000	400,000	0,141	97,297	2,910	0,000	75,031	0,412	24,771	0,409	75,031	360,000	122313,580	122621,638	122622,639	122626,589	122626,789	122627,149	122627,168	44593,580	44781,638	44782,639	44786,589	44786,789	44787,149	44787,168	0,367	0,225	0,366	0,225	13,440	13,440	NaN	0,373	1,000	864,000	215,000	868,978	215,467
30,000	260,000	290,000	0,634	96,154	2,662	0,000	73,585	0,423	24,758	0,423	73,585	250,000	122313,580	122634,534	122635,534	122639,529	122639,730	122639,980	122639,996	44593,580	44794,534	44795,534	44799,529	44799,730	44799,980	44799,997	0,338	0,254	0,339	0,251	13,440	13,440	NaN	0,878	1,000	869,000	238,000	868,978	215,467
370,000	1060,000	1430,000	6,169	13,208	15,717	14,000	36,104	10,706	24,553	0,627	32,720	140,000	122313,580	122645,966	122646,966	122648,385	122648,757	122648,897	122649,827	44593,580	44805,966	44806,966	44808,385	44808,757	44808,897	44809,827	7,501	7,901	0,452	0,487	13,440	13,440	7,201	4,122	1,000	704,000	360,000	868,978	215,467
30,000	1160,000	1190,000	0,058	19,828	15,695	18,000	56,752	7,820	22,365	2,816	57,705	230,000	122313,580	122655,494	122656,494	122659,150	122659,351	122659,581	122700,516	44593,580	44815,494	44816,494	44819,150	44819,351	44819,581	44820,516	5,992	4,979	2,041	2,003	13,440	13,440	8,653	10,122	1,000	871,000	215,000	868,978	215,467
30,000	1010,000	1040,000	0,151	22,772	9,511	12,000	66,921	4,348	23,696	1,484	67,746	230,000	122313,580	122703,442	122704,442	122705,809	122706,010	122706,240	122707,027	44593,580	44823,442	44824,442	44825,809	44826,010	44826,240	44827,027	3,770	2,195	1,261	0,949	13,440	13,440	8,455	8,360	1,000	866,000	211,000	868,978	215,467
360,000	1070,000	1430,000	2,772	46,729	20,938	7,000	36,692	14,267	19,024	6,156	34,029	500,000	122313,580	122710,396	122711,395	122712,744	122713,107	122713,607	122714,188	44593,580	44830,396	44831,396	44832,744	44833,107	44833,607	44834,188	9,938	10,521	4,042	4,788	13,440	13,440	5,144	14,761	1,000	792,000	277,000	868,978	215,467
290,000	1140,000	1430,000	3,367	19,298	15,277	13,000	35,960	13,706	22,865	2,315	33,105	220,000	122313,580	122718,136	122719,136	122721,907	122722,207	122722,427	122723,357	44593,580	44838,136	44839,136	44841,907	44842,207	44842,427	44843,357	9,155	10,370	1,438	1,857	13,440	13,440	2,607	11,081	1,000	764,000	273,000	868,978	215,467
400,000	1030,000	1430,000	4,736	16,505	20,524	12,000	35,875	12,362	24,569	0,611	32,498	170,000	122313,580	122728,826	122729,827	122733,670	122734,078	122734,248	122735,117	44593,580	44848,826	44849,827	44853,670	44854,078	44854,248	44855,117	8,404	9,262	0,408	0,470	13,440	13,440	6,998	2,020	1,000	731,000	312,000	868,978	215,467
420,000	1010,000	1430,000	4,802	15,842	19,620	16,000	35,544	12,559	24,306	0,874	31,429	160,000	122313,580	122739,113	122740,115	122743,179	122743,607	122743,767	122744,627	44593,580	44859,113	44860,115	44863,180	44863,607	44863,767	44864,627	8,755	9,303	0,563	0,690	13,440	13,440	13,657	4,641	1,000	734,000	320,000	868,978	215,467
30,000	1400,000	1430,000	0,052	11,429	11,841	16,000	54,273	8,481	23,734	1,446	56,298	160,000	122313,580	122748,736	122749,738	122750,983	122751,183	122751,343	122752,588	44593,580	44868,737	44869,738	44870,983	44871,183	44871,343	44872,588	6,330	5,710	1,074	1,010	13,440	13,440	5,577	9,250	1,000	870,000	217,000	868,978	215,467
370,000	1060,000	1430,000	4,784	23,585	18,140	12,000	35,560	12,852	23,746	1,434	31,032	250,000	122313,580	122756,419	122757,420	122800,539	122800,917	122801,167	122801,988	44593,580	44876,419	44877,420	44880,539	44880,918	44881,168	44881,988	9,237	9,363	1,040	1,064	13,440	13,440	9,322	4,032	1,000	738,000	324,000	868,978	215,467
360,000	1070,000	1430,000	4,369	17,757	19,764	12,000	36,463	12,586	24,284	0,896	32,052	190,000	122313,580	122805,587	122806,587	122808,830	122809,197	122809,387	122810,277	44593,580	44885,587	44886,588	44888,830	44889,197	44889,387	44890,277	9,058	9,138	0,661	0,673	13,440	13,440	7,970	4,399	1,000	755,000	321,000	868,978	215,467
420,000	1010,000	1430,000	6,045	34,653	17,388	9,000	34,760	11,419	22,938	2,243	31,770	350,000	122313,580	122814,538	122815,538	122817,286	122817,718	122818,068	122818,737	44593,580	44894,538	44895,538	44897,286	44897,718	44898,068	44898,737	7,645	8,701	1,373	1,821	13,440	13,440	6,523	6,623	1,000	699,000	347,000	868,978	215,467
150,000	940,000	1090,000	0,071	9,574	5,434	14,000	71,526	1,687	25,091	0,089	73,194	90,000	122313,580	122823,880	122824,880	122827,758	122827,958	122828,048	122828,909	44593,580	44903,880	44904,880	44907,758	44907,958	44908,048	44908,909	1,408	1,042	0,093	0,045	13,440	13,440	0,908	0,598	1,000	871,000	217,000	868,978	215,467
430,000	1000,000	1430,000	4,893	20,000	17,157	15,000	35,864	12,314	23,121	2,059	32,191	200,000	122313,580	122831,571	122832,571	122833,625	122834,057	122834,257	122835,067	44593,580	44911,571	44912,571	44913,625	44914,057	44914,257	44915,067	8,588	9,074	1,308	1,627	13,440	13,440	0,250	11,438	1,000	733,000	324,000	868,978	215,467
90,000	20,000	110,000	18,466	0,000	0,000	0,000	30,702	0,000	25,180	0,000	30,702	0,000	122313,580	122839,510	122840,510	122844,061	122844,262	122844,262	122844,287	44593,580	44919,510	44920,510	44924,061	44924,262	44924,262	44924,287	0,000	0,000	0,000	0,000	13,440	13,440	NaN	NaN	1,000	402,000	677,000	868,978	215,467
30,000	20,000	50,000	0,519	0,000	0,000	0,000	77,078	0,000	25,180	0,000	77,078	0,000	122313,580	122853,109	122854,110	122857,308	122857,509	122857,509	122857,538	44593,580	44933,109	44934,110	44937,309	44937,509	44937,509	44937,538	0,000	0,000	0,000	0,000	13,440	13,440	NaN	NaN	1,000	863,000	198,000	868,978	215,467
120,000	20,000	140,000	18,626	0,000	0,000	0,000	30,484	0,000	25,180	0,000	30,484	0,000	122313,580	122859,952	122900,953	122903,365	122903,566	122903,566	122903,587	44593,580	44939,952	44940,953	44943,365	44943,566	44943,566	44943,587	0,000	0,000	0,000	0,000	13,440	13,440	NaN	NaN	1,000	405,000	688,000	868,978	215,467
1100,000	330,000	1430,000	0,538	81,818	6,860	2,000	71,626	0,891	24,386	0,794	71,936	270,000	122313,580	122907,482	122908,482	122910,308	122911,417	122911,687	122911,757	44593,580	44947,482	44948,482	44950,308	44951,417	44951,687	44951,757	0,734	0,688	0,660	0,597	13,440	13,440	0,063	2,980	1,000	853,000	226,000	868,978	215,467
160,000	20,000	180,000	18,606	0,000	0,000	0,000	30,546	0,000	25,180	0,000	30,546	0,000	122313,580	122914,480	122915,480	122916,562	122916,763	122916,763	122916,788	44593,580	44954,480	44955,480	44956,562	44956,763	44956,763	44956,788	0,000	0,000	0,000	0,000	13,440	13,440	NaN	NaN	1,000	406,000	688,000	868,978	215,467
300,000	1130,000	1430,000	2,995	17,699	19,302	13,000	36,439	13,983	23,587	1,594	32,253	200,000	122313,580	122921,820	122922,820	122924,210	122924,517	122924,717	122925,657	44593,580	44961,820	44962,820	44964,210	44964,517	44964,717	44965,657	9,793	10,279	1,037	1,258	13,440	13,440	1,904	8,213	1,000	780,000	274,000	868,978	215,467
300,000	1130,000	1430,000	4,208	15,044	15,974	17,000	35,972	13,071	23,785	1,395	31,776	170,000	122313,580	122930,515	122931,515	122933,380	122933,687	122933,857	122934,827	44593,580	44970,515	44971,515	44973,381	44973,687	44973,857	44974,827	9,081	9,654	0,829	1,144	13,440	13,440	0,146	8,303	1,000	753,000	310,000	868,978	215,467
80,000	1350,000	1430,000	2,157	31,852	19,528	11,000	36,192	15,435	21,605	3,575	32,675	430,000	122313,580	122938,628	122939,628	122941,574	122941,774	122942,204	122943,127	44593,580	44978,628	44979,628	44981,574	44981,774	44982,204	44983,127	10,517	11,559	2,244	2,885	13,440	13,440	6,269	14,253	1,000	801,000	251,000	868,978	215,467
370,000	1060,000	1430,000	4,261	16,038	18,471	14,000	35,978	12,988	24,201	0,980	31,748	170,000	122313,580	122947,754	122948,754	122950,263	122950,637	122950,807	122951,708	44593,580	44987,754	44988,754	44990,263	44990,637	44990,807	44991,708	9,082	9,578	0,634	0,770	13,440	13,440	10,143	5,262	1,000	749,000	308,000	868,978	215,467
30,000	520,000	550,000	0,058	28,846	2,084	7,000	74,901	0,502	25,035	0,145	75,405	150,000	122313,580	122958,140	122959,140	123002,959	123003,160	123003,310	123003,688	44593,580	44998,140	44999,141	45002,959	45003,160	45003,310	45003,688	0,423	0,254	0,122	0,054	13,440	13,440	0,694	0,728	1,000	871,000	215,000	868,978	215,467
370,000	1060,000	1430,000	5,145	19,811	16,453	14,000	35,137	12,259	23,666	1,514	31,522	210,000	122313,580	123006,720	123007,721	123011,073	123011,448	123011,658	123012,518	44593,580	45006,720	45007,721	45011,074	45011,448	45011,658	45012,518	8,347	9,214	0,932	1,214	13,440	13,440	1,601	8,046	1,000	721,000	323,000	868,978	215,467
