580,000	850,000	1430,000	14,769	17,647	6,954	8,000	55,356	3,104	17,041	0,124	56,361	150,000	120621,270	120730,054	120731,054	120733,216	120733,797	120733,947	120734,658	43581,270	43650,054	43651,054	43653,216	43653,797	43653,947	43654,658	2,220	2,312	0,105	0,085	-13,440	13,440	3,628	0,787	1,000	936,000	593,000	571,022	215,467
280,000	1150,000	1430,000	12,927	10,435	15,423	16,000	58,003	5,999	16,906	0,260	57,058	120,000	120621,270	120758,831	120759,831	120802,148	120802,437	120802,557	120803,598	43581,270	43678,831	43679,831	43682,148	43682,437	43682,557	43683,598	5,435	2,589	0,256	0,080	-13,440	13,440	4,097	2,353	1,000	815,000	605,000	571,022	215,467
420,000	1010,000	1430,000	14,286	19,802	7,680	10,000	59,104	4,543	16,768	0,397	56,955	200,000	120621,270	120813,463	120814,465	120818,202	120818,627	120818,827	120819,648	43581,270	43693,464	43694,465	43698,202	43698,627	43698,827	43699,648	4,587	1,270	0,360	0,164	-13,440	13,440	3,742	1,625	1,000	866,000	629,000	571,022	215,467
420,000	1010,000	1430,000	11,744	14,851	9,092	12,000	57,785	5,002	16,706	0,459	56,654	150,000	120621,270	120835,248	120836,248	120840,207	120840,640	120840,790	120841,657	43581,270	43715,248	43716,248	43720,207	43720,640	43720,790	43721,657	4,591	2,148	0,403	0,257	-13,440	13,440	1,826	3,087	1,000	801,000	564,000	571,022	215,467
600,000	830,000	1430,000	11,287	19,277	15,458	10,000	55,361	5,926	16,583	0,582	56,032	160,000	120621,270	120850,830	120851,832	120854,912	120855,517	120855,677	120856,358	43581,270	43730,831	43731,832	43734,912	43735,517	43735,677	43736,358	4,604	3,789	0,474	0,353	-13,440	13,440	0,739	4,093	1,000	824,000	527,000	571,022	215,467
530,000	900,000	1430,000	12,854	20,000	13,588	11,000	55,652	6,201	16,360	0,805	56,365	180,000	120621,270	120908,069	120909,069	120912,345	120912,877	120913,057	120913,787	43581,270	43748,069	43749,069	43752,345	43752,877	43753,057	43753,787	5,180	3,460	0,943	0,143	-13,440	13,440	1,273	4,085	1,000	844,000	582,000	571,022	215,467
610,000	820,000	1430,000	12,364	14,634	13,666	11,000	54,999	4,614	16,657	0,508	56,608	120,000	120621,270	120936,980	120937,980	120939,211	120939,827	120939,947	120940,657	43581,270	43776,980	43777,980	43779,211	43779,827	43779,947	43780,657	3,305	3,386	0,501	0,180	-13,440	13,440	4,067	4,550	1,000	874,000	534,000	571,022	215,467
590,000	70,000	660,000	18,854	0,000	1,341	0,000	55,409	0,073	17,162	0,004	55,577	0,000	120621,270	120955,396	120956,396	120959,291	120959,887	120959,887	120999,967	43581,270	43795,396	43796,396	43799,291	43799,887	43799,887	43799,968	0,000	0,087	0,000	0,003	-13,440	13,440	0,683	NaN	1,000	1029,000	705,000	571,022	215,467
530,000	900,000	1430,000	12,736	22,222	18,372	13,000	55,389	5,856	16,662	0,504	55,783	200,000	120621,270	121019,314	121020,314	121023,119	121023,658	121023,858	121024,567	43581,270	43819,314	43820,314	43823,119	43823,658	43823,858	43824,567	4,895	3,316	0,754	0,095	-13,440	13,440	5,429	0,381	1,000	827,000	589,000	571,022	215,467
3010,000	20,000	3030,000	17,684	0,000	0,000	0,000	55,849	0,000	17,165	0,000	55,849	0,000	120621,270	121037,243	121038,243	121042,046	121045,057	121045,057	121045,087	43581,270	43837,243	43838,243	43842,046	43845,057	43845,057	43845,087	0,000	0,000	0,000	0,000	-13,440	13,440	NaN	NaN	1,000	998,000	677,000	571,022	215,467
910,000	520,000	1430,000	17,457	38,462	3,665	5,000	57,152	0,583	17,016	0,149	57,295	200,000	120621,270	121104,711	121105,711	121107,952	121108,867	121109,067	121109,397	43581,270	43864,711	43865,711	43867,952	43868,867	43869,067	43869,397	0,417	0,462	0,113	0,104	-13,440	13,440	1,215	0,435	1,000	1021,000	643,000	571,022	215,467
2850,000	1280,000	4130,000	8,360	11,719	13,904	16,000	58,556	10,405	16,516	0,650	57,541	150,000	120621,270	121123,361	121124,363	121125,878	121128,737	121128,887	121130,027	43581,270	43883,362	43884,363	43885,878	43888,737	43888,887	43890,027	9,342	4,647	0,679	0,165	-13,440	13,440	0,860	4,129	1,000	680,000	492,000	571,022	215,467
760,000	670,000	1430,000	12,674	37,313	10,008	6,000	57,212	4,838	15,573	1,592	56,933	250,000	120621,270	121149,116	121150,117	121152,261	121153,027	121153,277	121153,707	43581,270	43909,116	43910,117	43912,261	43913,027	43913,277	43913,707	4,270	2,379	1,471	0,751	-13,440	13,440	0,146	7,830	1,000	840,000	577,000	571,022	215,467
550,000	880,000	1430,000	10,924	29,545	13,743	9,000	56,331	6,963	15,681	1,484	56,049	260,000	120621,270	121205,661	121206,662	121208,880	121209,438	121209,698	121210,328	43581,270	43925,661	43926,662	43928,880	43929,438	43929,698	43930,328	5,996	3,631	1,388	0,702	-13,440	13,440	4,575	7,511	1,000	775,000	546,000	571,022	215,467
900,000	530,000	1430,000	15,821	49,057	7,127	3,000	55,388	1,527	16,659	0,506	55,977	260,000	120621,270	121229,325	121230,325	121231,533	121232,438	121232,698	121232,977	43581,270	43949,325	43950,325	43951,533	43952,438	43952,698	43952,977	0,911	1,415	0,253	0,503	-13,440	13,440	5,144	0,896	1,000	971,000	611,000	571,022	215,467
80,000	90,000	170,000	18,932	0,000	0,374	0,000	55,548	0,016	17,165	0,000	55,586	0,000	120621,270	121255,477	121256,477	121258,630	121258,830	121258,830	121258,927	43581,270	43975,477	43976,477	43978,630	43978,831	43978,831	43978,927	0,000	0,029	0,000	0,000	-13,440	13,440	0,036	NaN	1,000	1032,000	706,000	571,022	215,467
30,000	1400,000	1430,000	9,476	9,286	10,854	26,000	54,127	6,809	16,684	0,481	54,131	130,000	120621,270	121320,947	121321,947	121325,233	121325,433	121325,563	121326,837	43581,270	44000,947	44001,947	44005,233	44005,433	44005,563	44006,837	5,541	3,919	0,440	0,229	-13,440	13,440	2,681	3,722	1,000	713,000	521,000	571,022	215,467
310,000	1120,000	1430,000	12,312	12,500	7,486	14,000	56,119	4,275	17,017	0,149	56,968	140,000	120621,270	121339,571	121340,572	121343,588	121343,908	121344,048	121345,038	43581,270	44019,571	44020,572	44023,588	44023,908	44024,048	44025,038	3,311	2,761	0,136	0,086	-13,440	13,440	1,366	1,289	1,000	867,000	538,000	571,022	215,467
30,000	1400,000	1430,000	7,952	10,000	5,399	25,000	51,967	4,050	16,825	0,340	50,764	140,000	120621,270	121357,589	121358,588	121401,025	121401,225	121401,365	121402,627	43581,270	44037,589	44038,589	44041,025	44041,225	44041,365	44042,627	3,465	2,141	0,231	0,258	-13,440	13,440	0,774	1,615	1,000	582,000	498,000	571,022	215,467
690,000	100,000	790,000	17,773	0,000	0,367	0,000	56,271	0,016	17,165	0,000	56,310	0,000	120621,270	121411,200	121412,200	121413,777	121414,478	121414,478	121414,588	43581,270	44051,200	44052,200	44053,778	44054,478	44054,478	44054,588	0,000	0,029	0,000	0,000	-13,440	13,440	0,035	NaN	1,000	1009,000	671,000	571,022	215,467
900,000	530,000	1430,000	15,377	41,509	7,670	4,000	55,455	1,716	16,938	0,227	55,150	220,000	120621,270	121429,485	121430,485	121433,620	121434,527	121434,747	121435,067	43581,270	44069,485	44070,486	44073,620	44074,527	44074,747	44075,067	1,486	0,913	0,195	0,087	-13,440	13,440	7,131	0,065	1,000	918,000	638,000	571,022	215,467
800,000	630,000	1430,000	14,258	17,460	4,626	7,000	55,651	1,776	16,904	0,261	56,357	110,000	120621,270	121450,299	121451,299	121454,711	121455,518	121455,628	121456,158	43581,270	44090,299	44091,300	44094,711	44095,518	44095,628	44096,158	1,221	1,376	0,201	0,170	-13,440	13,440	1,476	1,979	1,000	917,000	586,000	571,022	215,467
240,000	1190,000	1430,000	7,158	12,605	18,311	13,000	56,073	10,030	17,073	0,092	55,634	150,000	120621,270	121511,110	121512,110	121515,408	121515,657	121515,807	121516,857	43581,270	44111,110	44112,110	44115,408	44115,657	44115,807	44116,857	8,431	5,600	0,048	0,107	-13,440	13,440	15,478	0,459	1,000	665,000	452,000	571,022	215,467
770,000	660,000	1430,000	10,470	51,515	13,248	5,000	55,966	6,352	14,367	2,798	56,499	340,000	120621,270	121528,417	121529,417	121532,059	121532,837	121533,177	121533,506	43581,270	44128,417	44129,417	44132,059	44132,837	44133,177	44133,506	5,050	3,988	2,259	1,734	-13,440	13,440	1,964	9,131	1,000	805,000	505,000	571,022	215,467
30,000	1400,000	1430,000	5,493	14,286	8,465	15,000	57,378	7,580	15,673	1,492	57,699	200,000	120621,270	121541,644	121542,645	121544,005	121544,206	121544,406	121545,607	43581,270	44141,644	44142,645	44144,005	44144,206	44144,406	44145,607	5,830	4,935	0,816	1,497	-13,440	13,440	3,153	7,518	1,000	699,000	363,000	571,022	215,467
530,000	900,000	1430,000	10,900	25,556	14,558	9,000	55,770	6,732	16,562	0,603	55,497	230,000	120621,270	121553,083	121554,084	121555,375	121555,908	121556,138	121556,817	43581,270	44153,083	44154,084	44155,375	44155,908	44156,138	44156,817	5,694	3,676	0,532	0,305	-13,440	13,440	11,263	3,046	1,000	775,000	545,000	571,022	215,467
470,000	960,000	1430,000	8,056	20,833	23,039	8,000	55,341	9,116	16,547	0,618	56,322	200,000	120621,270	121603,613	121604,615	121608,473	121608,947	121609,147	121609,917	43581,270	44163,613	44164,615	44168,473	44168,947	44169,147	44169,917	7,102	5,898	0,460	0,509	-13,440	13,440	5,348	3,437	1,000	741,000	446,000	571,022	215,467
250,000	1180,000	1430,000	10,603	11,864	20,450	17,000	61,407	10,031	17,075	0,090	56,951	140,000	120621,270	121633,554	121634,555	121635,669	121635,926	121636,066	121637,117	43581,270	44193,554	44194,555	44195,669	44195,926	44196,066	44197,117	10,205	2,572	0,086	0,047	-13,440	13,440	7,979	0,802	1,000	655,000	583,000	571,022	215,467
130,000	80,000	210,000	18,213	0,000	0,687	0,000	55,231	0,040	17,165	0,000	55,243	0,000	120621,270	121652,185	121653,185	121656,211	121656,411	121656,411	121656,497	43581,270	44212,185	44213,185	44216,211	44216,411	44216,411	44216,497	0,028	0,029	0,003	0,000	-13,440	13,440	0,404	NaN	1,000	1004,000	697,000	571,022	215,467
1020,000	410,000	1430,000	17,225	41,463	3,763	2,000	55,187	0,941	16,850	0,315	55,190	170,000	120621,270	121712,155	121713,156	121716,795	121717,819	121717,989	121718,237	43581,270	44232,156	44233,156	44236,795	44237,819	44237,989	44238,237	0,746	0,625	0,226	0,260	-13,440	13,440	0,375	2,028	1,000	977,000	674,000	571,022	215,467
440,000	990,000	1430,000	8,516	14,141	18,132	13,000	58,110	9,467	17,042	0,123	57,564	140,000	120621,270	121728,985	121729,985	121733,901	121734,347	121734,487	121735,346	43581,270	44248,985	44249,985	44253,901	44254,347	44254,487	44255,347	8,161	4,944	0,060	0,096	-13,440	13,440	11,926	0,808	1,000	735,000	470,000	571,022	215,467
920,000	360,000	1280,000	17,537	38,889	1,284	4,000	56,023	0,251	17,072	0,093	56,074	140,000	120621,270	121750,520	121751,520	121752,701	121753,626	121753,766	121753,997	43581,270	44270,521	44271,521	44272,701	44273,626	44273,766	44273,997	0,170	0,198	0,060	0,082	-13,440	13,440	0,294	0,524	1,000	1000,000	668,000	571,022	215,467
460,000	970,000	1430,000	6,716	40,206	20,900	8,000	58,313	12,793	14,288	2,877	56,558	390,000	120621,270	121813,366	121814,366	121816,698	121817,167	121817,557	121818,146	43581,270	44293,366	44294,366	44296,698	44297,167	44297,557	44298,146	11,591	5,740	2,551	1,525	-13,440	13,440	5,831	11,584	1,000	560,000	454,000	571,022	215,467
680,000	750,000	1430,000	12,752	22,667	9,292	7,000	54,071	5,035	16,604	0,562	56,385	170,000	120621,270	121837,211	121838,211	121839,538	121840,227	121840,397	121840,987	43581,270	44317,211	44318,211	44319,538	44320,227	44320,397	44320,987	3,237	4,252	0,436	0,422	-13,440	13,440	2,110	4,157	1,000	906,000	521,000	571,022	215,467
610,000	820,000	1430,000	8,843	26,829	21,726	4,000	55,997	9,617	16,671	0,494	54,960	220,000	120621,270	121859,192	121900,192	121902,654	121903,267	121903,487	121904,097	43581,270	44339,192	44340,192	44342,654	44343,267	44343,487	44344,097	8,146	5,281	0,253	0,540	-13,440	13,440	15,340	2,915	1,000	711,000	497,000	571,022	215,467
180,000	40,000	220,000	18,511	0,000	0,349	0,000	57,370	0,016	17,164	0,001	57,409	0,000	120621,270	121916,703	121917,703	121919,793	121919,995	121919,995	121920,037	43581,270	44356,703	44357,703	44359,793	44359,995	44359,995	44360,037	0,000	0,029	0,000	0,003	-13,440	13,440	0,016	NaN	1,000	1048,000	669,000	571,022	215,467
30,000	170,000	200,000	18,501	88,235	0,818	1,000	55,604	0,080	17,091	0,074	55,604	150,000	120621,270	121938,108	121939,109	121940,934	121941,134	121941,284	121941,307	43581,270	44378,108	44379,109	44380,934	44381,134	44381,284	44381,307	0,057	0,057	0,058	0,047	-13,440	13,440	NaN	0,323	1,000	1017,000	699,000	571,022	215,467
600,000	830,000	1430,000	5,803	13,253	24,524	15,000	56,337	12,708	16,853	0,313	55,351	110,000	120621,270	121953,969	121954,969	121956,583	121957,186	121957,296	121958,027	43581,270	44393,969	44394,969	44396,583	44397,187	44397,297	44398,027	10,770	6,946	0,171	0,297	-13,440	13,440	17,270	2,798	1,000	589,000	421,000	571,022	215,467
30,000	1400,000	1430,000	5,577	8,571	17,648	20,000	54,156	11,926	17,128	0,037	56,515	120,000	120621,270	122006,701	122007,701	122010,099	122010,299	122010,420	122011,707	43581,270	44406,701	44407,701	44410,099	44410,300	44410,420	44411,707	8,835	8,242	0,029	0,028	-13,440	13,440	11,748	0,211	1,000	694,000	371,000	571,022	215,467
740,000	360,000	1100,000	17,692	30,556	2,634	5,000	54,732	0,404	17,133	0,032	55,430	110,000	120621,270	122019,706	122020,706	122024,645	122025,387	122025,497	122025,757	43581,270	44419,706	44420,706	44424,645	44425,387	44425,497	44425,757	0,058	0,623	0,000	0,057	-13,440	13,440	1,795	0,247	1,000	1010,000	666,000	571,022	215,467
