530,000	900,000	1430,000	1,338	17,778	30,570	12,000	35,341	16,984	21,549	3,631	31,608	160,000	115050,255	115116,306	115117,308	115119,907	115120,446	115120,606	115121,354	42650,255	42676,306	42677,308	42679,907	42680,446	42680,606	42681,354	11,326	12,892	2,234	2,957	13,440	13,440	11,919	20,708	1,000	822,000	208,000	868,978	215,467
460,000	970,000	1430,000	1,108	14,433	32,818	12,000	35,634	18,143	21,033	4,147	31,846	140,000	115050,255	115124,500	115125,499	115129,404	115129,866	115130,006	115130,845	42650,255	42684,500	42685,499	42689,404	42689,866	42690,006	42690,845	12,116	13,639	2,545	3,281	13,440	13,440	20,331	28,135	1,000	844,000	185,000	868,978	215,467
430,000	1000,000	1430,000	0,904	16,000	36,600	14,000	35,285	18,745	21,205	3,975	31,103	160,000	115050,255	115133,463	115134,464	115137,760	115138,195	115138,355	115139,206	42650,255	42693,464	42694,464	42697,760	42698,195	42698,355	42699,206	12,677	14,091	2,516	3,214	13,440	13,440	24,729	25,709	1,000	847,000	192,000	868,978	215,467
590,000	840,000	1430,000	1,012	16,667	39,281	8,000	35,326	17,875	21,489	3,691	30,001	140,000	115050,255	115142,096	115143,096	115144,341	115144,936	115145,076	115145,785	42650,255	42702,096	42703,096	42704,341	42704,936	42705,076	42705,785	12,206	13,445	2,021	3,204	13,440	13,440	25,636	27,761	1,000	834,000	207,000	868,978	215,467
380,000	1050,000	1430,000	0,069	14,286	56,282	8,000	35,803	19,426	20,448	4,732	32,611	150,000	115050,255	115148,264	115149,265	115152,812	115153,195	115153,345	115154,254	42650,255	42708,264	42709,265	42712,812	42713,195	42713,345	42714,254	13,080	14,469	3,143	3,642	13,440	13,440	27,417	28,534	1,000	867,000	214,000	868,978	215,467
520,000	910,000	1430,000	0,903	16,484	43,976	4,000	35,235	18,168	20,633	4,547	32,048	150,000	115050,255	115155,847	115156,848	115158,254	115158,774	115158,924	115159,696	42650,255	42715,847	42716,848	42718,254	42718,774	42718,924	42719,696	12,035	13,756	2,848	3,646	13,440	13,440	26,294	24,750	1,000	839,000	204,000	868,978	215,467
360,000	1040,000	1400,000	0,151	13,462	49,435	12,000	36,531	18,338	21,172	4,008	32,049	140,000	115050,255	115201,755	115202,754	115205,854	115206,225	115206,365	115207,275	42650,255	42721,755	42722,754	42725,854	42726,225	42726,365	42727,275	12,603	13,530	2,331	3,351	13,440	13,440	25,466	27,071	1,000	866,000	211,000	868,978	215,467
330,000	1100,000	1430,000	0,075	15,455	56,008	6,000	34,469	20,686	19,796	5,384	31,001	170,000	115050,255	115209,026	115210,026	115211,969	115212,306	115212,476	115213,414	42650,255	42729,026	42730,026	42731,969	42732,306	42732,476	42733,414	13,335	15,975	3,219	4,442	13,440	13,440	33,797	33,584	1,000	870,000	213,000	868,978	215,467
370,000	1060,000	1430,000	0,139	14,151	52,689	10,000	36,281	19,383	20,458	4,722	33,030	150,000	115050,255	115214,982	115215,982	115218,038	115218,414	115218,564	115219,485	42650,255	42734,982	42735,982	42738,038	42738,414	42738,564	42739,485	13,050	14,461	3,155	3,651	13,440	13,440	25,601	26,003	1,000	867,000	220,000	868,978	215,467
30,000	40,000	70,000	19,126	0,000	0,566	0,000	28,856	0,025	25,178	0,002	28,891	0,000	115050,255	115221,193	115222,195	115224,950	115225,151	115225,151	115225,195	42650,255	42741,193	42742,195	42744,950	42745,151	42745,151	42745,195	0,000	0,029	0,000	0,003	13,440	13,440	0,026	NaN	1,000	378,000	686,000	868,978	215,467
370,000	990,000	1360,000	0,050	14,141	53,841	8,000	37,253	18,281	20,843	4,337	31,772	140,000	115050,255	115227,962	115228,961	115232,795	115233,176	115233,316	115234,175	42650,255	42747,962	42748,961	42752,795	42753,176	42753,316	42754,175	12,913	13,136	2,446	3,559	13,440	13,440	27,048	26,530	1,000	870,000	214,000	868,978	215,467
330,000	1100,000	1430,000	0,090	20,000	55,795	10,000	36,378	19,044	18,747	6,433	32,325	220,000	115050,255	115235,763	115236,762	115239,224	115239,555	115239,775	115240,665	42650,255	42755,763	42756,762	42759,224	42759,555	42759,775	42760,665	13,586	13,839	4,373	5,080	13,440	13,440	36,344	35,852	1,000	871,000	213,000	868,978	215,467
380,000	1050,000	1430,000	0,051	15,238	54,985	8,000	36,076	19,222	18,673	6,507	31,591	160,000	115050,255	115242,131	115243,131	115246,230	115246,615	115246,775	115247,674	42650,255	42762,131	42763,131	42766,230	42766,615	42766,775	42767,674	13,230	14,198	3,832	5,372	13,440	13,440	33,464	33,124	1,000	868,000	217,000	868,978	215,467
360,000	900,000	1260,000	0,266	16,667	56,885	5,000	36,369	18,556	18,629	6,551	32,584	150,000	115050,255	115248,767	115249,767	115253,671	115254,035	115254,185	115254,945	42650,255	42768,767	42769,767	42773,671	42774,035	42774,185	42774,945	12,742	13,501	3,957	5,158	13,440	13,440	37,131	35,417	1,000	869,000	206,000	868,978	215,467
370,000	1020,000	1390,000	0,094	14,706	60,832	11,000	36,933	17,904	18,986	6,194	32,302	150,000	115050,255	115256,672	115257,672	115300,535	115300,915	115301,065	115301,945	42650,255	42776,672	42777,672	42780,535	42780,915	42781,065	42781,945	12,827	12,825	3,809	5,050	13,440	13,440	39,285	37,208	1,000	872,000	214,000	868,978	215,467
410,000	1020,000	1430,000	0,094	13,725	46,975	12,000	36,540	18,192	19,946	5,234	30,981	140,000	115050,255	115302,879	115303,880	115307,424	115307,835	115307,975	115308,865	42650,255	42782,879	42783,880	42787,424	42787,835	42787,975	42788,865	12,651	13,219	2,680	4,445	13,440	13,440	29,609	29,542	1,000	866,000	217,000	868,978	215,467
400,000	750,000	1150,000	0,694	21,333	52,587	6,000	36,366	18,073	19,042	6,138	32,956	160,000	115050,255	115310,347	115311,347	115313,020	115313,425	115313,585	115314,184	42650,255	42790,347	42791,347	42793,020	42793,425	42793,585	42794,184	12,459	13,276	4,088	4,773	13,440	13,440	33,897	32,309	1,000	849,000	201,000	868,978	215,467
410,000	1020,000	1430,000	0,131	13,725	58,030	10,000	36,587	18,889	19,598	5,582	33,691	140,000	115050,255	115316,201	115317,202	115318,392	115318,805	115318,945	115319,835	42650,255	42796,201	42797,202	42798,392	42798,805	42798,945	42799,835	12,544	13,984	3,400	4,366	13,440	13,440	33,498	33,588	1,000	870,000	220,000	868,978	215,467
400,000	1010,000	1410,000	0,309	15,842	59,249	10,000	36,631	18,023	18,962	6,218	32,327	160,000	115050,255	115323,087	115324,087	115325,895	115326,304	115326,464	115327,325	42650,255	42803,087	42804,087	42805,895	42806,304	42806,464	42807,325	12,714	13,078	3,806	5,044	13,440	13,440	34,105	31,571	1,000	858,000	216,000	868,978	215,467
620,000	810,000	1430,000	0,316	18,519	51,244	3,000	38,938	18,040	19,483	5,697	36,444	150,000	115050,255	115333,357	115334,358	115338,069	115338,696	115338,846	115339,514	42650,255	42813,357	42814,358	42818,069	42818,696	42818,846	42819,514	11,747	13,484	3,004	4,823	13,440	13,440	25,008	31,573	1,000	863,000	225,000	868,978	215,467
600,000	830,000	1430,000	0,257	18,072	63,810	8,000	34,853	19,809	18,369	6,811	32,721	150,000	115050,255	115341,993	115342,992	115344,258	115344,865	115345,015	115345,705	42650,255	42821,993	42822,993	42824,258	42824,865	42825,015	42825,705	12,541	15,331	4,131	5,547	13,440	13,440	42,230	41,992	1,000	861,000	211,000	868,978	215,467
720,000	710,000	1430,000	0,071	21,127	67,596	6,000	37,716	17,456	17,336	7,844	34,051	150,000	115050,255	115347,492	115348,493	115349,685	115350,415	115350,565	115351,134	42650,255	42827,492	42828,493	42829,685	42830,415	42830,565	42831,134	11,683	12,659	4,188	6,478	13,440	13,440	45,825	44,057	1,000	871,000	217,000	868,978	215,467
370,000	1050,000	1420,000	0,103	15,238	55,418	10,000	37,069	17,724	18,127	7,053	32,346	160,000	115050,255	115352,665	115353,665	115356,577	115356,956	115357,116	115358,015	42650,255	42832,665	42833,665	42836,577	42836,956	42837,116	42838,015	12,433	12,741	3,944	5,855	13,440	13,440	42,436	39,990	1,000	868,000	219,000	868,978	215,467
470,000	960,000	1430,000	0,231	15,625	56,984	8,000	37,598	17,965	18,468	6,712	32,551	150,000	115050,255	115359,851	115400,850	115402,966	115403,447	115403,597	115404,416	42650,255	42839,851	42840,850	42842,966	42843,447	42843,597	42844,416	12,885	12,657	3,895	5,433	13,440	13,440	39,469	38,676	1,000	864,000	222,000	868,978	215,467
360,000	1010,000	1370,000	0,030	14,851	54,733	12,000	37,213	17,833	18,014	7,166	31,872	150,000	115050,255	115405,641	115406,641	115409,670	115410,034	115410,185	115411,055	42650,255	42845,641	42846,641	42849,670	42850,035	42850,185	42851,055	12,406	12,853	3,752	6,050	13,440	13,440	43,654	44,798	1,000	868,000	215,000	868,978	215,467
380,000	900,000	1280,000	0,254	17,778	63,489	7,000	37,319	17,578	17,048	8,132	33,354	160,000	115050,255	115412,054	115413,053	115415,681	115416,067	115416,227	115416,976	42650,255	42852,054	42853,053	42855,681	42856,067	42856,227	42856,976	12,152	12,684	4,634	6,648	13,440	13,440	45,874	45,416	1,000	866,000	224,000	868,978	215,467
380,000	1050,000	1430,000	0,099	14,286	61,633	8,000	36,317	18,938	17,664	7,516	32,484	150,000	115050,255	115418,127	115419,128	115420,970	115421,358	115421,508	115422,415	42650,255	42858,127	42859,128	42860,970	42861,358	42861,508	42862,415	12,658	13,988	4,196	6,143	13,440	13,440	44,561	43,118	1,000	869,000	219,000	868,978	215,467
550,000	880,000	1430,000	0,157	17,045	71,825	9,000	36,418	20,931	17,388	7,792	32,132	150,000	115050,255	115423,951	115424,951	115428,010	115428,565	115428,715	115429,454	42650,255	42863,951	42864,951	42868,010	42868,565	42868,715	42869,454	13,781	15,652	4,225	6,474	13,440	13,440	37,154	39,417	1,000	864,000	218,000	868,978	215,467
620,000	810,000	1430,000	0,253	18,519	67,429	6,000	34,602	20,105	17,544	7,636	32,169	150,000	115050,255	115430,575	115431,574	115432,698	115433,325	115433,475	115434,146	42650,255	42870,575	42871,574	42872,698	42873,325	42873,475	42874,146	12,798	15,413	4,559	6,148	13,440	13,440	44,261	43,217	1,000	860,000	216,000	868,978	215,467
340,000	900,000	1240,000	0,306	16,667	72,028	6,000	36,438	18,319	17,087	8,094	32,939	150,000	115050,255	115435,144	115436,144	115437,620	115437,965	115438,115	115438,875	42650,255	42875,144	42876,144	42877,620	42877,965	42878,115	42878,875	12,433	13,417	4,732	6,523	13,440	13,440	44,288	44,691	1,000	866,000	205,000	868,978	215,467
30,000	20,000	50,000	19,365	0,000	0,000	0,000	28,863	0,000	25,180	0,000	28,863	0,000	115050,255	115439,990	115440,991	115443,616	115443,817	115443,817	115443,845	42650,255	42879,990	42880,991	42883,616	42883,817	42883,817	42883,845	0,000	0,000	0,000	0,000	13,440	13,440	NaN	NaN	1,000	393,000	713,000	868,978	215,467
410,000	1020,000	1430,000	0,058	14,706	55,216	8,000	36,359	19,828	18,482	6,698	31,941	150,000	115050,255	115446,228	115447,229	115448,994	115449,405	115449,555	115450,435	42650,255	42886,229	42887,229	42888,994	42889,405	42889,555	42890,435	13,587	14,552	3,898	5,464	13,440	13,440	36,068	37,394	1,000	867,000	216,000	868,978	215,467
390,000	620,000	1010,000	0,556	24,194	67,128	8,000	36,520	18,584	17,521	7,659	31,759	150,000	115050,255	115451,239	115452,239	115456,217	115456,615	115456,765	115457,245	42650,255	42891,239	42892,239	42896,217	42896,615	42896,765	42897,245	12,661	13,613	4,135	6,400	13,440	13,440	40,447	42,482	1,000	876,000	197,000	868,978	215,467
380,000	1050,000	1430,000	0,058	15,238	63,684	13,000	36,539	18,149	16,926	8,254	31,384	160,000	115050,255	115459,283	115500,282	115501,430	115501,815	115501,975	115502,874	42650,255	42899,283	42900,282	42901,430	42901,815	42901,975	42902,874	12,747	13,050	4,453	6,879	13,440	13,440	46,677	47,035	1,000	867,000	216,000	868,978	215,467
360,000	860,000	1220,000	0,094	18,605	67,783	6,000	37,868	17,625	16,153	9,027	33,328	160,000	115050,255	115504,175	115505,176	115507,289	115507,656	115507,816	115508,525	42650,255	42904,175	42905,176	42907,289	42907,656	42907,816	42908,525	12,489	12,487	5,246	7,318	13,440	13,440	53,712	52,369	1,000	872,000	214,000	868,978	215,467
360,000	670,000	1030,000	0,228	26,866	70,384	4,000	36,703	18,011	15,970	9,210	31,989	180,000	115050,255	115509,977	115510,977	115513,929	115514,294	115514,474	115514,976	42650,255	42909,977	42910,977	42913,929	42914,294	42914,474	42914,976	12,634	12,937	5,158	7,600	13,440	13,440	38,720	40,488	1,000	861,000	217,000	868,978	215,467
370,000	630,000	1000,000	0,236	23,810	54,699	6,000	37,658	17,918	17,748	7,432	33,655	150,000	115050,255	115516,273	115517,273	115519,105	115519,485	115519,635	115520,125	42650,255	42916,273	42917,273	42919,105	42919,485	42919,635	42920,125	12,856	12,574	4,640	5,830	13,440	13,440	40,111	46,828	1,000	877,000	213,000	868,978	215,467
390,000	1040,000	1430,000	0,075	16,346	74,017	12,000	38,538	16,859	15,580	9,600	34,462	170,000	115050,255	115521,236	115522,237	115524,193	115524,585	115524,755	115525,635	42650,255	42921,237	42922,237	42924,193	42924,585	42924,755	42925,635	11,809	11,897	5,422	7,816	13,440	13,440	47,358	47,676	1,000	868,000	213,000	868,978	215,467
360,000	990,000	1350,000	0,058	16,162	80,035	15,000	37,449	17,835	16,082	9,099	32,467	160,000	115050,255	115526,948	115527,949	115529,951	115530,315	115530,475	115531,315	42650,255	42926,948	42927,949	42929,951	42930,315	42930,475	42931,315	12,716	12,601	5,074	7,487	13,440	13,440	47,032	46,442	1,000	867,000	216,000	868,978	215,467
430,000	1000,000	1430,000	0,057	17,000	79,385	7,000	36,113	18,419	15,350	9,830	31,943	170,000	115050,255	115532,330	115533,330	115534,876	115535,314	115535,484	115536,325	42650,255	42932,330	42933,330	42934,876	42935,314	42935,484	42936,325	12,556	13,529	5,455	8,151	13,440	13,440	48,634	47,944	1,000	867,000	215,000	868,978	215,467
