30,000	1400,000	1430,000	1,340	14,286	15,996	14,000	54,959	8,390	15,217	1,948	62,498	200,000	130414,985	130711,112	130712,113	130715,679	130715,879	130716,079	130717,284	47054,985	47231,112	47232,113	47235,679	47235,879	47236,079	47237,285	4,978	8,325	0,983	2,643	-13,440	13,440	11,216	12,845	1,000	588,000	260,000	571,022	215,467
30,000	140,000	170,000	16,381	78,571	0,902	1,000	54,939	0,079	17,097	0,069	54,939	110,000	130414,985	130720,683	130721,682	130723,744	130723,945	130724,055	130724,096	47054,985	47240,683	47241,683	47243,744	47243,945	47244,055	47244,096	0,028	0,057	0,030	0,038	-13,440	13,440	NaN	0,247	1,000	945,000	662,000	571,022	215,467
410,000	1020,000	1430,000	1,904	19,608	31,172	10,000	51,429	17,568	12,976	4,189	54,180	200,000	130414,985	130728,068	130729,068	130730,477	130730,895	130731,095	130731,925	47054,985	47248,068	47249,068	47250,477	47250,895	47251,095	47251,925	12,800	12,205	3,399	2,662	-13,440	13,440	6,333	22,588	1,000	537,000	274,000	571,022	215,467
30,000	1250,000	1280,000	1,334	28,800	31,030	8,000	50,399	17,395	13,576	3,590	53,752	360,000	130414,985	130736,644	130737,645	130741,379	130741,580	130741,940	130742,835	47054,985	47256,644	47257,645	47261,379	47261,580	47261,940	47262,835	11,872	13,079	2,633	2,618	-13,440	13,440	9,567	14,374	1,000	592,000	258,000	571,022	215,467
360,000	1070,000	1430,000	2,483	31,776	32,660	7,000	52,017	18,626	9,262	7,903	54,234	340,000	130414,985	130747,981	130748,981	130751,825	130752,195	130752,535	130753,274	47054,985	47267,981	47268,982	47271,825	47272,195	47272,535	47273,274	13,925	12,433	6,443	4,863	-13,440	13,440	25,541	26,658	1,000	513,000	282,000	571,022	215,467
30,000	1400,000	1430,000	3,485	12,143	34,938	9,000	50,466	20,394	17,077	0,089	54,333	170,000	130414,985	130757,411	130758,411	130801,019	130801,219	130801,389	130802,624	47054,985	47277,411	47278,411	47281,019	47281,219	47281,389	47282,624	14,368	14,886	0,059	0,077	-13,440	13,440	25,187	0,516	1,000	472,000	141,000	571,022	215,467
230,000	80,000	310,000	19,035	0,000	0,385	0,000	54,297	0,017	17,165	0,000	54,334	0,000	130414,985	130806,232	130807,234	130808,540	130808,775	130808,775	130808,866	47054,985	47286,232	47287,234	47288,540	47288,775	47288,775	47288,866	0,000	0,029	0,000	0,000	-13,440	13,440	0,037	NaN	1,000	1013,000	728,000	571,022	215,467
430,000	1000,000	1430,000	2,881	18,000	30,837	6,000	55,041	15,685	14,144	3,021	56,168	180,000	130414,985	130813,730	130814,729	130817,323	130817,754	130817,934	130818,765	47054,985	47293,730	47294,729	47297,323	47297,754	47297,934	47298,765	12,512	9,421	2,498	1,889	-13,440	13,440	15,769	20,472	1,000	543,000	314,000	571,022	215,467
30,000	40,000	70,000	18,940	0,000	0,378	0,000	54,227	0,017	17,164	0,002	54,264	0,000	130414,985	130824,655	130825,655	130828,196	130828,397	130828,397	130828,446	47054,985	47304,655	47305,655	47308,196	47308,397	47308,397	47308,446	0,000	0,029	0,000	0,003	-13,440	13,440	0,017	NaN	1,000	1009,000	727,000	571,022	215,467
470,000	960,000	1430,000	2,090	33,333	34,616	6,000	49,835	17,254	9,003	8,162	53,920	320,000	130414,985	130832,112	130833,112	130834,589	130835,065	130835,385	130836,035	47054,985	47312,112	47313,112	47314,589	47315,065	47315,385	47316,035	11,573	12,989	6,565	4,819	-13,440	13,440	11,546	27,625	1,000	602,000	283,000	571,022	215,467
460,000	970,000	1430,000	3,827	19,588	34,370	9,000	54,106	16,866	14,013	3,152	55,850	190,000	130414,985	130842,025	130843,025	130846,195	130846,664	130846,854	130847,645	47054,985	47322,025	47323,025	47326,195	47326,664	47326,854	47327,645	13,371	10,276	2,869	1,643	-13,440	13,440	18,962	20,929	1,000	559,000	351,000	571,022	215,467
400,000	1030,000	1430,000	2,288	17,476	32,505	5,000	52,940	16,973	14,197	2,969	56,581	180,000	130414,985	130851,651	130852,650	130854,685	130855,096	130855,276	130856,135	47054,985	47331,651	47332,650	47334,685	47335,096	47335,276	47336,135	12,832	11,161	2,965	1,242	-13,440	13,440	16,842	21,066	1,000	554,000	295,000	571,022	215,467
60,000	1370,000	1430,000	3,404	10,219	35,153	15,000	50,402	17,371	16,820	0,345	52,904	140,000	130414,985	130900,759	130901,759	130904,848	130905,048	130905,188	130906,425	47054,985	47340,759	47341,759	47344,848	47345,048	47345,188	47346,425	12,478	12,200	0,336	0,146	-13,440	13,440	0,148	2,295	1,000	582,000	336,000	571,022	215,467
140,000	1290,000	1430,000	2,409	14,729	42,713	10,000	46,403	21,055	17,058	0,107	53,811	190,000	130414,985	130913,249	130914,249	130915,750	130915,951	130916,141	130917,245	47054,985	47353,249	47354,249	47355,751	47355,951	47356,141	47357,245	12,267	18,084	0,105	0,050	-13,440	13,440	0,259	0,614	1,000	603,000	136,000	571,022	215,467
60,000	90,000	150,000	19,278	0,000	0,383	0,000	54,579	0,017	17,165	0,000	54,616	0,000	130414,985	130928,621	130929,620	130933,320	130933,520	130933,520	130933,615	47054,985	47368,621	47369,620	47373,320	47373,520	47373,520	47373,615	0,000	0,029	0,000	0,000	-13,440	13,440	0,037	NaN	1,000	1025,000	729,000	571,022	215,467
360,000	1070,000	1430,000	3,952	10,280	24,775	13,000	53,315	14,953	17,067	0,099	55,773	110,000	130414,985	130940,800	130941,800	130942,901	130943,264	130943,374	130944,345	47054,985	47380,800	47381,800	47382,901	47383,264	47383,374	47384,345	11,191	10,201	0,134	0,073	-13,440	13,440	15,862	0,281	1,000	630,000	343,000	571,022	215,467
640,000	790,000	1430,000	4,001	29,114	24,884	8,000	53,861	10,095	15,635	1,531	56,247	230,000	130414,985	130958,289	130959,288	131000,540	131001,185	131001,415	131001,986	47054,985	47398,289	47399,288	47400,540	47401,185	47401,415	47401,986	7,598	6,937	1,411	0,662	-13,440	13,440	17,392	3,457	1,000	593,000	356,000	571,022	215,467
30,000	1400,000	1430,000	0,278	18,571	34,699	17,000	52,466	19,757	15,044	2,121	54,262	260,000	130414,985	131005,027	131006,027	131008,625	131008,826	131009,086	131010,235	47054,985	47405,027	47406,027	47408,625	47408,826	47409,086	47410,235	15,097	12,884	1,729	1,328	-13,440	13,440	5,214	12,832	1,000	566,000	224,000	571,022	215,467
450,000	980,000	1430,000	3,671	18,367	40,217	12,000	51,907	17,063	13,276	3,889	53,452	180,000	130414,985	131011,592	131012,592	131014,672	131015,125	131015,305	131016,115	47054,985	47411,592	47412,592	47414,672	47415,125	47415,305	47416,115	12,818	11,268	3,108	2,679	-13,440	13,440	23,123	24,343	1,000	570,000	346,000	571,022	215,467
490,000	940,000	1430,000	4,185	15,957	47,907	8,000	51,326	15,605	11,445	5,720	53,263	150,000	130414,985	131019,588	131020,587	131024,076	131024,575	131024,725	131025,526	47054,985	47419,588	47420,587	47424,076	47424,575	47424,725	47425,526	11,261	10,774	4,424	3,864	-13,440	13,440	36,727	35,749	1,000	602,000	361,000	571,022	215,467
480,000	950,000	1430,000	2,916	20,000	34,920	7,000	50,061	14,302	12,458	4,707	53,798	190,000	130414,985	131031,870	131032,870	131034,779	131035,266	131035,456	131036,224	47054,985	47431,870	47432,870	47434,779	47435,266	47435,456	47436,224	9,310	11,337	3,544	3,456	-13,440	13,440	21,637	22,273	1,000	647,000	286,000	571,022	215,467
30,000	20,000	50,000	24,847	0,000	0,000	0,000	75,207	0,000	17,165	0,000	75,207	0,000	130414,985	131100,180	131101,180	131104,394	131104,595	131104,595	131104,625	47054,985	47460,181	47461,180	47464,394	47464,595	47464,595	47464,625	0,000	0,000	0,000	0,000	-13,440	13,440	NaN	NaN	1,000	1439,000	380,000	571,022	215,467
510,000	920,000	1430,000	2,906	16,304	36,106	12,000	49,235	13,065	13,654	3,512	52,167	150,000	130414,985	131108,930	131109,930	131112,735	131113,255	131113,405	131114,185	47054,985	47468,930	47469,930	47472,735	47473,255	47473,405	47474,185	8,073	10,556	2,040	3,043	-13,440	13,440	17,550	16,701	1,000	629,000	301,000	571,022	215,467
540,000	890,000	1430,000	2,578	19,101	33,462	7,000	52,243	14,103	13,729	3,436	54,584	170,000	130414,985	131118,930	131119,929	131121,286	131121,834	131122,004	131122,735	47054,985	47478,930	47479,930	47481,286	47481,834	47482,004	47482,735	10,001	10,396	2,512	2,606	-13,440	13,440	7,163	16,533	1,000	604,000	301,000	571,022	215,467
490,000	940,000	1430,000	4,729	19,149	32,268	8,000	53,784	12,141	13,244	3,921	55,068	180,000	130414,985	131126,349	131127,349	131129,100	131129,596	131129,776	131130,545	47054,985	47486,349	47487,349	47489,100	47489,596	47489,776	47490,545	9,273	7,964	3,246	2,559	-13,440	13,440	17,555	20,011	1,000	627,000	374,000	571,022	215,467
30,000	20,000	50,000	18,121	0,000	0,000	0,000	54,188	0,000	17,165	0,000	54,188	0,000	130414,985	131138,710	131139,710	131140,820	131141,021	131141,021	131141,045	47054,985	47498,710	47499,710	47500,820	47501,021	47501,021	47501,045	0,000	0,000	0,000	0,000	-13,440	13,440	NaN	NaN	1,000	984,000	710,000	571,022	215,467
480,000	950,000	1430,000	3,331	26,316	59,553	9,000	54,703	15,547	12,004	5,162	55,487	250,000	130414,985	131242,934	131243,934	131247,275	131247,766	131248,016	131248,725	47054,985	47562,934	47563,934	47567,275	47567,766	47568,016	47568,725	12,674	9,066	4,440	2,955	-13,440	13,440	9,623	17,387	1,000	597,000	331,000	571,022	215,467
550,000	880,000	1430,000	3,460	21,591	21,784	8,000	54,956	13,239	14,456	2,709	58,304	190,000	130414,985	131320,283	131321,282	131323,963	131324,515	131324,705	131325,404	47054,985	47600,283	47601,282	47603,963	47604,515	47604,705	47605,404	10,387	8,186	2,874	0,685	-13,440	13,440	0,151	12,059	1,000	552,000	337,000	571,022	215,467
520,000	910,000	1430,000	4,543	20,879	28,355	9,000	54,878	15,830	13,666	3,499	56,068	190,000	130414,985	131330,044	131331,045	131334,554	131335,076	131335,266	131335,994	47054,985	47610,045	47611,045	47614,554	47615,077	47615,267	47615,994	12,950	9,048	3,292	1,661	-13,440	13,440	16,057	17,416	1,000	540,000	374,000	571,022	215,467
540,000	890,000	1430,000	5,780	16,854	34,906	10,000	54,934	10,397	13,512	3,654	57,622	150,000	130414,985	131340,881	131341,880	131344,795	131345,345	131345,495	131346,246	47054,985	47620,881	47621,880	47624,795	47625,345	47625,495	47626,246	8,355	6,047	3,741	1,348	-13,440	13,440	26,804	25,132	1,000	616,000	416,000	571,022	215,467
500,000	930,000	1430,000	3,814	12,903	24,012	13,000	53,536	12,983	14,860	2,305	57,441	120,000	130414,985	131358,281	131359,281	131400,286	131400,795	131400,915	131401,734	47054,985	47638,281	47639,281	47640,286	47640,795	47640,915	47641,734	9,340	9,020	2,126	1,016	-13,440	13,440	20,051	20,008	1,000	642,000	331,000	571,022	215,467
2130,000	560,000	2690,000	9,820	33,929	24,727	5,000	62,389	5,449	15,767	1,398	62,665	190,000	130414,985	131410,010	131411,010	131413,816	131415,955	131416,145	131416,525	47054,985	47650,010	47651,010	47653,816	47655,955	47656,145	47656,525	5,137	2,031	1,501	0,559	-13,440	13,440	2,639	8,578	1,000	226,000	162,000	571,022	215,467
1210,000	220,000	1430,000	15,820	90,909	11,448	1,000	46,337	1,979	15,440	1,725	45,829	200,000	130414,985	131422,887	131423,886	131426,319	131427,536	131427,736	131427,766	47054,985	47662,887	47663,886	47666,319	47667,536	47667,736	47667,766	2,324	0,402	2,063	0,285	-13,440	13,440	NaN	8,046	1,000	618,000	776,000	571,022	215,467
30,000	20,000	50,000	17,714	0,000	0,000	0,000	56,362	0,000	17,165	0,000	56,362	0,000	130414,985	131444,779	131445,779	131448,338	131448,539	131448,539	131448,565	47054,985	47684,779	47685,779	47688,338	47688,539	47688,539	47688,565	0,000	0,000	0,000	0,000	-13,440	13,440	NaN	NaN	1,000	1007,000	670,000	571,022	215,467
350,000	730,000	1080,000	4,078	80,822	102,988	2,000	46,179	26,624	8,652	25,818	46,615	590,000	130414,985	131454,628	131455,629	131458,555	131458,915	131459,505	131459,654	47054,985	47694,628	47695,629	47698,555	47698,915	47699,505	47699,654	16,061	22,195	15,866	21,291	-13,440	13,440	5,222	8,058	1,000	528,000	77,000	571,022	215,467
3010,000	20,000	3030,000	25,705	0,000	0,000	0,000	54,904	0,000	17,165	0,000	54,904	0,000	130414,985	131505,086	131506,089	131509,625	131512,645	131512,645	131512,675	47054,985	47705,086	47706,089	47709,625	47712,645	47712,645	47712,675	0,000	0,000	0,000	0,000	-13,440	13,440	NaN	NaN	1,000	1221,000	858,000	571,022	215,467
30,000	1400,000	1430,000	4,573	17,143	33,043	11,000	38,759	17,895	17,057	0,108	40,617	240,000	130414,985	131534,366	131535,365	131538,681	131538,882	131539,122	131540,284	47054,985	47734,366	47735,365	47738,681	47738,882	47739,122	47740,284	10,468	14,626	0,172	0,000	-13,440	13,440	7,277	0,174	1,000	527,000	372,000	571,022	215,467
330,000	990,000	1320,000	3,973	25,253	34,768	10,000	42,280	15,308	12,144	5,021	47,094	250,000	130414,985	131543,176	131544,175	131547,562	131547,894	131548,144	131548,894	47054,985	47743,176	47744,175	47747,562	47747,894	47748,144	47748,895	8,272	13,327	3,717	3,639	-13,440	13,440	12,469	26,833	1,000	593,000	355,000	571,022	215,467
440,000	210,000	650,000	15,905	95,238	23,221	0,000	54,892	2,463	14,722	2,443	54,892	200,000	130414,985	131558,835	131559,834	131603,566	131604,017	131604,217	131604,235	47054,985	47758,835	47759,834	47763,566	47764,017	47764,217	47764,235	2,202	1,042	2,197	1,034	-13,440	13,440	NaN	6,939	1,000	902,000	674,000	571,022	215,467
420,000	1010,000	1430,000	2,783	54,455	52,558	4,000	47,967	20,781	0,106	17,271	47,326	550,000	130414,985	131640,188	131641,190	131643,920	131644,345	131644,895	131645,366	47054,985	47800,189	47801,190	47803,920	47804,345	47804,895	47805,366	13,617	16,043	10,663	14,186	-13,440	13,440	21,776	25,763	1,000	611,000	306,000	571,022	215,467
