400,000	1030,000	1430,000	0,974	25,243	42,645	6,000	52,110	17,263	11,011	6,154	56,155	260,000	120543,743	120622,505	120623,505	120627,017	120627,426	120627,686	120628,465	43543,743	43582,505	43583,505	43587,017	43587,426	43587,686	43588,465	12,443	12,211	5,324	3,535	-13,440	13,440	20,380	30,821	1,000	550,000	243,000	571,022	215,467
150,000	1280,000	1430,000	0,997	13,281	43,680	4,000	51,387	18,886	17,093	0,072	55,432	170,000	120543,743	120633,537	120634,539	120636,257	120636,457	120636,627	120637,745	43543,743	43593,537	43594,539	43596,257	43596,457	43596,627	43597,745	13,344	13,699	0,079	0,028	-13,440	13,440	6,606	0,413	1,000	536,000	210,000	571,022	215,467
310,000	1120,000	1430,000	3,909	33,929	33,656	12,000	50,728	21,383	13,851	3,314	56,971	380,000	120543,743	120641,605	120642,604	120644,533	120644,844	120645,224	120645,975	43543,743	43601,605	43602,604	43604,533	43604,844	43605,224	43605,975	14,811	15,965	3,247	1,363	-13,440	13,440	1,867	14,911	1,000	475,000	115,000	571,022	215,467
30,000	1400,000	1430,000	3,570	12,143	41,156	11,000	49,509	25,218	16,426	0,739	53,685	170,000	120543,743	120653,399	120654,398	120657,356	120657,557	120657,727	120658,964	43543,743	43613,399	43614,398	43617,356	43617,557	43617,727	43618,964	17,095	19,128	0,182	1,026	-13,440	13,440	1,172	0,416	1,000	483,000	124,000	571,022	215,467
30,000	1050,000	1080,000	5,101	8,571	59,319	6,000	51,674	23,808	17,111	0,055	56,718	90,000	120543,743	120704,813	120705,814	120709,166	120709,367	120709,457	120710,424	43543,743	43624,813	43625,814	43629,166	43629,367	43629,457	43630,424	16,905	17,217	0,064	0,060	-13,440	13,440	8,352	0,234	1,000	444,000	86,000	571,022	215,467
400,000	1030,000	1430,000	1,356	22,330	40,080	8,000	52,328	19,430	13,003	4,162	56,097	230,000	120543,743	120717,824	120718,825	120720,148	120720,555	120720,785	120721,595	43543,743	43637,824	43638,825	43640,148	43640,555	43640,785	43641,595	14,065	13,611	3,504	2,487	-13,440	13,440	10,384	26,455	1,000	523,000	211,000	571,022	215,467
400,000	1020,000	1420,000	0,745	16,667	35,197	10,000	50,382	19,029	13,681	3,484	54,347	170,000	120543,743	120727,092	120728,093	120731,252	120731,654	120731,824	120732,685	43543,743	43647,092	43648,093	43651,252	43651,654	43651,824	43652,685	12,770	14,515	2,558	2,537	-13,440	13,440	22,633	24,051	1,000	557,000	193,000	571,022	215,467
310,000	980,000	1290,000	1,130	53,061	38,742	2,000	52,104	19,318	6,459	10,706	52,968	520,000	120543,743	120738,872	120739,871	120741,917	120742,234	120742,754	120743,225	43543,743	43658,872	43659,872	43661,917	43662,234	43662,754	43663,225	13,905	13,619	7,539	7,774	-13,440	13,440	17,787	0,199	1,000	531,000	219,000	571,022	215,467
30,000	1400,000	1430,000	0,969	10,000	7,807	10,000	54,475	4,712	16,661	0,504	65,563	140,000	120543,743	120750,050	120751,052	120754,349	120754,550	120754,690	120755,956	43543,743	43670,050	43671,052	43674,349	43674,550	43674,690	43675,956	1,876	6,438	0,165	0,939	-13,440	13,440	1,088	3,827	1,000	579,000	249,000	571,022	215,467
530,000	900,000	1430,000	0,822	16,667	36,627	7,000	50,141	16,875	13,936	3,229	55,243	150,000	120543,743	120800,877	120801,879	120805,844	120806,375	120806,525	120807,284	43543,743	43680,877	43681,879	43685,844	43686,375	43686,525	43687,284	10,939	13,453	2,516	2,126	-13,440	13,440	10,926	22,854	1,000	587,000	191,000	571,022	215,467
380,000	1050,000	1430,000	2,374	15,238	54,048	7,000	54,055	18,731	14,267	2,899	57,250	160,000	120543,743	120813,242	120814,241	120815,939	120816,325	120816,485	120817,385	43543,743	43693,242	43694,241	43695,939	43696,325	43696,485	43697,385	14,429	11,928	2,786	1,337	-13,440	13,440	14,611	22,826	1,000	497,000	256,000	571,022	215,467
660,000	770,000	1430,000	2,661	33,766	48,269	3,000	49,173	16,260	13,765	3,400	53,304	260,000	120543,743	120828,625	120829,625	120832,910	120833,575	120833,835	120834,355	43543,743	43708,625	43709,625	43712,910	43713,575	43713,835	43714,355	11,005	12,255	2,909	2,077	-13,440	13,440	10,020	17,925	1,000	595,000	307,000	571,022	215,467
420,000	1010,000	1430,000	0,510	16,832	34,394	6,000	53,005	18,913	14,532	2,633	58,132	170,000	120543,743	120839,732	120840,732	120843,197	120843,626	120843,796	120844,645	43543,743	43719,732	43720,732	43723,197	43723,626	43723,796	43724,645	13,689	13,331	2,601	1,091	-13,440	13,440	18,710	19,185	1,000	555,000	207,000	571,022	215,467
450,000	980,000	1430,000	4,069	15,306	49,709	8,000	52,336	22,973	14,028	3,137	56,698	150,000	120543,743	120847,471	120848,471	120851,937	120852,396	120852,546	120853,385	43543,743	43727,471	43728,471	43731,937	43732,396	43732,546	43733,385	17,045	15,519	3,062	1,326	-13,440	13,440	2,774	21,614	1,000	437,000	161,000	571,022	215,467
510,000	920,000	1430,000	2,563	33,696	32,660	10,000	49,813	19,249	13,062	4,104	55,095	310,000	120543,743	120859,038	120900,038	120902,925	120903,445	120903,755	120904,375	43543,743	43739,038	43740,038	43742,925	43743,445	43743,755	43744,375	12,514	15,402	3,150	2,782	-13,440	13,440	10,622	16,942	1,000	560,000	125,000	571,022	215,467
30,000	220,000	250,000	17,253	54,545	0,355	2,000	57,411	0,046	17,136	0,029	57,452	120,000	120543,743	120933,748	120934,748	120936,128	120936,329	120936,449	120936,556	43543,743	43773,748	43774,748	43776,128	43776,329	43776,449	43776,556	0,000	0,085	0,000	0,054	-13,440	13,440	0,088	0,091	1,000	1009,000	645,000	571,022	215,467
430,000	1000,000	1430,000	6,005	25,000	48,966	8,000	52,057	26,340	11,519	5,647	53,592	250,000	120543,743	120950,896	120951,896	120953,776	120954,215	120954,465	120955,224	43543,743	43790,896	43791,896	43793,776	43794,215	43794,465	43795,224	19,027	18,595	3,316	5,323	-13,440	13,440	6,815	30,885	1,000	406,000	80,000	571,022	215,467
30,000	20,000	50,000	19,541	0,000	0,000	0,000	56,783	0,000	17,165	0,000	56,783	0,000	120543,743	120959,532	121000,532	121002,661	121002,862	121002,862	121002,886	43543,743	43799,532	43800,532	43802,661	43802,862	43802,862	43802,886	0,000	0,000	0,000	0,000	-13,440	13,440	NaN	NaN	1,000	1069,000	700,000	571,022	215,467
410,000	1020,000	1430,000	3,766	23,529	67,835	5,000	54,746	23,779	15,858	1,308	55,807	240,000	120543,743	121009,169	121010,168	121014,038	121014,456	121014,696	121015,485	43543,743	43809,169	43810,169	43814,038	43814,456	43814,696	43815,485	18,478	15,084	0,486	1,618	-13,440	13,440	0,467	0,818	1,000	447,000	165,000	571,022	215,467
440,000	990,000	1430,000	4,415	13,131	50,979	12,000	52,223	24,966	15,245	1,920	55,907	130,000	120543,743	121020,580	121021,580	121023,217	121023,666	121023,796	121024,665	43543,743	43820,580	43821,580	43823,217	43823,666	43823,796	43824,665	18,038	17,527	1,252	1,580	-13,440	13,440	8,606	14,642	1,000	440,000	129,000	571,022	215,467
410,000	940,000	1350,000	2,019	26,596	42,442	5,000	53,497	19,716	13,573	3,592	55,462	250,000	120543,743	121028,518	121029,518	121031,445	121031,865	121032,115	121032,814	43543,743	43828,518	43829,518	43831,445	43831,865	43832,115	43832,814	14,906	13,022	2,676	2,605	-13,440	13,440	12,284	12,910	1,000	500,000	226,000	571,022	215,467
390,000	1040,000	1430,000	6,649	22,115	75,070	8,000	52,315	27,891	14,206	2,959	56,985	230,000	120543,743	121037,131	121038,132	121041,117	121041,515	121041,745	121042,566	43543,743	43837,131	43838,132	43841,117	43841,515	43841,745	43842,566	20,234	19,636	2,362	1,901	-13,440	13,440	8,195	10,127	1,000	367,000	96,000	571,022	215,467
380,000	960,000	1340,000	2,138	35,417	66,335	6,000	54,092	21,398	14,350	2,816	57,075	340,000	120543,743	121047,462	121048,462	121050,288	121050,674	121051,014	121051,645	43543,743	43847,462	43848,462	43850,288	43850,674	43851,014	43851,645	16,258	14,034	2,342	1,560	-13,440	13,440	4,413	4,867	1,000	495,000	215,000	571,022	215,467
30,000	70,000	100,000	18,877	0,000	0,534	0,000	53,925	0,023	17,165	0,000	53,898	0,000	120543,743	121056,081	121057,083	121100,458	121100,659	121100,659	121100,736	43543,743	43856,081	43857,083	43860,459	43860,659	43860,659	43860,736	0,030	0,000	0,000	0,000	-13,440	13,440	0,052	NaN	1,000	1002,000	730,000	571,022	215,467
30,000	1230,000	1260,000	0,650	21,951	41,290	8,000	55,819	17,551	16,137	1,028	59,493	270,000	120543,743	121108,687	121109,688	121112,894	121113,095	121113,365	121114,335	43543,743	43868,688	43869,688	43872,894	43873,095	43873,365	43874,335	13,250	11,788	0,713	0,733	-13,440	13,440	5,560	0,171	1,000	594,000	213,000	571,022	215,467
500,000	930,000	1430,000	4,746	20,430	60,329	7,000	47,887	25,073	13,170	3,995	53,711	190,000	120543,743	121120,750	121121,751	121124,973	121125,475	121125,665	121126,415	43543,743	43880,751	43881,752	43884,973	43885,475	43885,665	43886,415	16,046	19,933	3,016	2,840	-13,440	13,440	23,754	26,634	1,000	476,000	76,000	571,022	215,467
150,000	20,000	170,000	18,815	0,000	0,000	0,000	54,864	0,000	17,165	0,000	54,864	0,000	120543,743	121132,881	121133,881	121135,681	121135,881	121135,881	121135,905	43543,743	43892,881	43893,881	43895,681	43895,881	43895,881	43895,905	0,000	0,000	0,000	0,000	-13,440	13,440	NaN	NaN	1,000	1016,000	715,000	571,022	215,467
30,000	130,000	160,000	15,669	92,308	1,531	0,000	56,911	0,142	17,027	0,138	56,911	120,000	120543,743	121142,450	121143,450	121147,057	121147,258	121147,378	121147,394	43543,743	43902,450	43903,450	43907,057	43907,258	43907,378	43907,394	0,114	0,085	0,114	0,083	-13,440	13,440	NaN	1,430	1,000	953,000	621,000	571,022	215,467
510,000	920,000	1430,000	1,929	18,478	33,904	5,000	55,631	14,931	13,584	3,581	58,546	170,000	120543,743	121151,779	121152,779	121155,146	121155,666	121155,836	121156,596	43543,743	43911,779	43912,779	43915,146	43915,666	43915,836	43916,596	11,658	9,425	3,271	1,721	-13,440	13,440	3,852	23,549	1,000	574,000	284,000	571,022	215,467
530,000	900,000	1430,000	4,436	20,000	38,522	8,000	54,134	13,973	13,006	4,159	56,826	180,000	120543,743	121200,740	121201,740	121202,893	121203,425	121203,605	121204,336	43543,743	43920,740	43921,740	43922,893	43923,425	43923,605	43924,336	10,519	9,264	3,586	2,465	-13,440	13,440	27,683	28,630	1,000	661,000	345,000	571,022	215,467
410,000	810,000	1220,000	2,496	49,383	44,176	6,000	52,271	20,470	8,196	8,969	56,242	400,000	120543,743	121208,214	121209,213	121211,755	121212,175	121212,575	121212,994	43543,743	43928,214	43929,214	43931,755	43932,175	43932,575	43932,994	14,599	14,716	7,288	5,593	-13,440	13,440	21,736	29,315	1,000	509,000	152,000	571,022	215,467
410,000	990,000	1400,000	1,609	47,475	50,718	4,000	52,382	19,063	5,791	11,374	54,942	470,000	120543,743	121216,723	121217,723	121220,576	121220,994	121221,464	121221,995	43543,743	43936,723	43937,723	43940,576	43940,994	43941,464	43941,995	13,837	13,219	8,970	6,873	-13,440	13,440	2,345	0,311	1,000	514,000	211,000	571,022	215,467
30,000	1400,000	1430,000	0,335	15,000	48,915	13,000	50,421	22,838	16,048	1,117	54,117	210,000	120543,743	121226,764	121227,763	121231,160	121231,361	121231,571	121232,765	43543,743	43946,764	43947,763	43951,160	43951,361	43951,571	43952,765	15,903	16,762	0,756	0,761	-13,440	13,440	15,133	1,292	1,000	561,000	209,000	571,022	215,467
30,000	1400,000	1430,000	5,461	17,143	90,615	9,000	47,423	31,623	16,555	0,610	52,239	240,000	120543,743	121240,258	121241,257	121243,718	121243,920	121244,159	121245,325	43543,743	43960,258	43961,257	43963,718	43963,920	43964,160	43965,325	20,925	24,210	0,179	0,706	-13,440	13,440	5,247	0,046	1,000	408,000	110,000	571,022	215,467
460,000	970,000	1430,000	3,736	26,804	41,398	8,000	50,913	22,469	11,246	5,919	54,647	260,000	120543,743	121249,330	121250,332	121253,443	121253,904	121254,164	121254,884	43543,743	43969,330	43970,332	43973,443	43973,904	43974,164	43974,884	15,940	16,094	4,618	4,070	-13,440	13,440	35,732	35,824	1,000	456,000	149,000	571,022	215,467
30,000	1400,000	1430,000	1,869	7,857	34,004	13,000	50,354	18,944	17,085	0,080	54,692	110,000	120543,743	121259,400	121300,401	121302,316	121302,517	121302,627	121303,925	43543,743	43979,400	43980,401	43982,316	43982,517	43982,627	43983,925	13,258	13,805	0,040	0,054	-13,440	13,440	3,381	0,633	1,000	505,000	208,000	571,022	215,467
420,000	460,000	880,000	6,742	97,826	59,153	0,000	55,813	13,920	3,246	13,919	55,813	450,000	120543,743	121307,913	121308,913	121312,052	121312,475	121312,925	121312,944	43543,743	43987,913	43988,913	43992,052	43992,475	43992,925	43992,944	11,476	7,877	11,477	7,876	-13,440	13,440	NaN	5,286	1,000	665,000	436,000	571,022	215,467
280,000	1010,000	1290,000	8,155	29,703	91,535	8,000	50,905	28,231	14,033	3,132	57,846	300,000	120543,743	121319,518	121320,518	121323,551	121323,835	121324,135	121324,855	43543,743	43999,518	44000,518	44003,551	44003,835	44004,135	44004,855	19,861	20,533	3,167	1,133	-13,440	13,440	43,502	19,625	1,000	377,000	0,000	571,022	215,467
30,000	190,000	220,000	11,995	57,895	104,193	1,000	44,238	8,664	14,550	2,615	46,337	110,000	120543,743	121331,694	121332,695	121335,713	121335,914	121336,024	121336,115	43543,743	44011,694	44012,695	44015,713	44015,914	44016,024	44016,115	5,851	6,216	2,458	1,712	-13,440	13,440	72,638	16,428	1,000	658,000	633,000	571,022	215,467
550,000	880,000	1430,000	6,582	43,182	279,529	6,000	48,609	26,488	6,260	10,905	50,418	380,000	120543,743	121343,819	121344,820	121347,829	121348,386	121348,766	121349,275	43543,743	44023,819	44024,820	44027,829	44028,386	44028,766	44029,275	17,546	20,465	10,059	8,221	-13,440	13,440	15,969	7,708	1,000	422,000	35,000	571,022	215,467
