900,000	130,000	1030,000	18,944	92,308	0,565	0,000	29,385	0,039	25,143	0,037	29,385	120,000	125701,656	125742,808	125743,816	125747,238	125748,145	125748,265	125748,285	46621,656	46662,809	46663,816	46667,238	46668,145	46668,265	46668,286	0,030	0,028	0,029	0,028	13,440	13,440	NaN	0,023	1,000	388,000	687,000	868,978	215,467
490,000	940,000	1430,000	0,842	26,596	26,598	14,000	38,265	17,146	21,369	3,811	32,102	250,000	125701,656	125751,841	125752,842	125754,387	125754,884	125755,134	125755,836	46621,656	46671,841	46672,842	46674,387	46674,884	46675,134	46675,836	13,198	11,738	2,703	2,901	13,440	13,440	3,879	15,862	1,000	878,000	244,000	868,978	215,467
410,000	1020,000	1430,000	0,313	16,667	32,540	10,000	36,405	18,411	22,026	3,154	31,127	170,000	125701,656	125757,941	125758,942	125801,682	125802,094	125802,264	125803,125	46621,656	46677,941	46678,942	46681,682	46682,094	46682,264	46683,125	13,227	13,314	2,127	2,483	13,440	13,440	14,184	19,874	1,000	878,000	222,000	868,978	215,467
400,000	1020,000	1420,000	0,075	15,686	35,562	11,000	36,517	18,644	22,142	3,038	30,529	160,000	125701,656	125804,525	125805,526	125808,418	125808,826	125808,986	125809,854	46621,656	46684,525	46685,526	46688,418	46688,826	46688,986	46689,854	13,363	13,474	1,836	2,514	13,440	13,440	19,421	20,052	1,000	870,000	213,000	868,978	215,467
350,000	1020,000	1370,000	0,461	15,686	34,803	14,000	36,561	18,994	22,319	2,861	30,853	160,000	125701,656	125810,946	125811,947	125815,374	125815,736	125815,896	125816,764	46621,656	46690,946	46691,947	46695,374	46695,736	46695,896	46696,764	13,809	13,585	2,048	2,171	13,440	13,440	18,079	19,384	1,000	884,000	222,000	868,978	215,467
390,000	20,000	410,000	19,480	0,000	0,000	0,000	28,291	0,000	25,180	0,000	28,291	0,000	125701,656	125817,972	125818,972	125820,174	125820,575	125820,575	125820,605	46621,656	46697,972	46698,972	46700,175	46700,575	46700,575	46700,605	0,000	0,000	0,000	0,000	13,440	13,440	NaN	NaN	1,000	380,000	706,000	868,978	215,467
390,000	800,000	1190,000	1,224	17,500	38,465	6,000	37,865	19,135	22,352	2,828	32,029	140,000	125701,656	125823,428	125824,429	125825,600	125825,995	125826,135	125826,804	46621,656	46703,429	46704,429	46705,600	46705,995	46706,135	46706,804	13,925	13,504	1,769	2,245	13,440	13,440	15,071	19,625	1,000	912,000	209,000	868,978	215,467
450,000	980,000	1430,000	0,372	14,286	39,189	6,000	35,963	18,013	22,340	2,840	31,106	140,000	125701,656	125829,098	125830,099	125831,355	125831,814	125831,955	125832,805	46621,656	46709,098	46710,099	46711,355	46711,815	46711,955	46712,805	12,558	13,257	1,810	2,306	13,440	13,440	20,981	21,082	1,000	856,000	218,000	868,978	215,467
310,000	960,000	1270,000	0,576	28,125	41,963	8,000	35,453	19,612	22,056	3,124	29,338	270,000	125701,656	125834,344	125835,344	125836,446	125836,765	125837,034	125837,735	46621,656	46714,344	46715,344	46716,446	46716,765	46717,035	46717,735	13,926	14,403	2,029	2,546	13,440	13,440	15,803	20,464	1,000	868,000	195,000	868,978	215,467
450,000	870,000	1320,000	1,007	18,391	35,554	6,000	38,219	18,979	22,276	2,904	32,743	160,000	125701,656	125845,018	125846,018	125849,743	125850,194	125850,354	125851,074	46621,656	46725,018	46726,018	46729,743	46730,194	46730,354	46731,074	14,289	13,112	2,285	2,066	13,440	13,440	12,055	17,406	1,000	904,000	208,000	868,978	215,467
30,000	150,000	180,000	19,939	93,333	0,301	0,000	27,238	0,026	25,156	0,025	27,238	140,000	125701,656	125853,067	125854,068	125855,224	125855,425	125855,565	125855,585	46621,656	46733,067	46734,068	46735,224	46735,425	46735,565	46735,585	0,058	0,000	0,057	0,000	13,440	13,440	NaN	0,093	1,000	362,000	711,000	868,978	215,467
420,000	1010,000	1430,000	0,157	32,673	36,901	7,000	36,982	18,052	16,946	8,234	33,499	330,000	125701,656	125858,240	125859,242	125900,979	125901,405	125901,735	125902,424	46621,656	46738,240	46739,242	46740,979	46741,405	46741,735	46742,424	13,165	12,886	5,701	6,305	13,440	13,440	27,253	29,229	1,000	864,000	218,000	868,978	215,467
440,000	940,000	1380,000	0,201	69,149	38,754	4,000	35,827	18,593	8,563	16,617	34,800	650,000	125701,656	125903,516	125904,515	125907,184	125907,635	125908,285	125908,585	46621,656	46743,516	46744,516	46747,184	46747,635	46748,285	46748,585	13,023	13,642	11,261	12,523	13,440	13,440	6,770	9,203	1,000	862,000	214,000	868,978	215,467
450,000	980,000	1430,000	0,228	28,571	34,786	10,000	37,681	17,902	17,792	7,388	34,185	280,000	125701,656	125909,655	125910,655	125914,120	125914,575	125914,855	125915,564	46621,656	46749,655	46750,656	46754,120	46754,575	46754,855	46755,564	13,165	12,574	5,226	5,519	13,440	13,440	25,004	27,003	1,000	872,000	223,000	868,978	215,467
420,000	990,000	1410,000	0,254	15,152	38,650	13,000	36,745	18,771	21,894	3,286	31,221	150,000	125701,656	125916,610	125917,611	125920,802	125921,225	125921,375	125922,224	46621,656	46756,610	46757,611	46760,802	46761,225	46761,375	46762,225	13,727	13,360	2,227	2,580	13,440	13,440	22,541	22,102	1,000	878,000	216,000	868,978	215,467
390,000	1040,000	1430,000	0,240	14,423	37,580	11,000	36,777	18,468	21,931	3,249	31,447	150,000	125701,656	125923,174	125924,174	125928,107	125928,505	125928,655	125929,556	46621,656	46763,174	46764,174	46768,107	46768,505	46768,655	46769,556	13,448	13,191	2,313	2,497	13,440	13,440	23,065	22,362	1,000	869,000	224,000	868,978	215,467
380,000	820,000	1200,000	0,451	15,854	42,249	4,000	36,800	18,854	22,341	2,839	31,104	130,000	125701,656	125930,668	125931,670	125935,385	125935,774	125935,904	125936,605	46621,656	46770,668	46771,670	46775,385	46775,774	46775,904	46776,605	13,700	13,476	1,934	2,243	13,440	13,440	18,681	24,015	1,000	885,000	215,000	868,978	215,467
30,000	1000,000	1030,000	0,209	14,000	43,939	6,000	36,163	19,306	25,120	0,060	28,724	140,000	125701,656	125937,750	125938,750	125941,719	125941,920	125942,060	125942,925	46621,656	46777,750	46778,750	46781,719	46781,920	46782,060	46782,925	13,925	13,980	0,087	0,027	13,440	13,440	4,684	0,216	1,000	874,000	210,000	868,978	215,467
400,000	990,000	1390,000	0,312	29,293	44,035	9,000	35,826	19,695	17,833	7,347	31,008	290,000	125701,656	125943,883	125944,883	125948,072	125948,474	125948,764	125949,474	46621,656	46783,883	46784,883	46788,072	46788,474	46788,764	46789,474	14,570	14,063	5,175	5,635	13,440	13,440	32,430	31,427	1,000	878,000	209,000	868,978	215,467
390,000	1040,000	1430,000	0,109	12,500	36,724	11,000	37,222	18,424	22,173	3,007	31,374	130,000	125701,656	125950,405	125951,406	125953,807	125954,206	125954,336	125955,256	46621,656	46790,405	46791,406	46793,807	46794,206	46794,336	46795,256	13,642	12,967	2,160	2,296	13,440	13,440	24,483	24,241	1,000	866,000	213,000	868,978	215,467
410,000	910,000	1320,000	0,102	36,264	48,608	4,000	36,681	18,781	13,529	11,651	33,455	330,000	125701,656	125956,123	125957,123	130000,429	130000,845	130001,175	130001,764	46621,656	46796,123	46797,123	46800,429	46800,846	46801,176	46801,764	13,867	13,276	7,974	8,867	13,440	13,440	41,864	42,203	1,000	870,000	212,000	868,978	215,467
400,000	870,000	1270,000	0,231	28,736	42,676	4,000	36,703	18,378	17,415	7,765	32,837	250,000	125701,656	130002,593	130003,594	130006,849	130007,255	130007,505	130008,134	46621,656	46802,593	46803,594	46806,849	46807,255	46807,505	46808,134	13,389	13,079	5,315	5,960	13,440	13,440	35,340	35,495	1,000	864,000	222,000	868,978	215,467
370,000	960,000	1330,000	0,310	14,583	52,885	9,000	37,210	18,285	21,044	4,136	31,858	140,000	125701,656	130009,107	130010,107	130012,419	130012,796	130012,936	130013,765	46621,656	46809,108	46810,107	46812,419	46812,796	46812,936	46813,765	13,389	12,882	2,711	3,236	13,440	13,440	31,199	30,812	1,000	877,000	223,000	868,978	215,467
430,000	780,000	1210,000	0,646	28,205	43,076	4,000	38,157	18,176	18,927	6,253	34,818	220,000	125701,656	130014,685	130015,684	130019,236	130019,675	130019,895	130020,465	46621,656	46814,685	46815,684	46819,236	46819,675	46819,895	46820,465	13,416	12,657	4,646	4,525	13,440	13,440	31,980	31,291	1,000	891,000	222,000	868,978	215,467
370,000	860,000	1230,000	0,309	13,953	45,540	5,000	35,769	18,537	22,390	2,790	30,579	120,000	125701,656	130022,098	130023,098	130025,220	130025,596	130025,716	130026,465	46621,656	46822,098	46823,098	46825,220	46825,596	46825,716	46826,465	13,052	13,584	1,866	2,224	13,440	13,440	24,999	25,097	1,000	858,000	215,000	868,978	215,467
390,000	810,000	1200,000	0,250	16,049	49,606	4,000	36,604	18,638	21,753	3,427	31,494	130,000	125701,656	130027,506	130028,507	130031,642	130032,034	130032,164	130032,855	46621,656	46827,506	46828,507	46831,642	46832,034	46832,164	46832,855	13,473	13,332	2,431	2,598	13,440	13,440	23,898	27,267	1,000	875,000	222,000	868,978	215,467
380,000	810,000	1190,000	0,306	17,284	53,042	6,000	36,627	18,789	20,910	4,271	31,608	140,000	125701,656	130033,929	130034,929	130037,668	130038,056	130038,196	130038,874	46621,656	46833,929	46834,929	46837,668	46838,056	46838,196	46838,874	13,474	13,473	2,801	3,351	13,440	13,440	31,954	32,706	1,000	872,000	205,000	868,978	215,467
430,000	820,000	1250,000	0,648	37,805	50,929	6,000	38,080	18,543	13,620	11,560	36,030	310,000	125701,656	130039,907	130040,908	130044,204	130044,634	130044,944	130045,465	46621,656	46839,907	46840,908	46844,204	46844,634	46844,944	46845,465	13,839	12,825	8,636	8,228	13,440	13,440	46,027	45,654	1,000	892,000	215,000	868,978	215,467
530,000	850,000	1380,000	0,141	16,471	49,641	6,000	36,398	18,494	21,615	3,565	31,860	140,000	125701,656	130046,733	130047,735	130048,865	130049,406	130049,546	130050,265	46621,656	46846,733	46847,735	46848,865	46849,406	46849,546	46850,265	13,332	13,303	2,609	2,680	13,440	13,440	24,498	27,633	1,000	864,000	216,000	868,978	215,467
370,000	750,000	1120,000	0,085	21,333	47,459	4,000	37,466	17,878	20,930	4,250	33,423	160,000	125701,656	130051,112	130052,113	130055,363	130055,735	130055,895	130056,495	46621,656	46851,112	46852,113	46855,363	46855,735	46855,895	46856,495	12,912	12,715	3,034	3,193	13,440	13,440	22,784	28,000	1,000	866,000	216,000	868,978	215,467
340,000	1010,000	1350,000	0,225	18,812	50,088	12,000	36,460	18,190	19,625	5,555	32,751	190,000	125701,656	130057,440	130058,440	130101,365	130101,715	130101,905	130102,734	46621,656	46857,440	46858,440	46861,366	46861,715	46861,905	46862,734	12,826	13,219	3,754	4,316	13,440	13,440	33,221	33,056	1,000	861,000	216,000	868,978	215,467
330,000	1100,000	1430,000	1,154	12,727	40,946	13,000	37,189	18,266	21,827	3,353	32,553	140,000	125701,656	130103,934	130104,934	130108,018	130108,355	130108,495	130109,465	46621,656	46863,934	46864,934	46868,018	46868,355	46868,495	46869,465	13,196	13,050	2,480	2,501	13,440	13,440	25,782	24,411	1,000	844,000	248,000	868,978	215,467
390,000	780,000	1170,000	0,250	20,513	51,622	8,000	37,361	18,332	20,589	4,591	33,450	160,000	125701,656	130110,077	130111,076	130113,273	130113,665	130113,825	130114,455	46621,656	46870,077	46871,076	46873,273	46873,665	46873,825	46874,455	13,108	13,134	3,210	3,504	13,440	13,440	30,429	30,490	1,000	876,000	210,000	868,978	215,467
400,000	710,000	1110,000	0,172	19,718	53,557	4,000	36,543	18,805	20,921	4,259	31,877	140,000	125701,656	130115,177	130116,177	130117,435	130117,846	130117,986	130118,564	46621,656	46875,177	46876,177	46877,435	46877,846	46877,986	46878,565	13,446	13,529	3,017	3,215	13,440	13,440	28,604	31,491	1,000	874,000	212,000	868,978	215,467
200,000	870,000	1070,000	0,032	32,184	50,400	4,000	36,239	18,778	20,032	5,148	32,293	280,000	125701,656	130119,486	130120,486	130122,758	130122,965	130123,245	130123,846	46621,656	46879,486	46880,486	46882,758	46882,965	46883,245	46883,847	13,389	13,670	3,687	3,948	13,440	13,440	26,935	29,837	1,000	870,000	215,000	868,978	215,467
390,000	1040,000	1430,000	0,141	12,500	55,124	8,000	36,050	18,598	21,594	3,586	31,097	130,000	125701,656	130124,565	130125,565	130129,119	130129,516	130129,646	130130,564	46621,656	46884,565	46885,565	46889,119	46889,516	46889,646	46890,565	13,297	13,498	2,512	2,797	13,440	13,440	30,264	30,225	1,000	864,000	216,000	868,978	215,467
30,000	840,000	870,000	0,460	16,667	52,900	6,000	35,606	18,801	25,133	0,047	28,610	140,000	125701,656	130131,675	130132,674	130135,493	130135,694	130135,834	130136,536	46621,656	46891,675	46892,674	46895,493	46895,694	46895,834	46896,536	13,250	13,838	0,005	0,054	13,440	13,440	2,463	0,156	1,000	853,000	212,000	868,978	215,467
300,000	1130,000	1430,000	0,094	44,248	57,153	8,000	36,191	18,545	9,246	15,934	34,468	500,000	125701,656	130137,297	130138,297	130140,761	130141,065	130141,565	130142,205	46621,656	46897,297	46898,297	46900,761	46901,065	46901,565	46902,205	13,125	13,444	10,603	12,092	13,440	13,440	6,545	5,975	1,000	866,000	217,000	868,978	215,467
380,000	680,000	1060,000	0,312	20,588	57,170	4,000	37,561	17,983	19,936	5,244	34,814	140,000	125701,656	130143,116	130144,116	130147,028	130147,417	130147,557	130148,105	46621,656	46903,116	46904,116	46907,028	46907,417	46907,557	46908,105	12,519	12,999	3,618	3,991	13,440	13,440	33,564	37,541	1,000	878,000	209,000	868,978	215,467
250,000	780,000	1030,000	0,154	32,051	61,436	3,000	35,685	19,304	20,148	5,032	30,399	250,000	125701,656	130149,520	130150,520	130153,445	130153,705	130153,955	130154,496	46621,656	46909,520	46910,520	46913,445	46913,705	46913,955	46914,496	13,867	14,064	3,341	4,074	13,440	13,440	33,988	32,351	1,000	869,000	210,000	868,978	215,467
