270,000	1160,000	1430,000	20,524	14,655	13,301	13,000	35,716	4,242	24,955	0,225	37,156	170,000	135604,410	135809,349	135810,348	135811,864	135812,141	135812,310	135813,311	50164,410	50289,349	50290,348	50291,864	50292,141	50292,311	50293,311	2,148	3,727	0,114	0,198	13,440	13,440	9,467	1,026	1,000	274,000	638,000	868,978	215,467
690,000	130,000	820,000	16,319	92,308	0,916	0,000	36,290	0,056	25,126	0,055	36,290	120,000	135604,410	135824,073	135825,073	135827,180	135827,871	135827,991	135828,012	50164,410	50304,073	50305,073	50307,180	50307,871	50307,991	50308,012	0,058	0,028	0,057	0,028	13,440	13,440	NaN	0,550	1,000	454,000	621,000	868,978	215,467
3010,000	20,000	3030,000	18,186	0,000	0,000	0,000	41,928	0,000	25,180	0,000	41,928	0,000	135604,410	135848,719	135849,719	135852,605	135855,620	135855,620	135855,651	50164,410	50328,719	50329,719	50332,605	50335,620	50335,620	50335,651	0,000	0,000	0,000	0,000	13,440	13,440	NaN	NaN	1,000	767,000	854,000	868,978	215,467
600,000	230,000	830,000	9,915	52,174	2,910	2,000	54,265	0,279	25,089	0,091	54,250	120,000	135604,410	135922,795	135923,795	135926,277	135926,882	135927,002	135927,122	50164,410	50362,795	50363,795	50366,278	50366,882	50367,002	50367,122	0,283	0,085	0,116	0,019	13,440	13,440	1,942	0,678	1,000	573,000	407,000	868,978	215,467
30,000	1400,000	1430,000	5,601	33,571	20,054	5,000	30,877	12,387	22,622	2,558	32,742	470,000	135604,410	135954,177	135955,177	135956,272	135956,472	135956,942	135957,882	50164,410	50394,177	50395,177	50396,272	50396,472	50396,942	50397,882	5,050	11,495	0,785	2,534	13,440	13,440	13,222	0,470	1,000	682,000	284,000	868,978	215,467
490,000	150,000	640,000	5,211	93,333	0,239	0,000	68,729	0,021	25,161	0,019	68,729	140,000	135604,410	140006,980	140007,980	140011,952	140012,451	140012,590	140012,611	50164,410	50406,980	50407,980	50411,952	50412,451	50412,591	50412,611	0,000	0,057	0,000	0,054	13,440	13,440	NaN	0,029	1,000	691,000	267,000	868,978	215,467
30,000	1400,000	1430,000	13,804	24,286	30,916	13,000	25,792	16,610	21,819	3,361	26,677	340,000	135604,410	140028,217	140029,218	140032,630	140032,831	140033,171	140034,242	50164,410	50428,217	50429,218	50432,630	50432,831	50433,171	50434,242	6,118	15,578	0,878	3,323	13,440	13,440	7,365	4,291	1,000	429,000	433,000	868,978	215,467
30,000	1400,000	1430,000	2,517	10,714	11,008	15,000	67,926	7,020	24,863	0,318	70,917	150,000	135604,410	140041,200	140042,199	140044,492	140044,692	140044,842	140046,101	50164,410	50441,200	50442,199	50444,492	50444,692	50444,842	50446,101	6,080	3,695	0,227	0,226	13,440	13,440	2,641	0,343	1,000	912,000	137,000	868,978	215,467
320,000	570,000	890,000	17,764	22,807	4,031	4,000	34,289	0,961	25,037	0,143	33,540	130,000	135604,410	140102,726	140103,726	140105,168	140105,491	140105,621	140106,071	50164,410	50462,726	50463,727	50465,168	50465,491	50465,621	50466,071	0,816	0,591	0,104	0,090	13,440	13,440	0,502	0,804	1,000	493,000	723,000	868,978	215,467
30,000	220,000	250,000	17,981	95,455	1,065	0,000	35,093	0,158	25,023	0,157	35,093	210,000	135604,410	140122,359	140123,358	140126,303	140126,504	140126,714	140126,732	50164,410	50482,359	50483,358	50486,303	50486,504	50486,714	50486,732	0,114	0,114	0,113	0,114	13,440	13,440	NaN	0,775	1,000	534,000	760,000	868,978	215,467
30,000	870,000	900,000	17,293	18,391	6,243	8,000	33,128	1,466	25,127	0,053	34,468	160,000	135604,410	140201,562	140202,562	140206,317	140206,518	140206,678	140207,392	50164,410	50521,562	50522,562	50526,317	50526,518	50526,678	50527,392	0,281	1,576	0,019	0,057	13,440	13,440	0,166	0,509	1,000	537,000	733,000	868,978	215,467
330,000	300,000	630,000	2,685	93,333	7,381	1,000	74,762	0,778	24,410	0,771	74,762	280,000	135604,410	140211,661	140212,661	140215,841	140216,181	140216,461	140216,490	50164,410	50531,661	50532,661	50535,841	50536,181	50536,461	50536,490	0,706	0,369	0,705	0,367	13,440	13,440	NaN	2,456	1,000	774,000	225,000	868,978	215,467
30,000	1400,000	1430,000	4,885	22,857	29,594	13,000	52,439	18,651	20,240	4,940	43,490	320,000	135604,410	140313,185	140314,185	140315,575	140315,776	140316,096	140317,180	50164,410	50593,185	50594,185	50595,575	50595,776	50596,096	50597,180	16,946	8,990	3,634	3,216	13,440	13,440	19,545	0,165	1,000	1039,000	180,000	868,978	215,467
70,000	180,000	250,000	19,539	94,444	2,569	0,000	34,244	0,276	24,905	0,275	34,244	170,000	135604,410	140332,965	140333,966	140335,326	140335,527	140335,698	140335,712	50164,410	50612,965	50613,966	50615,326	50615,528	50615,698	50615,712	0,255	0,142	0,254	0,142	13,440	13,440	NaN	0,963	1,000	545,000	830,000	868,978	215,467
450,000	20,000	470,000	13,113	0,000	0,000	0,000	45,048	0,000	25,180	0,000	45,048	0,000	135604,410	140419,829	140420,829	140422,035	140422,490	140422,490	140422,522	50164,410	50659,829	50660,829	50662,035	50662,490	50662,490	50662,522	0,000	0,000	0,000	0,000	13,440	13,440	NaN	NaN	1,000	594,000	592,000	868,978	215,467
120,000	1170,000	1290,000	6,669	11,966	52,796	16,000	36,198	21,371	24,228	0,952	40,333	140,000	135604,410	140438,059	140439,058	140442,895	140443,096	140443,236	140444,271	50164,410	50678,059	50679,058	50682,895	50683,096	50683,236	50684,271	11,198	18,279	0,407	0,822	13,440	13,440	17,647	5,801	1,000	770,000	0,000	868,978	215,467
30,000	20,000	50,000	7,436	0,000	0,000	0,000	60,143	0,000	25,180	0,000	60,143	0,000	135604,410	140500,144	140501,146	140504,218	140504,419	140504,419	140504,441	50164,410	50700,144	50701,146	50704,218	50704,419	50704,419	50704,441	0,000	0,000	0,000	0,000	13,440	13,440	NaN	NaN	1,000	662,000	380,000	868,978	215,467
280,000	80,000	360,000	11,276	0,000	1,086	0,000	49,515	0,059	25,180	0,000	49,574	0,000	135604,410	140515,720	140516,720	140518,663	140518,951	140518,951	140519,041	50164,410	50715,720	50716,720	50718,663	50718,951	50718,951	50719,041	0,028	0,058	0,003	0,000	13,440	13,440	0,672	NaN	1,000	645,000	548,000	868,978	215,467
30,000	1400,000	1430,000	2,484	10,000	23,510	17,000	45,944	14,667	24,803	0,377	59,449	140,000	135604,410	140531,769	140532,768	140535,961	140536,162	140536,302	140537,570	50164,410	50731,769	50732,768	50735,961	50736,162	50736,302	50737,570	6,972	15,001	0,282	0,300	13,440	13,440	16,963	1,550	1,000	798,000	268,000	868,978	215,467
90,000	1340,000	1430,000	2,058	8,209	10,057	11,000	67,742	4,505	25,164	0,016	72,323	110,000	135604,410	140549,269	140550,269	140552,482	140552,683	140552,793	140554,031	50164,410	50749,269	50750,269	50752,482	50752,683	50752,793	50754,031	3,612	3,390	0,000	0,054	13,440	13,440	8,327	0,046	1,000	846,000	146,000	868,978	215,467
140,000	1290,000	1430,000	3,153	8,527	15,814	19,000	69,446	3,699	25,120	0,060	77,658	110,000	135604,410	140558,697	140559,697	140603,000	140603,201	140603,311	140604,502	50164,410	50758,697	50759,697	50763,000	50763,201	50763,311	50764,502	2,673	4,044	0,030	0,019	13,440	13,440	9,286	0,302	1,000	774,000	275,000	868,978	215,467
670,000	760,000	1430,000	5,015	21,053	28,844	6,000	53,547	10,568	22,899	2,281	50,139	160,000	135604,410	140633,758	140634,758	140637,381	140638,060	140638,220	140638,831	50164,410	50793,758	50794,758	50797,381	50798,060	50798,220	50798,831	10,297	4,045	2,707	0,537	13,440	13,440	9,457	15,004	1,000	914,000	388,000	868,978	215,467
30,000	1400,000	1430,000	2,165	10,714	25,646	12,000	40,506	14,246	24,927	0,253	46,822	150,000	135604,410	140654,293	140655,292	140658,317	140658,518	140658,668	140699,921	50164,410	50814,293	50815,292	50818,317	50818,518	50818,668	50819,921	7,141	12,885	0,176	0,230	13,440	13,440	14,282	1,381	1,000	796,000	240,000	868,978	215,467
30,000	790,000	820,000	9,234	35,443	20,034	7,000	39,187	7,716	23,114	2,067	42,580	280,000	135604,410	140709,515	140710,515	140712,787	140712,988	140713,268	140713,782	50164,410	50829,515	50830,515	50832,787	50832,988	50833,268	50833,782	4,478	6,262	2,205	0,873	13,440	13,440	1,409	12,577	1,000	718,000	507,000	868,978	215,467
210,000	1220,000	1430,000	10,119	26,230	20,222	10,000	30,940	9,940	23,473	1,707	35,357	320,000	135604,410	140727,255	140728,254	140729,785	140730,001	140730,321	140731,232	50164,410	50847,255	50848,254	50849,785	50850,001	50850,321	50851,232	3,730	9,483	1,036	1,372	13,440	13,440	4,180	3,242	1,000	525,000	321,000	868,978	215,467
30,000	1400,000	1430,000	11,543	12,143	22,903	13,000	30,148	12,212	24,897	0,283	29,506	170,000	135604,410	140740,708	140741,708	140743,237	140743,438	140743,608	140744,841	50164,410	50860,708	50861,708	50863,237	50863,438	50863,608	50864,841	6,545	10,333	0,284	0,151	13,440	13,440	12,555	0,047	1,000	506,000	407,000	868,978	215,467
80,000	70,000	150,000	15,403	0,000	3,550	0,000	39,352	0,183	25,175	0,005	39,438	0,000	135604,410	140815,272	140816,274	140817,801	140818,002	140818,002	140818,081	50164,410	50895,272	50896,274	50897,801	50898,002	50898,002	50898,081	0,088	0,117	0,003	0,003	13,440	13,440	1,547	NaN	1,000	523,000	640,000	868,978	215,467
30,000	1400,000	1430,000	6,445	9,286	22,950	13,000	38,631	12,700	24,957	0,223	45,934	130,000	135604,410	140829,597	140830,597	140833,507	140833,708	140833,838	140835,111	50164,410	50909,597	50910,597	50913,507	50913,708	50913,838	50915,111	5,929	11,820	0,117	0,203	13,440	13,440	8,565	1,468	1,000	664,000	113,000	868,978	215,467
80,000	260,000	340,000	13,528	57,692	19,355	2,000	36,503	2,110	23,960	1,220	37,319	150,000	135604,410	140850,869	140851,869	140854,592	140854,793	140854,943	140855,060	50164,410	50930,869	50931,869	50934,592	50934,793	50934,943	50935,061	0,678	2,140	0,426	1,263	13,440	13,440	1,026	8,009	1,000	464,000	475,000	868,978	215,467
30,000	970,000	1000,000	12,312	15,464	20,108	10,000	41,688	8,923	24,636	0,544	40,063	150,000	135604,410	140911,176	140912,176	140913,333	140913,534	140913,684	140914,510	50164,410	50951,176	50952,176	50953,333	50953,534	50953,684	50954,510	6,613	6,057	0,498	0,338	13,440	13,440	11,066	2,582	1,000	615,000	572,000	868,978	215,467
90,000	1340,000	1430,000	20,583	12,687	15,055	16,000	31,322	6,132	24,991	0,189	33,579	170,000	135604,410	140930,828	140931,829	140933,216	140933,417	140933,587	140934,760	50164,410	50970,828	50971,829	50973,216	50973,417	50973,587	50974,760	2,508	5,668	0,252	0,098	13,440	13,440	12,849	1,324	1,000	445,000	812,000	868,978	215,467
120,000	940,000	1060,000	3,159	13,830	74,538	5,000	38,920	20,405	25,059	0,121	41,193	130,000	135604,410	140951,759	140952,758	140954,896	140955,096	140955,226	140956,041	50164,410	50991,759	50992,758	50994,896	50995,096	50995,226	50996,041	12,067	16,509	0,076	0,132	13,440	13,440	0,978	0,667	1,000	958,000	147,000	868,978	215,467
30,000	60,000	90,000	16,522	0,000	0,816	0,000	36,261	0,041	25,178	0,002	36,246	0,000	135604,410	141009,875	141010,875	141014,840	141015,041	141015,041	141015,111	50164,410	51009,875	51010,875	51014,840	51015,041	51015,041	51015,111	0,030	0,029	0,000	0,003	13,440	13,440	0,236	NaN	1,000	477,000	653,000	868,978	215,467
30,000	300,000	330,000	22,047	96,667	10,143	0,000	21,702	1,889	23,292	1,888	21,702	290,000	135604,410	141033,099	141034,100	141035,884	141036,085	141036,375	141036,390	50164,410	51033,099	51034,100	51035,884	51036,085	51036,375	51036,390	1,184	1,548	1,184	1,547	13,440	13,440	NaN	3,297	1,000	242,000	686,000	868,978	215,467
30,000	1400,000	1430,000	5,441	20,714	14,408	15,000	43,338	8,409	22,875	2,305	45,784	290,000	135604,410	141213,689	141214,688	141216,549	141216,750	141217,040	141218,151	50164,410	51133,689	51134,688	51136,549	51136,750	51137,040	51138,151	6,213	5,758	2,771	0,637	13,440	13,440	5,301	12,580	1,000	745,000	364,000	868,978	215,467
30,000	1400,000	1430,000	11,082	10,000	15,128	16,000	37,792	7,861	24,943	0,237	37,860	140,000	135604,410	141232,514	141233,514	141235,501	141235,701	141235,841	141237,111	50164,410	51152,514	51153,514	51155,501	51155,701	51155,841	51157,111	5,099	6,005	0,393	0,076	13,440	13,440	13,139	1,282	1,000	629,000	528,000	868,978	215,467
30,000	1400,000	1430,000	12,704	15,000	11,101	17,000	41,608	6,002	23,844	1,336	39,610	210,000	135604,410	141300,211	141301,211	141303,297	141303,498	141303,708	141304,900	50164,410	51180,211	51181,211	51183,297	51183,498	51183,708	51184,900	5,323	3,428	1,532	0,545	13,440	13,440	5,914	8,553	1,000	605,000	582,000	868,978	215,467
150,000	20,000	170,000	14,231	0,000	0,000	0,000	42,527	0,000	25,180	0,000	42,527	0,000	135604,410	141315,715	141316,714	141318,135	141318,335	141318,335	141318,360	50164,410	51195,715	51196,714	51198,135	51198,336	51198,336	51198,360	0,000	0,000	0,000	0,000	13,440	13,440	NaN	NaN	1,000	576,000	628,000	868,978	215,467
30,000	1400,000	1430,000	15,790	8,571	8,533	20,000	37,260	2,776	24,995	0,186	36,277	120,000	135604,410	141333,157	141334,156	141335,251	141335,451	141335,571	141336,860	50164,410	51213,157	51214,156	51215,251	51215,452	51215,572	51216,860	2,213	1,823	0,316	0,028	13,440	13,440	0,636	1,747	1,000	442,000	580,000	868,978	215,467
110,000	360,000	470,000	12,305	97,222	16,582	0,000	45,354	2,970	22,210	2,970	45,354	350,000	135604,410	141355,876	141356,876	141400,065	141400,267	141400,617	141400,631	50164,410	51235,876	51236,876	51240,065	51240,267	51240,617	51240,631	2,901	1,295	2,903	1,296	13,440	13,440	NaN	5,326	1,000	732,000	631,000	868,978	215,467
