130,000	20,000	150,000	17,611	0,000	0,000	0,000	32,854	0,000	25,180	0,000	32,854	0,000	154148,971	154340,204	154341,204	154342,590	154342,791	154342,791	154342,812	56508,971	56620,204	56621,204	56622,591	56622,791	56622,791	56622,812	0,000	0,000	0,000	0,000	13,440	13,440	NaN	NaN	1,000	423,000	655,000	868,978	215,467
60,000	1370,000	1430,000	2,776	28,467	29,736	12,000	53,340	23,410	20,704	4,476	38,646	390,000	154148,971	154346,186	154347,186	154348,636	154348,836	154349,226	154350,212	56508,971	56626,186	56627,186	56628,636	56628,836	56629,226	56630,212	23,765	9,634	4,179	2,735	13,440	13,440	8,283	21,842	1,000	940,000	284,000	868,978	215,467
60,000	240,000	300,000	14,928	70,833	15,332	2,000	45,196	2,114	23,348	1,832	45,592	170,000	154148,971	154352,255	154353,255	154356,561	154356,762	154356,932	154357,014	56508,971	56632,255	56633,255	56636,561	56636,762	56636,932	56637,014	0,309	2,768	0,308	2,374	13,440	13,440	1,809	9,553	1,000	731,000	728,000	868,978	215,467
570,000	380,000	950,000	2,469	86,842	79,937	1,000	39,584	13,631	11,882	13,298	39,802	330,000	154148,971	154423,915	154424,915	154426,949	154427,522	154427,852	154427,912	56508,971	56663,915	56664,915	56666,949	56667,522	56667,852	56667,912	9,734	9,388	9,695	9,006	13,440	13,440	3,975	7,805	1,000	821,000	289,000	868,978	215,467
3010,000	20,000	3030,000	18,605	0,000	0,000	0,000	30,444	0,000	25,180	0,000	30,444	0,000	154148,971	154429,364	154430,365	154431,709	154434,724	154434,724	154434,752	56508,971	56669,364	56670,365	56671,709	56674,724	56674,724	56674,752	0,000	0,000	0,000	0,000	13,440	13,440	NaN	NaN	1,000	402,000	684,000	868,978	215,467
220,000	1210,000	1430,000	8,093	9,917	34,507	18,000	44,728	23,185	25,045	0,135	30,402	120,000	154148,971	154451,817	154452,818	154456,365	154456,593	154456,714	154457,812	56508,971	56691,817	56692,818	56696,365	56696,594	56696,714	56697,812	20,791	13,022	0,000	0,140	13,440	13,440	23,239	0,908	1,000	1156,000	236,000	868,978	215,467
30,000	1400,000	1430,000	10,965	10,714	28,803	18,000	52,565	23,966	23,330	1,850	55,993	150,000	154148,971	154459,350	154500,349	154502,069	154502,269	154502,419	154503,672	56508,971	56699,350	56700,349	56702,069	56702,270	56702,420	56703,672	17,167	17,410	0,918	1,918	13,440	13,440	14,191	12,344	1,000	491,000	311,000	868,978	215,467
30,000	1400,000	1430,000	19,249	10,714	9,537	18,000	30,278	5,371	24,194	0,986	28,512	150,000	154148,971	154504,967	154505,967	154508,953	154509,154	154509,304	154510,562	56508,971	56704,967	56705,967	56708,953	56709,154	56709,304	56710,562	4,865	3,493	1,920	0,202	13,440	13,440	2,198	6,826	1,000	360,000	673,000	868,978	215,467
30,000	1400,000	1430,000	13,586	19,286	17,578	10,000	43,839	6,988	24,060	1,120	31,267	270,000	154148,971	154511,169	154512,169	154515,491	154515,692	154515,962	154517,104	56508,971	56711,169	56712,169	56715,491	56715,692	56715,962	56717,104	8,944	1,996	1,028	0,676	13,440	13,440	1,174	0,623	1,000	714,000	673,000	868,978	215,467
420,000	1010,000	1430,000	8,424	17,822	41,710	11,000	51,414	20,362	22,764	2,416	35,116	180,000	154148,971	154625,028	154626,027	154629,185	154629,612	154629,792	154630,633	56508,971	56785,028	56786,027	56789,185	56789,612	56789,792	56790,633	22,543	7,320	3,399	0,887	13,440	13,440	12,661	14,446	1,000	1079,000	429,000	868,978	215,467
30,000	1400,000	1430,000	1,957	22,143	18,490	13,000	59,155	9,854	22,251	2,929	60,737	310,000	154148,971	154639,068	154640,068	154641,538	154641,739	154642,049	154643,142	56508,971	56799,068	56800,068	56801,538	56801,739	56802,049	56803,142	7,354	7,153	1,806	2,849	13,440	13,440	1,940	6,446	1,000	886,000	148,000	868,978	215,467
610,000	820,000	1430,000	12,396	17,073	16,566	6,000	38,140	5,104	24,772	0,408	35,389	140,000	154148,971	154648,953	154649,954	154652,881	154653,502	154653,642	154654,332	56508,971	56808,953	56809,954	56812,881	56813,502	56813,642	56814,332	4,263	3,210	0,513	0,163	13,440	13,440	8,014	3,344	1,000	542,000	511,000	868,978	215,467
30,000	1050,000	1080,000	12,555	12,381	23,895	8,000	30,171	7,805	24,908	0,272	29,322	130,000	154148,971	154709,864	154710,865	154712,497	154712,698	154712,828	154713,753	56508,971	56829,864	56830,865	56832,497	56832,698	56832,828	56833,753	4,307	6,529	0,288	0,163	13,440	13,440	3,011	1,525	1,000	454,000	380,000	868,978	215,467
130,000	20,000	150,000	19,694	0,000	0,000	0,000	28,357	0,000	25,180	0,000	28,357	0,000	154148,971	154727,137	154728,137	154731,639	154731,840	154731,840	154731,862	56508,971	56847,137	56848,137	56851,639	56851,840	56851,840	56851,862	0,000	0,000	0,000	0,000	13,440	13,440	NaN	NaN	1,000	394,000	730,000	868,978	215,467
30,000	920,000	950,000	21,469	21,739	4,710	8,000	24,319	2,411	24,828	0,352	25,217	200,000	154148,971	154751,633	154752,634	154754,503	154754,703	154754,903	154755,633	56508,971	56871,633	56872,634	56874,503	56874,703	56874,903	56875,633	1,069	2,138	0,529	0,126	13,440	13,440	0,323	0,627	1,000	329,000	755,000	868,978	215,467
250,000	1180,000	1430,000	6,208	20,339	24,328	9,000	34,961	12,674	23,740	1,440	34,950	240,000	154148,971	154809,438	154810,438	154812,712	154812,973	154813,212	154814,162	56508,971	56889,438	56890,438	56892,712	56892,973	56893,213	56894,162	7,203	10,513	0,879	1,151	13,440	13,440	11,273	10,329	1,000	652,000	175,000	868,978	215,467
30,000	1400,000	1430,000	11,179	13,571	25,351	18,000	27,403	11,383	24,392	0,788	28,747	190,000	154148,971	154818,612	154819,612	154822,649	154822,851	154823,041	154824,252	56508,971	56898,612	56899,612	56902,650	56902,851	56903,041	56904,252	4,731	10,407	0,166	0,813	13,440	13,440	7,528	2,736	1,000	474,000	260,000	868,978	215,467
30,000	1400,000	1430,000	6,348	35,714	35,637	10,000	36,435	17,703	15,584	9,596	33,834	500,000	154148,971	154846,189	154847,190	154849,683	154849,883	154850,383	154851,293	56508,971	56926,189	56927,190	56929,683	56929,883	56930,383	56931,293	10,728	14,172	5,011	8,282	13,440	13,440	4,879	11,157	1,000	649,000	266,000	868,978	215,467
90,000	60,000	150,000	17,000	0,000	0,911	0,000	33,783	0,040	25,180	0,000	33,760	0,000	154148,971	154901,541	154902,541	154904,877	154905,078	154905,078	154905,142	56508,971	56941,541	56942,541	56944,877	56945,078	56945,078	56945,142	0,029	0,029	0,003	0,000	13,440	13,440	0,138	NaN	1,000	378,000	568,000	868,978	215,467
30,000	1400,000	1430,000	6,950	13,571	28,372	10,000	32,664	12,244	24,858	0,322	37,878	190,000	154148,971	154906,203	154907,203	154910,703	154910,903	154911,093	154912,312	56508,971	56946,203	56947,203	56950,703	56950,903	56951,093	56952,312	4,889	11,533	0,249	0,277	13,440	13,440	4,295	0,499	1,000	624,000	248,000	868,978	215,467
110,000	20,000	130,000	17,291	0,000	0,000	0,000	32,901	0,000	25,180	0,000	32,901	0,000	154148,971	154924,923	154925,923	154929,595	154929,797	154929,797	154929,823	56508,971	56964,923	56965,923	56969,596	56969,797	56969,797	56969,823	0,000	0,000	0,000	0,000	13,440	13,440	NaN	NaN	1,000	383,000	592,000	868,978	215,467
80,000	1200,000	1280,000	16,698	17,500	12,694	8,000	35,794	5,444	24,173	1,007	31,944	210,000	154148,971	154944,340	154945,339	154946,400	154946,601	154946,811	154947,803	56508,971	56984,340	56985,339	56986,400	56986,601	56986,811	56987,803	4,556	3,489	0,738	0,730	13,440	13,440	4,377	4,964	1,000	456,000	642,000	868,978	215,467
30,000	70,000	100,000	21,810	0,000	1,565	0,000	23,574	0,081	25,177	0,003	23,353	0,000	154148,971	154957,808	154958,808	155001,992	155002,193	155002,193	155002,272	56508,971	56997,808	56998,808	57001,992	57002,193	57002,193	57002,272	0,117	0,000	0,003	0,000	13,440	13,440	0,743	NaN	1,000	311,000	754,000	868,978	215,467
30,000	80,000	110,000	14,744	0,000	0,495	0,000	41,412	0,022	25,180	0,000	41,456	0,000	154148,971	155014,990	155015,990	155018,185	155018,386	155018,386	155018,472	56508,971	57014,990	57015,990	57018,185	57018,386	57018,386	57018,472	0,000	0,029	0,000	0,000	13,440	13,440	0,048	NaN	1,000	567,000	644,000	868,978	215,467
610,000	820,000	1430,000	12,220	18,293	25,859	7,000	30,151	9,313	24,132	1,048	33,124	150,000	154148,971	155036,035	155037,035	155040,587	155041,202	155041,352	155042,032	56508,971	57036,035	57037,035	57040,588	57041,202	57041,352	57042,032	3,528	8,727	0,546	0,844	13,440	13,440	0,264	6,216	1,000	483,000	415,000	868,978	215,467
30,000	20,000	50,000	15,328	0,000	0,000	0,000	39,550	0,000	25,180	0,000	39,550	0,000	154148,971	155059,050	155100,051	155102,191	155102,392	155102,392	155102,422	56508,971	57059,050	57060,051	57062,191	57062,392	57062,392	57062,422	0,000	0,000	0,000	0,000	13,440	13,440	NaN	NaN	1,000	531,000	643,000	868,978	215,467
550,000	880,000	1430,000	8,566	38,636	19,187	6,000	32,187	8,664	21,517	3,663	32,820	340,000	154148,971	155112,282	155113,283	155116,610	155117,162	155117,502	155118,052	56508,971	57072,282	57073,283	57076,610	57077,162	57077,502	57078,052	3,811	7,865	1,381	3,509	13,440	13,440	6,558	14,302	1,000	633,000	408,000	868,978	215,467
570,000	860,000	1430,000	12,058	24,419	21,838	9,000	32,392	6,342	24,488	0,692	34,857	210,000	154148,971	155135,149	155136,149	155138,873	155139,452	155139,662	155140,323	56508,971	57095,150	57096,149	57098,873	57099,452	57099,662	57100,323	2,304	6,172	0,276	0,671	13,440	13,440	2,641	2,555	1,000	505,000	442,000	868,978	215,467
30,000	170,000	200,000	20,569	94,118	3,048	0,000	29,102	0,214	24,968	0,212	29,102	160,000	154148,971	155150,673	155151,673	155154,032	155154,233	155154,393	155154,412	56508,971	57110,673	57111,673	57114,032	57114,233	57114,393	57114,412	0,086	0,197	0,085	0,198	13,440	13,440	NaN	0,517	1,000	453,000	817,000	868,978	215,467
410,000	1020,000	1430,000	10,336	17,647	18,273	12,000	27,785	10,669	24,579	0,601	27,571	180,000	154148,971	155255,599	155256,600	155258,927	155259,342	155259,522	155300,373	56508,971	57175,599	57176,600	57178,927	57179,342	57179,522	57180,374	4,926	9,435	0,141	0,565	13,440	13,440	15,759	0,459	1,000	550,000	398,000	868,978	215,467
450,000	980,000	1430,000	8,340	17,347	21,482	13,000	35,845	7,869	22,387	2,793	33,532	170,000	154148,971	155310,562	155311,564	155315,020	155315,473	155315,643	155316,463	56508,971	57190,562	57191,564	57195,020	57195,473	57195,643	57196,463	4,639	6,400	0,883	2,849	13,440	13,440	9,534	16,585	1,000	625,000	384,000	868,978	215,467
60,000	180,000	240,000	21,164	83,333	0,873	1,000	28,219	0,104	25,095	0,085	28,219	150,000	154148,971	155335,840	155336,841	155340,313	155340,514	155340,664	155340,703	56508,971	57215,840	57216,841	57220,313	57220,514	57220,664	57220,703	0,116	0,056	0,096	0,056	13,440	13,440	NaN	0,204	1,000	439,000	833,000	868,978	215,467
30,000	380,000	410,000	16,026	50,000	14,750	2,000	35,160	1,282	24,006	1,174	35,019	190,000	154148,971	155353,204	155354,203	155357,381	155357,582	155357,772	155357,972	56508,971	57233,204	57234,203	57237,382	57237,582	57237,772	57237,972	0,620	1,012	0,506	0,961	13,440	13,440	0,359	0,254	1,000	490,000	641,000	868,978	215,467
2780,000	1060,000	3840,000	14,290	21,698	23,339	11,000	21,741	11,355	24,213	0,967	21,335	230,000	154148,971	155429,272	155430,271	155434,142	155436,933	155437,163	155438,002	56508,971	57269,272	57270,271	57274,142	57276,933	57277,163	57278,002	4,623	10,385	0,602	0,810	13,440	13,440	1,164	4,270	1,000	431,000	473,000	868,978	215,467
30,000	40,000	70,000	17,282	0,000	0,371	0,000	35,036	0,017	25,179	0,001	35,063	0,000	154148,971	155446,392	155447,392	155448,782	155448,983	155448,983	155449,033	56508,971	57286,392	57287,393	57288,782	57288,983	57288,983	57289,034	0,000	0,000	0,000	0,000	13,440	13,440	0,017	NaN	1,000	486,000	696,000	868,978	215,467
30,000	110,000	140,000	16,002	0,000	21,337	0,000	33,451	1,224	25,168	0,012	34,643	0,000	154148,971	155500,403	155501,404	155503,761	155503,962	155503,962	155504,083	56508,971	57300,403	57301,404	57303,761	57303,962	57303,962	57304,083	0,264	1,280	0,000	0,013	13,440	13,440	9,788	NaN	1,000	473,000	624,000	868,978	215,467
30,000	500,000	530,000	9,347	88,000	21,831	1,000	41,307	4,543	21,385	3,796	41,836	440,000	154148,971	155554,388	155555,388	155558,310	155558,511	155558,951	155559,012	56508,971	57354,388	57355,388	57358,310	57358,511	57358,951	57359,012	1,583	4,781	1,403	3,973	13,440	13,440	9,014	9,071	1,000	557,000	330,000	868,978	215,467
300,000	850,000	1150,000	22,380	18,824	27,029	14,000	48,520	10,563	22,273	2,907	43,140	160,000	154148,971	155608,219	155609,220	155611,308	155611,612	155611,772	155612,473	56508,971	57368,219	57369,220	57371,308	57371,613	57371,773	57372,474	9,317	5,348	2,135	1,791	13,440	13,440	1,976	12,913	1,000	147,000	550,000	868,978	215,467
430,000	830,000	1260,000	10,798	42,169	20,349	3,000	32,364	6,517	21,489	3,691	32,742	350,000	154148,971	155623,553	155624,554	155627,473	155627,912	155628,262	155628,753	56508,971	57383,553	57384,554	57387,473	57387,912	57388,262	57388,753	2,563	6,085	1,187	3,630	13,440	13,440	1,727	3,403	1,000	526,000	388,000	868,978	215,467
30,000	20,000	50,000	20,175	0,000	0,000	0,000	29,622	0,000	25,180	0,000	29,622	0,000	154148,971	155638,858	155639,859	155641,471	155641,672	155641,672	155641,702	56508,971	57398,858	57399,859	57401,471	57401,672	57401,672	57401,702	0,000	0,000	0,000	0,000	13,440	13,440	NaN	NaN	1,000	456,000	802,000	868,978	215,467
