70,000	20,000	90,000	14,978	0,000	0,000	0,000	60,960	0,000	17,165	0,000	60,960	0,000	155802,131	160002,314	160003,314	160006,324	160006,525	160006,525	160006,552	57482,131	57602,314	57603,314	57606,324	57606,525	57606,525	57606,552	0,000	0,000	0,000	0,000	-13,440	13,440	NaN	NaN	1,000	987,000	548,000	571,022	215,467
160,000	1270,000	1430,000	4,185	16,535	16,350	12,000	49,533	11,040	16,864	0,301	55,814	210,000	155802,131	160016,747	160017,749	160021,521	160021,723	160021,933	160023,002	57482,131	57616,748	57617,749	57621,521	57621,723	57621,933	57623,002	6,271	10,027	0,201	0,249	-13,440	13,440	6,264	1,119	1,000	713,000	260,000	571,022	215,467
750,000	680,000	1430,000	10,934	19,118	12,124	9,000	54,046	5,431	16,547	0,619	55,829	130,000	155802,131	160033,297	160034,299	160037,011	160037,762	160037,892	160038,452	57482,131	57633,297	57634,299	57637,011	57637,762	57637,892	57638,452	3,687	4,184	0,407	0,531	-13,440	13,440	5,757	3,645	1,000	837,000	499,000	571,022	215,467
170,000	500,000	670,000	17,513	40,000	1,243	4,000	55,875	0,306	17,077	0,089	56,170	200,000	155802,131	160048,462	160049,461	160050,481	160050,682	160050,882	160051,193	57482,131	57648,462	57649,461	57650,481	57650,682	57650,882	57651,193	0,142	0,339	0,038	0,113	-13,440	13,440	0,300	0,173	1,000	989,000	677,000	571,022	215,467
380,000	20,000	400,000	17,571	0,000	0,000	0,000	55,622	0,000	17,165	0,000	55,622	0,000	155802,131	160101,710	160102,710	160106,030	160106,412	160106,412	160106,444	57482,131	57661,710	57662,710	57666,030	57666,412	57666,412	57666,444	0,000	0,000	0,000	0,000	-13,440	13,440	NaN	NaN	1,000	991,000	678,000	571,022	215,467
560,000	870,000	1430,000	19,946	28,736	8,320	8,000	54,540	2,464	16,687	0,478	55,456	250,000	155802,131	160116,916	160117,916	160119,130	160119,692	160119,942	160120,573	57482,131	57676,916	57677,916	57679,130	57679,692	57679,942	57680,574	1,472	2,226	0,151	0,640	-13,440	13,440	0,168	0,971	1,000	1045,000	743,000	571,022	215,467
500,000	930,000	1430,000	8,845	17,204	15,552	9,000	51,252	7,195	16,619	0,546	53,987	160,000	155802,131	160131,454	160132,453	160135,246	160135,752	160135,912	160136,692	57482,131	57691,454	57692,453	57695,246	57695,752	57695,912	57696,692	4,552	5,918	0,344	0,421	-13,440	13,440	14,150	0,233	1,000	776,000	454,000	571,022	215,467
30,000	260,000	290,000	17,689	65,385	1,670	2,000	54,589	0,165	17,095	0,071	54,611	170,000	155802,131	160146,225	160147,225	160151,191	160151,391	160151,561	160151,652	57482,131	57706,225	57707,225	57711,191	57711,391	57711,561	57711,652	0,142	0,085	0,078	0,028	-13,440	13,440	1,348	0,105	1,000	978,000	695,000	571,022	215,467
720,000	710,000	1430,000	13,539	19,718	8,718	7,000	54,410	3,348	16,860	0,305	55,412	140,000	155802,131	160202,632	160203,632	160205,253	160205,984	160206,124	160206,702	57482,131	57722,632	57723,632	57725,253	57725,984	57726,124	57726,702	2,376	2,473	0,228	0,207	-13,440	13,440	5,153	1,497	1,000	890,000	576,000	571,022	215,467
30,000	20,000	50,000	17,722	0,000	0,000	0,000	55,902	0,000	17,165	0,000	55,902	0,000	155802,131	160221,356	160222,356	160223,881	160224,082	160224,082	160224,112	57482,131	57741,356	57742,356	57743,882	57744,082	57744,082	57744,113	0,000	0,000	0,000	0,000	-13,440	13,440	NaN	NaN	1,000	1000,000	677,000	571,022	215,467
500,000	930,000	1430,000	5,817	17,204	18,601	11,000	51,960	10,361	15,675	1,490	55,131	160,000	155802,131	160234,860	160235,861	160238,388	160238,894	160239,054	160239,833	57482,131	57754,860	57755,861	57758,388	57758,894	57759,054	57759,833	6,852	8,151	1,026	1,118	-13,440	13,440	4,272	8,928	1,000	718,000	361,000	571,022	215,467
70,000	20,000	90,000	18,025	0,000	0,000	0,000	54,539	0,000	17,165	0,000	54,539	0,000	155802,131	160247,526	160248,525	160252,155	160252,355	160252,355	160252,382	57482,131	57767,526	57768,525	57772,155	57772,355	57772,355	57772,382	0,000	0,000	0,000	0,000	-13,440	13,440	NaN	NaN	1,000	987,000	703,000	571,022	215,467
130,000	20,000	150,000	14,726	0,000	0,000	0,000	56,728	0,000	17,165	0,000	56,728	0,000	155802,131	160318,741	160319,741	160323,238	160323,439	160323,439	160323,462	57482,131	57798,741	57799,741	57803,238	57803,439	57803,439	57803,462	0,000	0,000	0,000	0,000	-13,440	13,440	NaN	NaN	1,000	922,000	604,000	571,022	215,467
560,000	870,000	1430,000	11,865	14,943	12,516	10,000	50,969	5,812	16,659	0,507	53,809	130,000	155802,131	160336,069	160337,070	160340,428	160340,993	160341,123	160341,872	57482,131	57816,069	57817,070	57820,428	57820,993	57821,123	57821,872	3,418	5,168	0,322	0,433	-13,440	13,440	6,129	4,042	1,000	864,000	519,000	571,022	215,467
780,000	650,000	1430,000	12,843	24,615	16,492	6,000	52,350	4,611	16,658	0,508	53,966	160,000	155802,131	160358,563	160359,565	160401,731	160402,513	160402,673	160403,172	57482,131	57838,563	57839,565	57841,731	57842,513	57842,673	57843,172	2,970	3,770	0,341	0,391	-13,440	13,440	9,376	2,141	1,000	873,000	558,000	571,022	215,467
390,000	1040,000	1430,000	8,687	19,231	15,480	14,000	53,116	7,736	16,719	0,446	55,071	200,000	155802,131	160415,554	160416,554	160420,413	160420,814	160421,014	160421,862	57482,131	57855,554	57856,554	57860,413	57860,814	57861,014	57861,862	5,355	5,895	0,238	0,464	-13,440	13,440	9,322	1,992	1,000	772,000	450,000	571,022	215,467
30,000	20,000	50,000	18,532	0,000	0,000	0,000	54,175	0,000	17,165	0,000	54,175	0,000	155802,131	160431,794	160432,794	160434,749	160434,949	160434,949	160434,973	57482,131	57871,794	57872,794	57874,749	57874,949	57874,949	57874,973	0,000	0,000	0,000	0,000	-13,440	13,440	NaN	NaN	1,000	996,000	719,000	571,022	215,467
120,000	180,000	300,000	19,079	0,000	1,619	0,000	53,932	0,149	17,165	0,000	53,872	0,000	155802,131	160447,299	160448,300	160450,629	160450,830	160450,830	160451,012	57482,131	57887,300	57888,300	57890,629	57890,830	57890,830	57891,012	0,143	0,057	0,000	0,000	-13,440	13,440	1,520	NaN	1,000	1006,000	736,000	571,022	215,467
490,000	120,000	610,000	18,322	91,667	2,825	0,000	54,645	0,167	17,000	0,166	54,645	110,000	155802,131	160508,705	160509,704	160511,840	160512,332	160512,443	160512,462	57482,131	57908,705	57909,704	57911,841	57912,333	57912,443	57912,462	0,056	0,170	0,056	0,167	-13,440	13,440	NaN	2,095	1,000	1002,000	704,000	571,022	215,467
30,000	20,000	50,000	17,714	0,000	0,000	0,000	56,323	0,000	17,165	0,000	56,323	0,000	155802,131	160524,973	160525,972	160527,351	160527,552	160527,552	160527,584	57482,131	57924,973	57925,972	57927,351	57927,552	57927,552	57927,584	0,000	0,000	0,000	0,000	-13,440	13,440	NaN	NaN	1,000	1007,000	670,000	571,022	215,467
200,000	220,000	420,000	16,279	40,909	1,644	2,000	57,039	0,219	17,076	0,089	57,083	90,000	155802,131	160540,742	160541,742	160543,121	160543,323	160543,413	160543,552	57482,131	57940,742	57941,742	57943,121	57943,323	57943,413	57943,552	0,142	0,142	0,052	0,060	-13,440	13,440	0,003	0,817	1,000	975,000	630,000	571,022	215,467
1090,000	110,000	1200,000	19,700	90,909	3,428	0,000	55,687	0,238	16,928	0,237	55,687	100,000	155802,131	160604,590	160605,590	160607,681	160608,772	160608,872	160608,893	57482,131	57964,590	57965,590	57967,681	57968,772	57968,872	57968,893	0,142	0,171	0,143	0,169	-13,440	13,440	NaN	3,205	1,000	1060,000	717,000	571,022	215,467
560,000	870,000	1430,000	6,892	18,391	15,994	7,000	52,934	9,200	15,614	1,551	55,932	160,000	155802,131	160625,434	160626,435	160628,433	160629,003	160629,163	160629,883	57482,131	57985,434	57986,435	57988,433	57989,003	57989,163	57989,883	6,028	7,387	0,984	1,286	-13,440	13,440	2,570	8,856	1,000	762,000	369,000	571,022	215,467
1060,000	370,000	1430,000	16,379	54,054	6,871	2,000	56,408	1,429	16,626	0,539	56,897	200,000	155802,131	160645,065	160646,066	160647,962	160649,033	160649,233	160649,412	57482,131	58005,065	58006,066	58007,963	58009,033	58009,233	58009,412	1,009	1,077	0,446	0,319	-13,440	13,440	0,805	2,689	1,000	989,000	621,000	571,022	215,467
510,000	920,000	1430,000	4,576	19,565	19,132	8,000	54,640	10,828	15,448	1,717	57,987	180,000	155802,131	160701,370	160702,370	160705,790	160706,302	160706,483	160707,233	57482,131	58021,371	58022,370	58025,790	58026,303	58026,483	58027,233	7,781	7,797	1,429	1,027	-13,440	13,440	1,279	7,775	1,000	694,000	322,000	571,022	215,467
420,000	1010,000	1430,000	7,678	16,832	13,015	14,000	55,033	7,628	16,205	0,960	57,993	170,000	155802,131	160716,524	160717,525	160720,997	160721,423	160721,593	160722,442	57482,131	58036,524	58037,525	58040,997	58041,423	58041,593	58042,442	5,249	5,975	0,787	0,627	-13,440	13,440	7,531	4,865	1,000	785,000	385,000	571,022	215,467
400,000	1030,000	1430,000	3,326	11,650	21,716	10,000	55,753	12,059	16,734	0,431	58,892	120,000	155802,131	160731,177	160732,178	160734,016	160734,424	160734,544	160735,463	57482,131	58051,177	58052,178	58054,017	58054,424	58054,544	58055,463	9,052	8,308	0,455	0,189	-13,440	13,440	4,369	3,684	1,000	662,000	291,000	571,022	215,467
410,000	1020,000	1430,000	5,046	28,431	17,719	8,000	56,088	10,756	15,142	2,023	57,807	290,000	155802,131	160743,905	160744,906	160747,715	160748,133	160748,424	160749,163	57482,131	58063,905	58064,906	58067,715	58068,134	58068,424	58069,163	8,152	7,298	1,448	1,594	-13,440	13,440	2,225	7,382	1,000	703,000	337,000	571,022	215,467
30,000	20,000	50,000	16,627	0,000	0,000	0,000	58,386	0,000	17,165	0,000	58,386	0,000	155802,131	160758,308	160759,308	160801,726	160801,927	160801,927	160801,952	57482,131	58078,308	58079,308	58081,726	58081,927	58081,927	58081,952	0,000	0,000	0,000	0,000	-13,440	13,440	NaN	NaN	1,000	1004,000	618,000	571,022	215,467
390,000	1040,000	1430,000	4,893	15,385	14,853	12,000	53,927	10,484	16,552	0,613	57,452	160,000	155802,131	160816,250	160817,250	160820,322	160820,722	160820,882	160821,774	57482,131	58096,250	58097,250	58100,322	58100,722	58100,882	58101,774	7,199	8,067	0,424	0,498	-13,440	13,440	6,888	4,038	1,000	713,000	316,000	571,022	215,467
90,000	1340,000	1430,000	6,337	17,164	13,855	18,000	54,100	9,667	16,965	0,200	56,812	230,000	155802,131	160832,956	160833,956	160835,574	160835,775	160836,005	160837,122	57482,131	58112,956	58113,956	58115,574	58115,775	58116,005	58117,122	6,988	6,981	0,168	0,145	-13,440	13,440	12,920	0,062	1,000	726,000	379,000	571,022	215,467
640,000	790,000	1430,000	10,833	41,772	13,948	6,000	52,267	5,479	13,974	3,191	53,521	330,000	155802,131	160848,443	160849,442	160852,070	160852,713	160853,043	160853,513	57482,131	58128,443	58129,442	58132,070	58132,713	58133,043	58133,513	3,356	4,678	1,978	2,715	-13,440	13,440	1,559	6,840	1,000	836,000	495,000	571,022	215,467
30,000	30,000	60,000	17,336	0,000	0,000	0,000	56,456	0,000	17,165	0,000	56,456	0,000	155802,131	160904,880	160905,881	160909,502	160909,703	160909,703	160909,743	57482,131	58144,880	58145,881	58149,502	58149,703	58149,703	58149,743	0,000	0,000	0,000	0,000	-13,440	13,440	NaN	NaN	1,000	997,000	661,000	571,022	215,467
440,000	30,000	470,000	17,722	0,000	0,000	0,000	55,838	0,000	17,165	0,000	55,838	0,000	155802,131	160920,780	160921,780	160924,139	160924,584	160924,584	160924,622	57482,131	58160,780	58161,780	58164,139	58164,584	58164,584	58164,622	0,000	0,000	0,000	0,000	-13,440	13,440	NaN	NaN	1,000	1000,000	677,000	571,022	215,467
190,000	20,000	210,000	17,442	0,000	0,000	0,000	54,870	0,000	17,165	0,000	54,870	0,000	155802,131	160938,926	160939,927	160941,714	160941,915	160941,915	160941,942	57482,131	58178,926	58179,927	58181,714	58181,915	58181,915	58181,942	0,000	0,000	0,000	0,000	-13,440	13,440	NaN	NaN	1,000	975,000	686,000	571,022	215,467
60,000	40,000	100,000	18,113	0,000	0,340	0,000	58,319	0,015	17,164	0,001	58,359	0,000	155802,131	160957,555	160958,555	161000,981	161001,181	161001,181	161001,224	57482,131	58197,555	58198,555	58200,981	58201,181	58201,181	58201,224	0,000	0,029	0,000	0,003	-13,440	13,440	0,015	NaN	1,000	1050,000	646,000	571,022	215,467
30,000	100,000	130,000	16,697	0,000	0,361	0,000	56,864	0,016	17,165	0,000	56,905	0,000	155802,131	161015,299	161016,300	161018,486	161018,687	161018,687	161018,792	57482,131	58215,299	58216,300	58218,486	58218,687	58218,687	58218,792	0,000	0,029	0,000	0,000	-13,440	13,440	0,035	NaN	1,000	985,000	641,000	571,022	215,467
520,000	910,000	1430,000	2,539	15,385	17,237	8,000	57,256	8,867	16,545	0,621	60,888	140,000	155802,131	161030,824	161031,824	161033,206	161033,734	161033,874	161034,653	57482,131	58230,824	58231,824	58233,206	58233,734	58233,874	58234,653	6,461	6,498	0,467	0,515	-13,440	13,440	6,606	2,160	1,000	657,000	243,000	571,022	215,467
390,000	40,000	430,000	16,897	0,000	0,355	0,000	56,659	0,016	17,164	0,001	56,700	0,000	155802,131	161043,446	161044,446	161046,136	161046,533	161046,533	161046,582	57482,131	58243,447	58244,446	58246,136	58246,533	58246,533	58246,582	0,000	0,029	0,000	0,003	-13,440	13,440	0,016	NaN	1,000	988,000	648,000	571,022	215,467
1540,000	-30,000	1510,000	17,550	-0,000	0,000	0,000	0,000	0,000	17,165	0,000	0,000	0,000	155802,131	161058,564	161059,564	161102,113	161103,663	161103,663	161103,642	57482,131	58258,564	58259,564	58262,113	58263,663	58263,663	58263,642	0,000	0,000	0,000	0,000	-13,440	13,440	NaN	NaN	1,000	1047,000	619,000	571,022	215,467
