290,000	1140,000	1430,000	12,082	21,053	8,404	14,000	52,951	4,084	17,082	0,084	55,677	240,000	142807,098	142837,075	142838,075	142839,820	142840,112	142840,352	142841,264	52087,098	52117,075	52118,075	52119,820	52120,112	52120,352	52121,264	2,390	3,726	0,088	0,028	-13,440	13,440	6,387	0,044	1,000	876,000	518,000	571,022	215,467
700,000	730,000	1430,000	15,094	21,918	4,729	9,000	55,868	1,464	16,895	0,270	58,126	160,000	142807,098	142854,555	142855,557	142856,618	142857,323	142857,483	142858,062	52087,098	52134,555	52135,557	52136,618	52137,323	52137,483	52138,062	0,380	2,133	0,112	0,332	-13,440	13,440	2,432	1,730	1,000	1008,000	527,000	571,022	215,467
30,000	50,000	80,000	17,260	0,000	0,545	0,000	55,521	0,024	17,165	0,000	55,494	0,000	142807,098	142910,948	142911,948	142913,623	142913,823	142913,823	142913,882	52087,098	52150,948	52151,948	52153,623	52153,823	52153,823	52153,882	0,030	0,000	0,003	0,000	-13,440	13,440	0,047	NaN	1,000	980,000	673,000	571,022	215,467
750,000	110,000	860,000	16,636	0,000	0,905	0,000	57,338	0,041	17,165	0,000	57,353	0,000	142807,098	142926,720	142927,722	142931,657	142932,412	142932,412	142932,532	52087,098	52166,721	52167,722	52171,657	52172,412	52172,412	52172,532	0,029	0,029	0,000	0,000	-13,440	13,440	0,169	NaN	1,000	989,000	634,000	571,022	215,467
540,000	160,000	700,000	16,855	93,750	1,396	0,000	57,425	0,126	17,042	0,123	57,425	150,000	142807,098	142945,386	142946,386	142949,656	142950,203	142950,353	142950,372	52087,098	52185,386	52186,386	52189,656	52190,203	52190,353	52190,372	0,114	0,056	0,113	0,056	-13,440	13,440	NaN	0,657	1,000	997,000	637,000	571,022	215,467
470,000	960,000	1430,000	9,639	15,625	10,100	14,000	51,222	6,372	16,691	0,474	55,024	150,000	142807,098	143002,288	143003,288	143004,958	143005,434	143005,584	143006,402	52087,098	52202,288	52203,288	52204,958	52205,434	52205,584	52206,402	3,360	6,202	0,106	0,660	-13,440	13,440	6,526	3,137	1,000	846,000	420,000	571,022	215,467
740,000	690,000	1430,000	7,298	17,391	16,244	9,000	53,790	7,444	16,325	0,840	57,000	120,000	142807,098	143016,130	143017,130	143020,681	143021,423	143021,543	143022,122	52087,098	52216,130	52217,130	52220,681	52221,423	52221,543	52222,122	4,879	6,093	0,567	0,629	-13,440	13,440	3,802	7,242	1,000	770,000	382,000	571,022	215,467
120,000	60,000	180,000	17,479	0,000	0,544	0,000	55,474	0,024	17,165	0,000	55,447	0,000	142807,098	143031,235	143032,235	143034,845	143035,046	143035,046	143035,112	52087,098	52231,235	52232,235	52234,845	52235,046	52235,046	52235,112	0,030	0,000	0,000	0,000	-13,440	13,440	0,052	NaN	1,000	985,000	679,000	571,022	215,467
610,000	820,000	1430,000	7,929	30,488	16,987	11,000	53,396	7,795	15,784	1,381	55,170	250,000	142807,098	143046,951	143047,951	143051,185	143051,802	143052,052	143052,632	52087,098	52246,952	52247,951	52251,185	52251,802	52252,052	52252,632	5,280	6,154	0,721	1,420	-13,440	13,440	8,842	6,055	1,000	776,000	409,000	571,022	215,467
30,000	20,000	50,000	17,682	0,000	0,000	0,000	55,915	0,000	17,165	0,000	55,915	0,000	142807,098	143103,481	143104,482	143105,562	143105,763	143105,763	143105,792	52087,098	52263,481	52264,482	52265,562	52265,763	52265,763	52265,792	0,000	0,000	0,000	0,000	-13,440	13,440	NaN	NaN	1,000	999,000	676,000	571,022	215,467
820,000	610,000	1430,000	9,483	29,508	15,588	6,000	52,649	6,009	16,200	0,965	55,117	180,000	142807,098	143119,904	143120,905	143123,410	143124,232	143124,412	143124,853	52087,098	52279,904	52280,905	52283,411	52284,232	52284,412	52284,853	3,677	5,282	0,544	0,924	-13,440	13,440	8,618	5,945	1,000	818,000	445,000	571,022	215,467
300,000	20,000	320,000	16,975	0,000	0,000	0,000	57,581	0,000	17,165	0,000	57,581	0,000	142807,098	143133,161	143134,161	143136,601	143136,913	143136,913	143136,944	52087,098	52293,161	52294,161	52296,601	52296,913	52296,913	52296,944	0,000	0,000	0,000	0,000	-13,440	13,440	NaN	NaN	1,000	1003,000	637,000	571,022	215,467
750,000	680,000	1430,000	8,871	38,235	16,053	4,000	52,002	6,962	15,765	1,401	55,233	260,000	142807,098	143146,403	143147,403	143150,639	143151,393	143151,653	143152,082	52087,098	52306,403	52307,403	52310,639	52311,393	52311,653	52312,083	3,852	6,707	0,629	1,648	-13,440	13,440	8,094	6,645	1,000	837,000	385,000	571,022	215,467
630,000	130,000	760,000	18,138	92,308	2,004	0,000	54,663	0,151	17,018	0,147	54,663	120,000	142807,098	143204,073	143205,073	143207,432	143208,072	143208,192	143208,213	52087,098	52324,073	52325,073	52327,432	52328,072	52328,192	52328,213	0,086	0,141	0,085	0,139	-13,440	13,440	NaN	1,539	1,000	1000,000	697,000	571,022	215,467
30,000	20,000	50,000	17,034	0,000	0,000	0,000	57,392	0,000	17,165	0,000	57,392	0,000	142807,098	143222,287	143223,287	143225,484	143225,685	143225,685	143225,712	52087,098	52342,287	52343,287	52345,484	52345,685	52345,685	52345,712	0,000	0,000	0,000	0,000	-13,440	13,440	NaN	NaN	1,000	1002,000	641,000	571,022	215,467
30,000	60,000	90,000	17,591	0,000	0,361	0,000	56,863	0,016	17,165	0,000	56,902	0,000	142807,098	143237,272	143238,272	143240,909	143241,110	143241,110	143241,173	52087,098	52357,272	52358,272	52360,909	52361,110	52361,110	52361,173	0,000	0,029	0,000	0,000	-13,440	13,440	0,035	NaN	1,000	1011,000	660,000	571,022	215,467
720,000	20,000	740,000	17,475	0,000	0,000	0,000	55,553	0,000	17,165	0,000	55,553	0,000	142807,098	143255,299	143256,299	143259,821	143300,543	143300,543	143300,572	52087,098	52375,299	52376,299	52379,821	52380,543	52380,543	52380,572	0,000	0,000	0,000	0,000	-13,440	13,440	NaN	NaN	1,000	987,000	677,000	571,022	215,467
680,000	70,000	750,000	17,736	0,000	0,376	0,000	55,335	0,016	17,165	0,000	55,374	0,000	142807,098	143311,874	143312,875	143314,485	143315,173	143315,173	143315,252	52087,098	52391,874	52392,875	52394,485	52395,173	52395,173	52395,252	0,000	0,029	0,000	0,000	-13,440	13,440	0,036	NaN	1,000	992,000	685,000	571,022	215,467
300,000	20,000	320,000	17,520	0,000	0,000	0,000	56,098	0,000	17,165	0,000	56,098	0,000	142807,098	143328,772	143329,772	143332,095	143332,402	143332,402	143332,433	52087,098	52408,772	52409,773	52412,095	52412,402	52412,402	52412,433	0,000	0,000	0,000	0,000	-13,440	13,440	NaN	NaN	1,000	997,000	670,000	571,022	215,467
750,000	680,000	1430,000	10,226	20,588	15,038	8,000	51,762	6,162	17,009	0,156	55,588	140,000	142807,098	143344,617	143345,617	143347,950	143348,704	143348,844	143349,392	52087,098	52424,618	52425,617	52427,950	52428,704	52428,844	52429,392	3,468	5,776	0,070	0,194	-13,440	13,440	12,371	0,721	1,000	853,000	445,000	571,022	215,467
360,000	1070,000	1430,000	5,843	19,626	14,275	13,000	53,225	10,378	16,425	0,740	56,166	210,000	142807,098	143359,970	143400,970	143403,514	143403,882	143404,092	143404,963	52087,098	52439,970	52440,970	52443,514	52443,882	52444,092	52444,963	7,038	8,140	0,326	0,921	-13,440	13,440	7,808	3,039	1,000	735,000	343,000	571,022	215,467
30,000	1400,000	1430,000	2,534	35,000	19,089	11,000	49,431	15,281	12,600	4,565	52,633	490,000	142807,098	143415,429	143416,428	143418,293	143418,494	143418,984	143419,902	52087,098	52455,429	52456,428	52458,293	52458,494	52458,984	52459,902	9,299	13,020	2,491	4,467	-13,440	13,440	5,322	11,990	1,000	658,000	192,000	571,022	215,467
490,000	940,000	1430,000	1,904	14,894	23,323	10,000	53,782	14,595	15,865	1,301	56,027	140,000	142807,098	143429,128	143430,128	143432,407	143432,902	143433,042	143433,852	52087,098	52469,128	52470,129	52472,407	52472,902	52473,042	52473,852	10,682	10,279	0,759	1,305	-13,440	13,440	0,222	9,510	1,000	605,000	274,000	571,022	215,467
80,000	20,000	100,000	19,285	0,000	0,000	0,000	54,388	0,000	17,165	0,000	54,388	0,000	142807,098	143443,211	143444,212	143447,863	143448,064	143448,064	143448,093	52087,098	52483,211	52484,212	52487,863	52488,064	52488,064	52488,093	0,000	0,000	0,000	0,000	-13,440	13,440	NaN	NaN	1,000	1022,000	732,000	571,022	215,467
760,000	670,000	1430,000	9,107	26,866	15,416	5,000	54,769	7,028	15,307	1,858	55,945	180,000	142807,098	143500,059	143501,060	143503,440	143504,202	143504,382	143504,882	52087,098	52500,059	52501,060	52503,441	52504,202	52504,382	52504,882	5,099	5,045	1,262	1,528	-13,440	13,440	3,263	10,559	1,000	790,000	454,000	571,022	215,467
430,000	1000,000	1430,000	9,127	21,000	12,465	12,000	52,855	7,439	16,523	0,642	55,821	210,000	142807,098	143517,008	143518,007	143519,215	143519,653	143519,863	143520,662	52087,098	52517,008	52518,007	52519,215	52519,653	52519,863	52520,662	4,664	6,372	0,267	0,776	-13,440	13,440	9,442	1,954	1,000	833,000	407,000	571,022	215,467
1720,000	150,000	1870,000	19,410	93,333	2,298	0,000	54,845	0,260	16,917	0,249	54,742	140,000	142807,098	143534,504	143535,504	143536,725	143538,452	143538,592	143538,614	52087,098	52534,504	52535,504	52536,725	52538,452	52538,592	52538,614	0,294	0,057	0,278	0,058	-13,440	13,440	NaN	1,802	1,000	1023,000	737,000	571,022	215,467
700,000	730,000	1430,000	8,216	30,137	18,067	4,000	52,445	7,671	16,628	0,538	55,609	220,000	142807,098	143550,881	143551,881	143554,959	143555,665	143555,884	143556,403	52087,098	52550,881	52551,881	52554,959	52555,665	52555,885	52556,403	4,771	6,655	0,172	0,745	-13,440	13,440	14,347	2,720	1,000	803,000	393,000	571,022	215,467
510,000	920,000	1430,000	7,746	13,043	11,631	14,000	50,994	8,411	16,275	0,890	54,389	120,000	142807,098	143607,694	143608,694	143611,067	143611,583	143611,703	143612,512	52087,098	52567,694	52568,694	52571,067	52571,583	52571,703	52572,512	5,056	7,309	0,440	0,944	-13,440	13,440	2,147	7,952	1,000	779,000	396,000	571,022	215,467
30,000	20,000	50,000	17,806	0,000	0,000	0,000	55,059	0,000	17,165	0,000	55,059	0,000	142807,098	143624,044	143625,044	143626,595	143626,796	143626,796	143626,823	52087,098	52584,044	52585,044	52586,595	52586,796	52586,796	52586,823	0,000	0,000	0,000	0,000	-13,440	13,440	NaN	NaN	1,000	989,000	691,000	571,022	215,467
1030,000	400,000	1430,000	10,096	72,500	19,191	2,000	55,028	5,941	12,967	4,199	55,445	290,000	142807,098	143637,669	143638,670	143642,415	143643,452	143643,742	143643,862	52087,098	52597,669	52598,670	52602,415	52603,452	52603,742	52603,862	4,335	4,333	3,063	3,128	-13,440	13,440	1,583	17,451	1,000	819,000	475,000	571,022	215,467
960,000	470,000	1430,000	15,085	40,426	9,252	5,000	54,964	1,273	16,944	0,221	55,701	190,000	142807,098	143655,769	143656,770	143657,807	143658,772	143658,962	143659,254	52087,098	52615,769	52616,770	52617,807	52618,772	52618,962	52619,254	0,798	1,201	0,114	0,227	-13,440	13,440	8,260	0,764	1,000	950,000	595,000	571,022	215,467
740,000	690,000	1430,000	8,257	39,130	16,003	8,000	55,618	7,734	14,927	2,238	56,128	270,000	142807,098	143713,447	143714,447	143717,567	143718,312	143718,582	143719,012	52087,098	52633,447	52634,447	52637,567	52638,312	52638,582	52639,012	5,938	5,172	1,644	1,707	-13,440	13,440	7,960	6,085	1,000	759,000	441,000	571,022	215,467
580,000	850,000	1430,000	8,230	15,294	13,604	9,000	51,070	7,780	16,704	0,461	55,451	130,000	142807,098	143729,289	143730,290	143733,269	143733,852	143733,982	143734,714	52087,098	52649,289	52650,290	52653,269	52653,852	52653,982	52654,714	4,346	7,271	0,171	0,568	-13,440	13,440	8,427	2,383	1,000	813,000	380,000	571,022	215,467
810,000	140,000	950,000	17,533	0,000	1,429	0,000	57,043	0,125	17,165	0,000	57,191	0,000	142807,098	143745,780	143746,780	143749,160	143749,972	143749,972	143750,123	52087,098	52665,780	52666,780	52669,160	52669,972	52669,972	52670,123	0,056	0,143	0,000	0,000	-13,440	13,440	1,335	NaN	1,000	1018,000	650,000	571,022	215,467
30,000	20,000	50,000	16,219	0,000	0,000	0,000	57,665	0,000	17,165	0,000	57,665	0,000	142807,098	143805,498	143806,498	143809,067	143809,268	143809,268	143809,292	52087,098	52685,498	52686,498	52689,067	52689,268	52689,268	52689,292	0,000	0,000	0,000	0,000	-13,440	13,440	NaN	NaN	1,000	981,000	621,000	571,022	215,467
600,000	830,000	1430,000	8,317	28,916	16,616	4,000	54,465	7,365	15,925	1,240	57,289	240,000	142807,098	143832,938	143833,939	143837,068	143837,672	143837,913	143838,513	52087,098	52712,938	52713,939	52717,068	52717,673	52717,913	52718,513	4,875	6,041	0,823	1,109	-13,440	13,440	7,099	2,996	1,000	809,000	391,000	571,022	215,467
600,000	830,000	1430,000	7,710	16,867	12,869	12,000	54,098	8,226	16,166	0,999	57,321	140,000	142807,098	143849,918	143850,918	143854,396	143855,003	143855,143	143855,843	52087,098	52729,918	52730,919	52734,396	52735,003	52735,143	52735,843	5,532	6,549	0,704	0,821	-13,440	13,440	4,340	7,173	1,000	788,000	383,000	571,022	215,467
590,000	840,000	1430,000	9,076	20,238	15,951	6,000	52,824	6,768	16,117	1,049	56,934	170,000	142807,098	143906,164	143907,164	143910,323	143910,922	143911,092	143911,772	52087,098	52746,164	52747,164	52750,323	52750,922	52751,092	52751,772	3,858	6,333	0,617	1,002	-13,440	13,440	1,672	4,987	1,000	845,000	386,000	571,022	215,467
240,000	20,000	260,000	17,237	0,000	0,000	0,000	57,782	0,000	17,165	0,000	57,782	0,000	142807,098	143925,617	143926,617	143929,569	143929,812	143929,812	143929,842	52087,098	52765,617	52766,617	52769,569	52769,812	52769,812	52769,842	0,000	0,000	0,000	0,000	-13,440	13,440	NaN	NaN	1,000	1014,000	639,000	571,022	215,467
